,endDate,ROC,EY
0,2025-12-31,0.9036588882219806,0.11153103209477186
1,2024-12-31,0.6241352284560823,0.14109414079108595
2,2023-12-31,0.8403385386268716,0.10121755668854937
3,2022-12-31,0.6460898768591077,0.0936225197415467
4,2021-12-31,0.5852864559748933,0.08996237807476182
5,2020-12-31,0.5980883493995515,0.0857871440864519
6,2019-12-31,0.6373507418804798,0.07361479947767088
7,2018-12-31,0.8248503390825328,0.09279888548204583
8,2017-12-31,1.1058296554709006,0.06935927557583743
9,2016-12-31,1.1985933868814798,0.09653840080702075
10,2015-12-31,1.0848470229653853,0.10487719128960984
11,2014-12-31,1.0819659872753435,0.1020539377994545
12,2013-12-31,0.8924908303390843,0.09911912576718461
13,2012-12-31,0.7620463003238123,0.0002038994418515453
