,endDate,ROC,EY
0,2025-12-31,0.7197539101457827,0.06992314840222544
1,2024-12-31,0.6907103492662262,0.08932552742702925
2,2023-12-31,3.0512143769148596,0.2597998452638959
3,2022-12-31,0.20683581650380403,inf
4,2021-12-31,0.456978239219387,inf
5,2020-12-31,0.22028339298403224,inf
6,2019-12-31,0.19332132532495055,inf
7,2018-12-31,6.0245371067288875,inf
8,2017-12-31,1.9497799782782728,inf
9,2016-12-31,4.2876908396946565,inf
10,2015-12-31,3.291679761156505,inf
11,2014-12-31,1.9775441756742007,inf
12,2013-12-31,2.1048422298106337,inf
13,2012-12-31,0.8974869306175728,inf
