,endDate,ROC,EY
0,2025-12-31,0.3505090340246849,0.16061980238649406
1,2024-12-31,0.3166629062337596,0.14650659502001306
2,2023-12-31,0.30791712960627354,0.07835989328883611
3,2022-12-31,0.15202130302940142,0.056628497073777706
4,2021-12-31,0.13254725765351225,0.030824462043275113
5,2020-12-31,0.044680539755166115,0.025627530680434264
6,2019-12-31,0.11824120014236647,0.05332775029971022
7,2018-12-31,0.08079676782830553,0.04580149596576926
8,2017-12-31,0.19825198314100087,0.08613616817448859
9,2016-12-31,0.14408284317791537,0.07653277036375614
10,2015-12-31,0.23068492606400942,0.12734256137834327
11,2014-12-31,0.4282055888434483,0.14449377813324005
12,2013-12-31,0.07125547572999316,0.14663502369511147
13,2012-12-31,0.34640509878396786,
