,endDate,ROC,EY
0,2025-12-31,0.0649414779438624,0.014982780505592373
1,2024-12-31,0.31932506142645434,0.12252830350361181
2,2023-12-31,0.24283389218474274,0.06857824033918476
3,2022-12-31,0.1332966943760219,0.03949330159603312
4,2021-12-31,0.26509852750790064,0.10787885345682062
5,2020-12-31,0.16760978963506926,0.0741497102808222
6,2019-12-31,0.17459259885263909,0.0718196028959604
7,2018-12-31,0.4283819543837321,0.1517722590795959
8,2017-12-31,0.16034942436656427,0.044873040314392716
9,2016-12-31,0.7196600017284597,0.15564689441938817
10,2015-12-31,-0.4061766134359094,-0.15453840068637628
11,2014-12-31,-0.04610792551202986,-0.02697818797475484
12,2013-12-31,-0.11954371280267413,-0.10608004515711594
13,2012-12-31,-0.1305194602712555,-0.11341890439926886
