,endDate,ROC,EY
0,2025-12-31,0.2157618616827083,0.1285983092513926
1,2024-12-31,0.08297660193880774,0.04139893008241607
2,2023-12-31,0.369151086741098,0.07984245609285755
3,2022-12-31,0.38212239358129346,0.07247531657864188
4,2021-12-31,0.8812594057901202,0.06280754870257722
5,2020-12-31,0.09498221191028616,0.3671904605824674
6,2019-12-31,0.27204642116569006,0.04647838845143023
7,2018-12-31,0.2857840907649472,0.05013412678181116
8,2017-12-31,0.3067460533382328,0.04665201831592849
9,2016-12-31,0.2620585989114228,0.1020434035452945
10,2015-12-31,0.2611492281303602,0.11681355172129838
11,2014-12-31,0.2871705216695827,0.09832336321016916
12,2013-12-31,0.3107941796992733,0.0904540985806522
13,2012-12-31,0.28666202867680135,0.05969768538935645
