,endDate,ROC,EY
0,2025-12-31,0.7137207589009235,0.06054245481777717
1,2024-12-31,0.8781876214499714,0.07478625331669916
2,2023-12-31,0.6941631889899134,0.05004857443796658
3,2022-12-31,0.6379241310603446,0.07632057555059328
4,2021-12-31,0.699233407711189,0.10468007049701415
5,2020-12-31,0.6805565627915796,0.05632217511177909
6,2019-12-31,1.0413949314761741,0.1428379694135025
7,2018-12-31,1.0191453138566962,0.14611130276970558
8,2017-12-31,0.9363247065236043,0.09642054319994418
9,2016-12-31,0.1300379046450951,0.18870872926440205
10,2015-12-31,0.3269409579047198,0.988273203024123
11,2014-12-31,1.0942733729442042,0.23349903627390517
12,2013-12-31,0.7412194217088758,0.34842152786032676
13,2012-12-31,0.6487066017009245,0.2650837231497999
