,endDate,ROC,EY
0,2025-12-31,3.983830098935857,0.16691895154972985
1,2024-12-31,5.994062618640122,0.17708568175214381
2,2023-12-31,19.545106792025493,0.17696640332306532
3,2022-12-31,5.164467900074341,0.08626097073905742
4,2021-12-31,2.753881106650307,0.12576554784336988
5,2020-12-31,3.7892938407321006,0.08094796569335365
6,2019-12-31,12.013021237017517,0.17121286306330746
7,2018-12-31,1.5809187180329765,0.09924217577308604
8,2017-12-31,1.4160784922841223,0.1087869317414102
9,2016-12-31,16.50371462131811,0.09813143918574906
10,2015-12-31,-20.061499736684727,0.12859004255191575
11,2014-12-31,1.2718091743866549,0.09758775773730241
12,2013-12-31,1.403860813121379,0.10502599737383128
13,2012-12-31,0.0,
