,endDate,ROC,EY
0,2025-12-31,0.24015749849603227,0.2053513150890422
1,2024-12-31,0.14564262869685426,0.12702817355788132
2,2023-12-31,0.14558492789058297,0.15081789842829088
3,2022-12-31,0.2401229175345464,0.16855162326668804
4,2021-12-31,0.18320458840897844,0.16982399334660275
5,2020-12-31,0.19901710387921662,0.18127836622661855
6,2019-12-31,0.23303514423946878,0.13197968168502786
7,2018-12-31,0.11762804007269266,0.0859066961874777
8,2017-12-31,0.1433437443369254,0.12164806618383749
9,2016-12-31,0.17640236124353098,0.15536969286763028
10,2015-12-31,0.226886829734868,0.13499731089748068
11,2014-12-31,0.14455466040603204,0.13614556434465355
12,2013-12-31,0.1637218605668664,0.13407142343426345
13,2012-12-31,0.16998033007451172,0.1392863616186562
