,endDate,ROC,EY
0,2025-12-31,2.162671970523267,0.06043757858096764
1,2024-12-31,4.72325805638074,0.21754225374257294
2,2023-12-31,9.610381557443812,0.2525454590070189
3,2022-12-31,55.2749917876812,0.495015631962555
4,2021-12-31,32.76060689023917,1.4575393678527653
5,2020-12-31,3.8419070165055564,0.32143224658230507
6,2019-12-31,-1.7300187729719154,-0.15503258154487834
7,2018-12-31,11.54588616387019,0.6756472323920913
8,2017-12-31,-3.804792673219404,1.3422975473179777
9,2016-12-31,0.4949465920039298,0.6375462801619127
10,2015-12-31,-7.205281808977388,-1.4926695632682137
11,2014-12-31,-0.2165925825642877,0.027943225304631857
12,2013-12-31,0.01807814734511233,0.007128020914487904
13,2012-12-31,-4.440987559167913,0.18983604245296895
