,endDate,ROC,EY
0,2025-12-31,-0.05701574615796087,-0.029679406582717914
1,2024-12-31,-0.020396592132409446,-0.014920077686721678
2,2023-12-31,-0.05060537954034655,-0.043847605385999876
3,2022-12-31,0.08217312423477345,0.06760718491309413
4,2021-12-31,0.4813511986655007,0.27559062167165693
5,2020-12-31,-0.001610678278103997,-0.0011745171727555604
6,2019-12-31,-0.0013440797631447238,-0.0009385258127940752
7,2018-12-31,0.27654344036388356,0.15409335553203396
8,2017-12-31,0.3270546296077565,0.18530288396219807
9,2016-12-31,0.2638589123239122,0.14204960406897582
10,2015-12-31,0.20277606486036004,0.13917462133075517
11,2014-12-31,0.1202587774947045,0.10103655654191696
12,2013-12-31,0.1021753345732705,0.08112053666157398
13,2012-12-31,0.07253289748937948,0.06247592594412326
