,endDate,ROC,EY
0,2025-12-31,1.6044561438953229,0.12091218799249877
1,2024-12-31,5.482017382965227,0.20775831421244703
2,2023-12-31,3.5572960691333435,0.18854002262023611
3,2022-12-31,1.2179736650036321,0.15055430957894814
4,2021-12-31,1.4850308471197178,0.16512525443712428
5,2020-12-31,0.5758255590760355,0.10152598016079314
6,2019-12-31,0.6650973533934492,0.06436365424074394
7,2018-12-31,0.3533225010602944,0.06041504135188106
8,2017-12-31,1.0019254328906253,0.09199354682157637
9,2016-12-31,2.944314500738885,0.059122031359157765
10,2015-12-31,16.85941750449609,0.16333304015685765
11,2014-12-31,2.825974423210635,0.17307992682777046
12,2013-12-31,0.6645451350631273,0.1878225995681666
13,2012-12-31,0.6287468990808281,0.11078526268544366
