,endDate,ROC,EY
0,2025-12-31,0.24194888381180019,0.07881708551077192
1,2024-12-31,0.24933308276486688,0.1341855375334864
2,2023-12-31,0.14397373486148113,0.04262747969160052
3,2022-12-31,0.06006742990047118,0.020822310457858925
4,2021-12-31,0.011072144048023539,0.005164894003863987
5,2020-12-31,-0.38745516516992795,-0.1536237159687827
6,2019-12-31,0.1341061723305439,0.030151291772754732
7,2018-12-31,0.22702973001856142,0.054529083728581125
8,2017-12-31,0.4110816679681975,0.06736630596588293
9,2016-12-31,0.5819038872322214,0.09735186504859701
10,2015-12-31,0.7154065709263729,0.10131946279958325
11,2014-12-31,0.5402513934292634,0.047362901474578535
12,2013-12-31,0.6763643494555192,0.21340473534318136
13,2012-12-31,0.4469272099411957,0.11779905900722053
