,endDate,ROC,EY
0,2025-12-31,1.3620204208111402,0.11389366201667059
1,2024-12-31,1.2123442931577086,0.1594093470786534
2,2023-12-31,1.2557421985719637,0.16795304284687188
3,2022-12-31,0.9373320019463244,0.22436770376816273
4,2021-12-31,0.6501955561477111,0.17371823082776447
5,2020-12-31,0.6232897008747823,0.1993948333295963
6,2019-12-31,0.5035608529292086,0.12397282317803061
7,2018-12-31,0.3870875327155887,0.11720959641060064
8,2017-12-31,0.4173179447557709,0.11672691083895177
9,2016-12-31,0.2347269584150399,0.09423148327667905
10,2015-12-31,0.2030907964434635,0.09958541939556378
11,2014-12-31,0.24352190177585206,0.1058197487475067
12,2013-12-31,0.24718051259545876,0.13495483322967794
13,2012-12-31,0.275765481719564,0.11241571396442372
