,endDate,ROC,EY
0,2025-12-31,0.6334063161457743,0.08238268898045513
1,2024-12-31,0.362357587847853,0.095977186028048
2,2023-12-31,0.24256712210664613,0.08779143607255104
3,2022-12-31,0.2382522393571305,0.08149864892547026
4,2021-12-31,0.4078674582305746,0.17778278470730077
5,2020-12-31,0.3781185383045329,0.1524714404581414
6,2019-12-31,0.24253261595487516,0.21344882084662226
7,2018-12-31,0.22119187186645226,0.16416582699620424
8,2017-12-31,0.22728976783631255,0.16269180979187892
9,2016-12-31,0.26611555895083316,0.18269792218297035
10,2015-12-31,0.17613222009380675,0.20941176728734492
11,2014-12-31,0.18061891179343426,0.20695694245171128
12,2013-12-31,0.13162182478783077,0.20582343659153368
13,2012-12-31,0.10289926677051359,0.23592062248283902
