,endDate,ROC,EY
0,2025-12-31,-0.0032214033842110712,-0.0018373645883148304
1,2024-12-31,0.07463870192050691,0.039964371182850726
2,2023-12-31,0.2939824885939469,0.13211933653453933
3,2022-12-31,0.2076191380279348,0.0849941053260323
4,2021-12-31,0.21888891279975597,0.105987947658276
5,2020-12-31,0.3906486896078826,0.05135883106468599
6,2019-12-31,0.5803787541930011,0.20065990203949402
7,2018-12-31,0.6725065587946475,0.17894912683986328
8,2017-12-31,0.895552989676293,0.18708242293244368
9,2016-12-31,0.8049349624724201,0.20868079774734216
10,2015-12-31,0.913120846587509,0.13953425854039936
11,2014-12-31,1.2201176670119067,0.1091103728965302
12,2013-12-31,0.5788999557143604,0.08497271723524602
13,2013-03-31,0.17210217404504674,0.08588129955383617
