,endDate,ROC,EY
0,2025-12-31,0.8190770370932638,0.2767618955164236
1,2024-12-31,0.807507131584722,0.3512702000429018
2,2023-12-31,0.7787433515847385,0.4205317586921823
3,2022-12-31,0.6304627119941039,0.3281563009413096
4,2021-12-31,0.39828503225533335,0.2390906318640128
5,2020-12-31,0.5991934627143812,0.34438831433304706
6,2019-12-31,0.49894048537731633,0.32750383305918235
7,2018-12-31,0.4206798518040179,0.1740973203369556
8,2017-12-31,0.4316223718741414,0.2194236335284756
9,2016-12-31,1.0932582179658672,0.1799766778999122
10,2015-12-31,0.5317883416952042,0.07196393280575963
11,2014-12-31,1.632655781416731,0.14353503206175455
12,2013-12-31,1.8340660866930139,0.18358600598713817
13,2012-12-31,1.306206789198344,0.20194422487040134
