,endDate,ROC,EY
0,2025-12-31,0.13314778549631398,0.07527850399282829
1,2024-12-31,0.09468896962566473,0.07154819441437686
2,2023-12-31,0.14412417831071508,0.08629891290386085
3,2022-12-31,0.22144231867648267,0.1591613137044165
4,2021-12-31,0.642639506304246,0.5062980740670627
5,2020-12-31,0.2013776291708394,0.103048925742102
6,2019-12-31,0.17022887669426037,0.08494770329436688
7,2018-12-31,0.3730138452908838,0.19326643466919216
8,2017-12-31,0.15560704276141077,0.08345807441168919
9,2016-12-31,0.07755808805692367,0.0530655432871246
10,2015-12-31,0.1786822318053941,0.166370008763174
11,2014-12-31,0.11184054073104165,0.07824643169595609
12,2013-12-31,0.12115908051337286,0.07815284218832688
13,2012-12-31,0.018270193769165714,0.021391361743052444
