,endDate,ROC,EY
0,2025-12-31,-0.5065178587858602,0.20068112467226562
1,2024-12-31,-0.4208041220871773,0.09062444398163981
2,2023-12-31,1.532259958662157,-0.058858883351685334
3,2022-12-31,0.03487933845017025,-0.023566219489921464
4,2021-12-31,1.4614061244120011,-0.1277469635467817
5,2020-12-31,134.65454370981672,-0.2614314243092743
6,2019-12-31,1.8012810043634981,0.0507872769414755
7,2018-12-31,0.5385761782605514,0.08851951735038129
8,2017-12-31,0.6693322857021615,0.10740428450779323
9,2016-12-31,1.4136446559396145,0.22326142529984153
10,2015-12-31,1.1883743933726933,0.3357035833699278
11,2014-12-31,1.7306262816131237,0.4000696928406802
12,2013-12-31,2.3469945113705664,0.3065797531819746
13,2012-12-31,1.2409521199394744,
