,endDate,ROC,EY
0,2025-12-31,0.19725564748678492,0.11674221943427804
1,2024-12-31,0.23244719511001657,0.19206624869127684
2,2023-12-31,0.17420410760413277,0.10427010859132203
3,2022-12-31,0.16324794574661855,0.12325378804492684
4,2021-12-31,0.1924604622402965,0.15491960099789878
5,2020-12-31,0.547698915222408,0.22709154483289506
6,2019-12-31,0.18118851750297862,0.06658193844035351
7,2018-12-31,0.012171680059491343,0.010714975660831239
8,2017-12-31,0.0037382504507772574,0.0037393883349671943
9,2016-12-31,0.04176968152206904,0.053711059201398285
10,2015-12-31,0.12142689534181299,0.19095825476869854
11,2014-12-31,0.20192418898123923,0.1896937581178051
12,2013-12-31,0.20206238853012792,0.15820385363856207
13,2012-12-31,0.16391749250513685,0.14042558132843863
