,endDate,ROC,EY
0,2025-12-31,0.2103974356981561,0.06809015443660332
1,2024-12-31,0.2299108651893087,0.12185484698801947
2,2023-12-31,0.15939855124105273,0.09825855946097312
3,2022-12-31,0.18780021136647082,0.0977635271234133
4,2021-12-31,0.13132205904723632,0.09946663590845835
5,2020-12-31,0.10136624927031236,0.07590111894681292
6,2019-12-31,0.10059082265105926,0.07066877272803328
7,2018-12-31,-0.01984061580141486,-0.013279511459455239
8,2017-12-31,-0.0773476903910437,-0.06899962164535973
9,2016-12-31,0.0016127335906850645,0.0018389264497781666
10,2015-12-31,0.08808265257347189,0.1164457554113641
11,2014-12-31,0.12357699661714958,0.1819633729801067
12,2013-12-31,0.1435682215576804,0.23128929341713067
13,2012-12-31,0.1263764664462302,0.208104116495913
