,endDate,ROC,EY
0,2025-12-31,1.5407669753241913,0.12979921368571257
1,2024-12-31,-2.037010698853064,0.15404022391802133
2,2023-12-31,8.121280309132723,0.12161988398867894
3,2022-12-31,-1.8310454905377924,0.09768041294241739
4,2021-12-31,-1.4894037552174269,0.10137775322243124
5,2020-12-31,-2.580222043995719,0.05666383217802613
6,2019-12-31,-0.7005260354534689,0.0484619216012869
7,2018-12-31,0.7385287718438338,0.10798773741971728
8,2017-12-31,1.2898148226998671,0.11787331646097644
9,2016-12-31,6.991144531003169,0.09407058527271199
10,2015-12-31,3.6234291669220866,0.13351351336852504
11,2014-12-31,7.3903540457734875,0.1367871760958979
12,2013-12-31,1.5255906231569107,0.12158775472437344
13,2012-12-31,2.0448972673280923,0.11593415661308037
