,endDate,ROC,EY
0,2025-12-31,0.13154975024079307,0.04425670499958164
1,2024-12-31,0.14706459593465987,0.07026413979939636
2,2023-12-31,0.07402569949399702,0.0581369193869138
3,2022-12-31,-0.025032525641435186,-0.025836986754304746
4,2021-12-31,0.039418320053282406,0.03237410182354522
5,2020-12-31,-0.05638757059922089,-0.07868226364425067
6,2019-12-31,-0.05002542245498376,-0.0544374456444656
7,2018-12-31,0.004428760180004817,0.00476666022542139
8,2017-12-31,0.050252940299070216,0.05105094210308871
9,2016-12-31,0.038270526157353754,0.03951840739813973
10,2015-12-31,0.052719433463489375,0.036603368586242434
11,2014-12-31,0.09289903864892263,0.05981986145263946
12,2013-12-31,0.14080780541457935,0.10201837415154626
13,2012-12-31,0.13815973736927134,0.09482153186849973
