,endDate,ROC,EY
0,2025-12-31,0.620083631601135,0.03629861811532956
1,2024-12-31,0.9232779611296679,0.04700926919846596
2,2023-12-31,1.284083882584766,0.03662522847933602
3,2022-12-31,1.6955637884325774,0.041484737908249886
4,2021-12-31,1.1081065027533905,0.036627279762340655
5,2020-12-31,1.6780990809235596,0.020159718890694244
6,2019-12-31,0.8978360717074627,0.017349649994795945
7,2018-12-31,0.7732369640939474,0.02965391371387046
8,2017-12-31,0.8129016291426449,0.019658985354091996
9,2016-12-31,0.7553746924788858,0.02503179474349326
10,2015-12-31,0.6765697769042015,0.023912199525675804
11,2014-12-31,0.7161714402956283,0.03239783558416394
12,2013-12-31,0.3228351648509164,0.01976565849956357
13,2012-12-31,0.45592072889540547,0.022993282251625766
