,endDate,ROC,EY
0,2025-12-31,0.5146693417701983,0.07684723648701294
1,2024-12-31,0.507758004079484,0.1433003113180038
2,2023-12-31,0.4326767845873688,0.07516311745429738
3,2022-12-31,1.115982885992474,0.06538270881139231
4,2021-12-31,0.5552363969369382,0.09967268935153434
5,2020-12-31,0.7991991676503971,0.12310397676317444
6,2019-12-31,0.8159853779823388,0.11550841901615695
7,2018-12-31,0.6925475587761288,0.1584155585529093
8,2017-12-31,0.41111390304776485,0.20573539874169175
9,2016-12-31,0.4678354845391753,0.2093103000871161
10,2015-12-31,0.39980819836733195,0.17318319968315216
11,2014-12-31,0.7456993691573115,0.20337542365242772
12,2013-12-31,0.20685944826488675,0.07520835580170963
13,2012-12-31,0.49737202480055415,0.10865907958303206
