,endDate,ROC,EY
0,2025-12-31,0.1496524703697206,0.1077985376909292
1,2024-12-31,0.14731685653915141,0.15020991322269128
2,2023-12-31,0.08825533742216746,0.07367833926186525
3,2022-12-31,0.12533300712227477,0.14547295183408804
4,2021-12-31,0.17417741820294183,0.153408044894494
5,2020-12-31,0.1499241205330643,0.05542728283779168
6,2019-12-31,0.10310017650131864,0.03884213021034435
7,2018-12-31,0.001834637583586303,0.0010059456743766384
8,2017-12-31,0.23838886604948645,0.1795699239314605
9,2016-12-31,0.09223369033136887,0.15144995220562682
10,2015-12-31,0.2673554080386107,0.4518007500397465
11,2014-12-31,0.38602948981974905,0.24230965029609533
12,2013-12-31,0.4746520078014374,0.30164298498491743
13,2012-12-31,0.3076577247149195,0.1990529287939787
