,endDate,ROC,EY
0,2025-12-31,0.2624075751259087,0.2861857469585611
1,2024-12-31,0.2327166261648994,0.29208168785607297
2,2023-12-31,0.24356559599226385,0.2063702174926943
3,2022-12-31,0.23667217420789782,0.07772195675866136
4,2021-12-31,0.3176255093943723,0.09563678428925304
5,2020-12-31,0.32360057517693724,0.0581716147034845
6,2019-12-31,0.3762492015655025,0.06404931959624777
7,2018-12-31,0.31607280393709036,0.09727589153668603
8,2017-12-31,0.3755456520694812,0.06975345408844479
9,2016-12-31,0.3407454626416451,0.13215004145398077
10,2015-12-31,0.203534320432292,0.16490540783397753
11,2014-12-31,0.16032965993010145,0.11504849121646728
12,2013-12-31,0.13570750343860233,0.10807372700828785
13,2012-12-31,0.2543039897003279,0.13266053466316066
