,endDate,ROC,EY
0,2025-12-31,0.07385090360339243,0.036252981678372966
1,2024-12-31,0.14240169199152933,0.08512433536423353
2,2023-12-31,0.2490137221984391,0.11428340422340305
3,2022-12-31,0.4530922879008157,0.1673674372260879
4,2021-12-31,0.5502372550634641,0.23638168289467706
5,2020-12-31,0.17317193465054267,0.06853060765150719
6,2019-12-31,0.11582160251530157,0.04982439042099979
7,2018-12-31,0.1648879561920383,0.07784653912882912
8,2017-12-31,0.04118309270501925,0.02297608346038973
9,2016-12-31,-0.057361546763758826,-0.03601445323332497
10,2015-12-31,-0.0855867773487261,-0.08789298170805043
11,2014-12-31,0.08272952474326756,0.07267163555211846
12,2013-12-31,0.08511901559431993,0.04807005002950252
13,2012-12-31,0.08304177241220416,0.04056571097381166
