,endDate,ROC,EY
0,2025-12-31,0.07354264212166418,0.14417515998822739
1,2024-12-31,0.14194159956809377,0.35469487778881903
2,2023-12-31,0.24609877131491759,0.48371863970788287
3,2022-12-31,0.4410187335696166,0.7921890463733946
4,2021-12-31,0.5381879004930323,1.0344923121867466
5,2020-12-31,0.16455398034696922,0.25602099621855995
6,2019-12-31,0.11532100472617272,0.15378582239227825
7,2018-12-31,0.16793445644038762,0.19680998722965515
8,2017-12-31,0.04081784885594707,0.050560506512840546
9,2016-12-31,-0.05828086590087867,-0.06973130394034785
10,2015-12-31,-0.08961398985642582,-0.11795948697827045
11,2014-12-31,0.08352584637880968,0.10602265778839866
12,2013-12-31,0.08407509126712545,0.0839746981164312
13,2012-12-31,0.0859777102029973,0.07140515170234814
