,endDate,ROC,EY
0,2025-12-31,0.286377990651968,0.21545661841714472
1,2024-12-31,0.27438042594660833,0.09610388375968722
2,2023-12-31,0.3606367908650919,0.09031556503657194
3,2022-12-31,0.4057136684802236,0.07721967721114892
4,2021-12-31,0.33871210638721555,0.09550559071391072
5,2020-12-31,0.19332219031172757,0.07042224868138894
6,2019-12-31,0.2510796080409378,-2.1347418733049417
7,2018-12-31,0.31835314388789426,-1.8348101793684974
8,2017-12-31,0.37136818272914296,-2.308996558388952
9,2016-12-31,0.23472668457267126,0.09717843004137748
10,2015-12-31,0.1234081148206589,0.07601179744142236
11,2014-12-31,0.2598035045569746,0.08785020404396647
12,2013-12-31,0.2653346692461563,0.08478068800547858
13,2012-12-31,0.20660261842949462,0.07945172090147805
