,endDate,ROC,EY
0,2025-12-31,0.767898938335123,0.0936486502841866
1,2024-12-31,1.0627627788959355,0.1448870980949127
2,2023-12-31,1.0790304111121694,0.1116833325722641
3,2022-12-31,0.9995864544945294,0.12018537056758787
4,2021-12-31,1.6988334252197617,0.15469296395143414
5,2020-12-31,1.0470372381485742,0.2195293047172419
6,2019-12-31,0.6877708578143361,0.143530329206552
7,2018-12-31,1.0697733507070961,0.1876387387781319
8,2017-12-31,1.0904598920683213,0.3236524415977191
9,2016-12-31,6.673563933675389,1.404466367084662
10,2015-12-31,1.228823175087901,0.30408333646551244
11,2014-12-31,0.45578355781117835,0.22537812958010783
12,2013-12-31,-0.24901309337723548,-0.11545635064215932
13,2012-12-31,0.9509208498280494,0.3075681989955948
