,endDate,ROC,EY
0,2025-12-31,1.4812786134728582,0.10996027435510232
1,2024-12-31,1.4282726163500088,0.15084575055517827
2,2023-12-31,1.149959250203749,0.12236098954745772
3,2022-12-31,1.8561039580352885,0.16872211287031436
4,2021-12-31,1.7051165212862909,0.14540589750421884
5,2020-12-31,0.9763620654784477,0.07019284492843537
6,2019-12-31,1.470966015520471,0.08854536729897326
7,2018-12-31,1.3630372286562848,0.09766960538016174
8,2017-12-31,1.3953866146848604,0.10191845896822166
9,2016-12-31,1.2613427151848142,0.14077169197429432
10,2015-12-31,1.2813339166501896,0.20162984868867223
11,2014-12-31,1.29742790335152,0.14554029934472767
12,2013-12-31,1.049870468743708,0.12355375407923676
13,2012-12-31,-0.3157791121173344,-0.15474418887454403
