,endDate,ROC,EY
0,2025-12-31,0.4067996486976007,0.3013766052725506
1,2024-12-31,0.3140878754000006,0.17243950660913623
2,2023-12-31,0.3133475372248158,0.12728676077222287
3,2022-12-31,0.22453977602441577,0.14584135520554303
4,2021-12-31,0.4521323151276127,0.21734575728096214
5,2020-12-31,0.4389649267361836,0.15355998252492287
6,2019-12-31,0.42176616692185454,0.12236841209253624
7,2018-12-31,0.45831607225799975,0.13557433699242918
8,2017-12-31,0.31107305646317085,0.0716301687455761
9,2016-12-31,-0.11887529394245863,-0.05998402972268667
10,2015-12-31,0.5393284872192272,0.15217768398884202
11,2014-12-31,0.1701390692328282,0.0643244450845087
12,2013-12-31,0.3532208264492843,0.16120987878679463
13,2012-12-31,0.19665741219289243,0.07994585998316713
