,endDate,ROC,EY
0,2025-12-31,0.11316752366286252,0.030150863707850122
1,2024-12-31,0.12022392132685811,0.025682730178345353
2,2023-12-31,0.11282690338062774,0.02887339069719371
3,2022-12-31,0.21031113288289463,0.05187474903262958
4,2021-12-31,0.19029894793063906,0.03735174352255959
5,2020-12-31,0.12948847684164647,0.02173575952266285
6,2019-12-31,0.10394461617179114,0.0241750527614665
7,2018-12-31,0.15366662391861596,0.03382989394953769
8,2017-12-31,0.07506629384344975,0.017453135347341178
9,2016-12-31,0.07432290597051967,0.016407879348726846
10,2015-12-31,0.0851370473380227,0.014174418791365
11,2014-12-31,0.12377741642083309,0.026931158139540043
12,2013-12-31,0.12497032762544408,
13,2012-12-31,0.20439980621887247,
