,endDate,ROC,EY
0,2025-12-31,0.18389393139555504,0.13050302515695822
1,2024-12-31,0.12821537982242068,0.10428706824056673
2,2023-12-31,0.08903730269780692,0.06245115499343301
3,2022-12-31,0.12250541411918722,0.08571995698534929
4,2021-12-31,0.07322454032921104,0.04560576182718889
5,2020-12-31,0.12038785818864729,0.03081661056376431
6,2019-12-31,0.27664036066416414,0.04759515678144997
7,2018-12-31,0.39545870783731607,0.055862147216989504
8,2017-12-31,0.28764005063579007,0.058087895796778116
9,2016-12-31,0.34687561660199195,0.07743966002077249
10,2015-12-31,0.316594351988486,0.10685168712919034
11,2014-12-31,0.2899626398114854,0.32480282316240794
12,2013-12-31,0.305080488959731,0.3188875827115372
13,2012-12-31,0.34566797184835535,0.2784217308845497
