,endDate,ROC,EY
0,2025-12-31,0.24688572140693296,0.12552490049575807
1,2024-12-31,0.19751690533857388,0.12094157559401927
2,2023-12-31,-0.04653238410010587,-0.002501322417924392
3,2022-12-31,0.06137635742798371,0.004309277253169222
4,2021-12-31,0.03233415178381255,0.0010354900281915704
5,2020-12-31,0.11603383513400216,0.000554596712180209
6,2019-12-31,0.15735168268314914,0.007308938874506806
7,2018-12-31,0.6082810052613966,0.10505393923010896
8,2017-12-31,0.5250738195962636,0.20945479235662515
9,2016-12-31,0.7194507878793883,0.4446143986353867
10,2015-12-31,0.3184485071934334,0.22319599502934778
11,2014-12-31,0.4341932682213242,0.271091768800238
12,2013-12-31,0.40110051416867276,0.2487956337518477
13,2012-12-31,0.14281777716129118,0.08267641181281589
