,endDate,ROC,EY
0,2025-12-31,0.7057050633631615,0.15049151797081037
1,2024-12-31,0.982289655621638,0.1245745470799992
2,2023-12-31,1.840728222588434,0.14495051405020887
3,2022-12-31,3.4952872172269847,0.18092852424954445
4,2021-12-31,1.1407060351567821,0.06766116604877657
5,2020-12-31,1.214584543280236,0.04088380084875678
6,2019-12-31,1.9909909555973992,0.05766014259169442
7,2018-12-31,3.0584778496544236,0.06889670201537802
8,2017-12-31,2.449427277001325,0.10806866182985587
9,2016-12-31,-2.3597561266565745,0.1234737980741912
10,2015-12-31,-0.9133900822856462,0.10473941540511182
11,2014-12-31,-2.1466031874210216,0.11835896513301933
12,2013-12-31,-2.808040526197557,0.12213334210596022
13,2012-12-31,-1.5815555813086053,0.10978439901512849
