,endDate,ROC,EY
0,2025-12-31,0.022093487397841668,0.010002478794770807
1,2024-12-31,0.06376764185630703,0.022153015127861435
2,2023-12-31,0.009959085083097867,0.0037015954835035243
3,2022-12-31,0.06021505351330064,0.024071298952135792
4,2021-12-31,0.185313900848504,0.07404177214733336
5,2020-12-31,0.12947155629260407,0.04333990028850559
6,2019-12-31,0.13514019402652572,0.046358433481000404
7,2018-12-31,0.13438778228392437,0.07122881456004157
8,2017-12-31,0.1269970276549107,0.06161852672560174
9,2016-12-31,0.10490274836122611,0.0676800923273431
10,2015-12-31,0.128620869703021,0.08941998800998606
11,2014-12-31,0.21257379842774013,0.13504946938259754
12,2013-12-31,0.13830446643162497,0.08929315219403602
13,2012-12-31,0.19081427298149217,0.10038343704657725
