,endDate,ROC,EY
0,2025-12-31,3.7301604757087046,0.09781539099101895
1,2024-12-31,2.2569457866637093,0.11537881525890965
2,2023-12-31,1.9917622804792396,0.07664506566066352
3,2022-12-31,1.8230607235338308,0.07659937028827377
4,2021-12-31,1.0505609966860738,0.04921266733670962
5,2020-12-31,1.2103760089106141,0.08086185498484823
6,2019-12-31,1.4196422094513448,0.037701407642727544
7,2018-12-31,1.1493226509697927,0.051551585883891866
8,2017-12-31,1.0127001040593602,0.10938644262075105
9,2016-12-31,3.0951867306291216,0.11518294373704341
10,2015-12-31,2.2654195756232447,0.22014049714915526
11,2014-12-31,1.5274275425620718,0.21642450985852926
12,2013-12-31,1.4974722005219667,0.16615091457682232
13,2012-12-31,1.6945243274291528,0.13024758840663309
