,endDate,ROC,EY
0,2025-12-31,-0.0344055416619147,-0.015693078303167803
1,2024-12-31,-0.073823230612936,-0.044195624430449165
2,2023-12-31,0.08596825396825397,0.07157293308311351
3,2022-12-31,-0.03200045256002856,-0.05091665295371559
4,2021-12-31,0.09566398732027624,0.14533218810422502
5,2020-12-31,0.13803422566238446,0.1996641480428015
6,2019-12-31,0.09307390048762013,0.10283734834891133
7,2018-12-31,0.1653124762700281,inf
8,2017-12-31,0.11289839144096962,inf
9,2016-12-31,0.06459889819636254,0.18324745749504578
10,2015-12-31,0.17120430246422894,inf
11,2014-12-31,0.4010416666666667,inf
12,2013-12-31,0.2768148257062384,inf
13,2012-12-31,0.25146887015449015,inf
