,endDate,ROC,EY
0,2025-12-31,0.16810692130276284,0.14027266189770954
1,2024-12-31,0.1749296525274728,0.1315655804472879
2,2023-12-31,0.25728437001053095,0.21490432097381706
3,2022-12-31,0.43368268084297346,0.44648854749402717
4,2021-12-31,0.2877296175996943,0.36049513257789817
5,2020-12-31,0.07616774371805302,0.07796168214980867
6,2019-12-31,0.12807746632324976,0.1279165116526445
7,2018-12-31,0.09884104472040794,0.1213783390105091
8,2017-12-31,0.05742925299248477,0.07784274232811686
9,2016-12-31,0.025890018472674265,0.033420959430945814
10,2015-12-31,-0.019173063503140266,-0.025436996823442186
11,2014-12-31,-0.03460308137313414,-0.05511783537301516
12,2013-12-31,0.05978091586456835,0.09870577534250354
13,2012-12-31,0.06737209449566935,0.10647140591368315
