,endDate,ROC,EY
0,2025-12-31,0.16810692130276284,0.14342947005416867
1,2024-12-31,0.1749296525274728,0.1368833266508418
2,2023-12-31,0.25728437001053095,0.22173200352996805
3,2022-12-31,0.43368268084297346,0.4739245276941165
4,2021-12-31,0.2877296175996943,0.3760922553512128
5,2020-12-31,0.07616774371805302,0.07909190424761509
6,2019-12-31,0.12807746632324976,0.13063775355446267
7,2018-12-31,0.09884104472040794,0.1251123824540278
8,2017-12-31,0.05742925299248477,0.07930779556389064
9,2016-12-31,0.025890018472674265,0.03433010257810489
10,2015-12-31,-0.019173063503140266,-0.025902208204494986
11,2014-12-31,-0.03460308137313414,-0.05541444319458247
12,2013-12-31,0.05978091586456835,0.10016204541942178
13,2012-12-31,0.06737209449566935,0.11091410099656976
