,endDate,ROC,EY
0,2025-12-31,0.31505448358886,0.16164968387989903
1,2024-12-31,0.3749254044621507,0.18966141443055193
2,2023-12-31,0.23046609726699094,0.11415989435232404
3,2022-12-31,0.09206632832447872,0.07402660762044624
4,2021-12-31,0.09666557279796537,0.0672311468995833
5,2020-12-31,0.07013318888812979,0.054181048621413666
6,2019-12-31,0.11112156009498166,0.0667958797315686
7,2018-12-31,0.1503947997647874,0.07850710154626561
8,2017-12-31,0.039245979101369455,0.02196789863779088
9,2016-12-31,0.1445088464082104,0.11427206136958944
10,2015-12-31,0.08481193995952259,0.07060375141308271
11,2014-12-31,0.12793822587490836,0.0823418278835339
12,2013-12-31,0.2184523299136741,0.09856919866363857
13,2012-12-31,0.32741471448201065,0.08352301751258158
