,endDate,ROC,EY
0,2025-12-31,0.051033558733276335,0.0267449350168656
1,2024-12-31,0.2349484649631705,0.11830647809746513
2,2023-12-31,0.5380128118087217,0.1415183095315883
3,2022-12-31,0.2551101496723322,0.11914617847704843
4,2021-12-31,0.23584140892764038,0.1166537664974798
5,2020-12-31,0.2755919276546671,0.0639459585365215
6,2019-12-31,0.3030666721419015,0.2604823521853942
7,2018-12-31,0.23855950291764016,-3.2242947409045355
8,2017-12-31,0.06081208605812799,-0.13848031689089133
9,2016-12-31,0.3472072806586244,-0.6561677396976062
10,2015-12-31,0.09522721824440153,-0.30234497765155277
11,2014-12-31,-1.502271875399703,-inf
12,2013-12-31,-4.426368996041252,-inf
13,2012-12-31,-0.33326901311082063,-inf
