,endDate,ROC,EY
0,2025-12-31,0.39649598336845965,0.0980210372917573
1,2024-12-31,0.6994210992119602,0.13630165480059278
2,2023-12-31,0.5887322655556644,0.2233057584937335
3,2022-12-31,0.1435121871268921,0.0587220549270586
4,2021-12-31,0.27059493389623374,0.13668771246475225
5,2020-12-31,0.27687811685081304,0.7108716095272116
6,2019-12-31,0.15278080192005541,0.2861719504250633
7,2018-12-31,0.18546718313939184,1.1781943915324815
8,2017-12-31,0.051039373728202865,-0.2142090937927412
9,2016-12-31,0.01877374779498086,-0.037583807683216425
10,2015-12-31,0.05909171985202057,-0.0947382776122257
11,2014-12-31,0.3336369906181628,-0.12305409303610788
12,2013-12-31,0.42398255439799065,-0.2420391817378871
13,2012-12-31,0.0021660550719094923,-0.0018391967978104256
