,endDate,ROC,EY
0,2025-12-31,0.22883126835568127,0.05650858586160255
1,2024-12-31,0.2333808937926655,0.05418727587129996
2,2023-12-31,0.22086189354750768,0.038257161827289395
3,2022-12-31,0.20937676477562214,0.04192512520616964
4,2021-12-31,0.19105301246393128,0.03244226807574814
5,2020-12-31,0.12652320857411378,0.02146160436682862
6,2019-12-31,0.17228894635264896,0.10320543655356446
7,2018-12-31,0.2280848723184988,0.16515172483535756
8,2017-12-31,0.2923907874752693,0.130383936295814
9,2016-12-31,0.3136135626671052,0.17486737686839632
10,2015-12-31,0.27234684184282976,0.2154022108806236
11,2014-12-31,0.19122529776301936,0.1928373113467813
12,2013-12-31,0.10550203973731785,0.15667879518969308
13,2012-12-31,0.12500799180580646,0.11122430382327313
