,endDate,ROC,EY
0,2025-12-31,0.09521674281772056,0.09483848276500549
1,2024-12-31,0.1795056078805664,0.14265680692707927
2,2023-12-31,0.21915882277772877,0.1725137212315046
3,2022-12-31,0.19603636639158306,0.2230071784015043
4,2021-12-31,0.2267521438139129,0.19497148724809957
5,2020-12-31,0.2435467692672614,0.16159045634442132
6,2019-12-31,0.13409476728930114,0.10822395683679208
7,2018-12-31,0.12912214703615826,0.11392221801300727
8,2017-12-31,0.0671096924663355,0.0723537515135589
9,2016-12-31,0.006917581285461661,0.013399815700842128
10,2015-12-31,0.011856816283997979,0.017998799403211443
11,2014-12-31,0.11031198075509652,0.15922618072679262
12,2013-12-31,0.13687268095950866,0.12726469380011476
13,2012-12-31,0.06323465864173246,0.05069829983070376
