,endDate,ROC,EY
0,2025-12-31,0.1369939307367678,0.06320766655694653
1,2024-12-31,0.10200515921979518,0.060892591218484546
2,2023-12-31,0.11461570144844185,0.041945068245139217
3,2022-12-31,0.104190338185654,0.037307592142876995
4,2021-12-31,0.1674646352472598,0.07688511209901264
5,2020-12-31,0.11658291236180669,0.036653027571031574
6,2019-12-31,0.09584895209897744,0.04155254522021055
7,2018-12-31,0.12079777198295134,0.05527813319924125
8,2017-12-31,0.11164026990861739,0.06329003234920819
9,2016-12-31,0.14224283420311645,0.18611245894418407
10,2015-12-31,0.16078272466819657,0.22225934831424685
11,2014-12-31,0.17958788335340187,0.22605475336025443
12,2013-12-31,0.1882282269452774,0.21427862560300748
13,2012-12-31,0.14469426709055583,0.15261153986435425
