,endDate,ROC,EY
0,2025-12-31,4.353122440088351,0.18150397275168875
1,2024-12-31,-19.343633726898716,0.3162010840625517
2,2023-12-31,-42.35368710497688,0.2813319981621595
3,2022-12-31,4.807359502246287,0.21193867491493437
4,2021-12-31,2.4086007284150037,0.18779005499541704
5,2020-12-31,5.55327642620607,0.21441563893800714
6,2019-12-31,-4.595426154946564,0.3010041829273408
7,2018-12-31,10.985597022210339,0.24319753202650932
8,2017-12-31,69.19339795651035,0.1957202927572779
9,2016-12-31,-19.43230211343419,0.17860676901399694
10,2015-12-31,86.74068902630154,0.1693686725117949
11,2014-12-31,48.11172382535126,0.1302296869533533
12,2013-12-31,6.522925923001151,0.22989384224680437
13,2012-12-31,-36.892974767251886,0.21562481527681573
