,endDate,ROC,EY
0,2025-12-31,0.12715052147341907,0.11058212559605435
1,2024-12-31,0.14792055229444417,0.11208081883086403
2,2023-12-31,0.18242682281319214,0.1504343609384236
3,2022-12-31,0.27660279195929677,0.275643693030672
4,2021-12-31,0.24792016351040483,0.20989164625835416
5,2020-12-31,0.1385285154225061,0.21351584003020221
6,2019-12-31,0.12467718407442177,0.16967490749089667
7,2018-12-31,0.18922269209746556,0.26423755231416
8,2017-12-31,0.18338616004362557,0.41407286626912987
9,2016-12-31,0.0346918203408066,0.08680979074996294
10,2015-12-31,0.08951699641920075,0.1771989788549538
11,2014-12-31,0.06322070453387993,0.14138374492267347
12,2013-12-31,0.051124873528978085,0.1016276743540998
13,2012-12-31,0.050579238465610916,0.1008160402561149
