,endDate,ROC,EY
0,2025-03-31,0.09998502929106182,0.08200258631344197
1,2024-03-31,0.17815475480017837,0.13286346850182917
2,2023-03-31,0.15264717700171115,0.11856033185375739
3,2022-03-31,0.18231075574383815,0.11152190363345152
4,2021-03-31,0.21168035340431865,0.10491912627490403
5,2020-03-31,0.1273222812193695,0.1175897955761566
6,2019-03-31,0.09136778366152051,0.07867708537862887
7,2018-03-31,0.11561814598854635,0.09382488085646541
8,2017-03-31,0.11568833541718301,0.08175110651877696
9,2016-03-31,0.12251853371354648,0.10327095349637727
10,2015-03-31,0.12264740978446778,0.11341680451515437
11,2014-03-31,0.08447457420427247,0.08205318377821405
12,2013-03-31,0.053617864099035954,0.05959027928810823
