,endDate,ROC,EY
0,2025-12-31,0.10678676606133927,0.08304231895070281
1,2024-12-31,0.1785681022952632,0.10842192471799478
2,2023-12-31,0.13841293192263335,0.11275286004879344
3,2022-12-31,0.2834684085215761,0.1675452392834032
4,2021-12-31,0.27749472322892293,0.12430544715408798
5,2020-12-31,0.1584538463763026,0.05671674475182997
6,2019-12-31,0.050186475840124554,0.02339960070970303
7,2018-12-31,0.11986835589090937,0.08459567531022259
8,2017-12-31,0.1688056419412904,0.10695556454355759
9,2016-12-31,0.06445307912263092,0.05107219609594008
10,2015-12-31,0.1580455460808387,0.08754898633715376
11,2014-12-31,0.060800427947698445,0.04841844768890001
12,2013-12-31,0.04703334017772898,0.04421145282134896
13,2012-12-31,0.028682083665346414,0.030328797696380853
