,endDate,ROC,EY
0,2025-12-31,1.8032564656138215,0.049545329197015923
1,2024-12-31,3.655465907495117,0.06845689555418909
2,2023-12-31,1.1762417483332956,0.05495892733497966
3,2022-12-31,1.0745753595177174,0.06825802908830221
4,2021-12-31,4.270567452592112,0.10796311208297645
5,2020-12-31,2.0064797380218744,0.12298885036807283
6,2019-12-31,0.5345499564748925,0.06376049187912503
7,2018-12-31,1.0964439407277444,0.09251373466841818
8,2017-12-31,0.6989079948932163,0.07429971875101772
9,2016-12-31,1.5201567575357804,0.11508295595561874
10,2015-12-31,1.4021163731667081,0.15505109457399674
11,2014-12-31,1.4306350851556704,0.15499006888883843
12,2013-12-31,1.8521446926270013,0.14327714324135568
13,2012-12-31,0.3453184124888916,0.13888646179545439
