,endDate,ROC,EY
0,2025-12-31,0.4581182892663353,0.0443279989838808
1,2024-12-31,0.4345979542013776,0.05414718320695355
2,2023-12-31,0.23584046585579557,0.03687775256204054
3,2022-12-31,0.19363905191396302,0.040165152818045266
4,2021-12-31,0.19930065579074427,0.032365547192283475
5,2020-12-31,0.34031626035875473,0.026769686796321936
6,2019-12-31,0.19263870912327363,0.031244727757236447
7,2018-12-31,0.2478168313893545,0.07809532659870831
8,2017-12-31,0.23890086543932443,0.07399611672298002
9,2016-12-31,0.42129654293591423,0.12010262079748601
10,2015-12-31,0.3726942088320372,0.115874745768398
11,2014-12-31,0.4056189886287938,-12.516715352158391
12,2013-12-31,0.4947880788990202,0.2069313679748437
13,2012-12-31,0.6328069940586881,0.18581054010633055
