,endDate,ROC,EY
0,2025-12-31,0.23240524105647645,0.12248173306901242
1,2024-12-31,0.34420807683711174,0.17261962648213497
2,2023-12-31,0.29499442724043234,0.12910747310686957
3,2022-12-31,0.2489517279706765,0.1579883384441154
4,2021-12-31,0.09041363453429042,0.062279878320905084
5,2020-12-31,0.09608791387917275,0.051648031543757564
6,2019-12-31,0.0663557481049779,0.03694266420135076
7,2018-12-31,0.10986357870868534,0.05659765101316125
8,2017-12-31,0.19517237170085672,0.11540198161300998
9,2016-12-31,0.23384851547739804,0.14862960992811303
10,2015-12-31,0.2562024539168816,0.15637736333835292
11,2014-12-31,0.2550039332766211,0.1483379943226497
12,2013-12-31,0.23767972039876112,0.14134385826495893
13,2012-12-31,0.21026154317807266,0.10420564078247821
