,endDate,ROC,EY
0,2025-12-31,-0.058922189380772365,-0.1585657851307504
1,2024-12-31,0.01965694078766423,0.053901927442534935
2,2023-12-31,0.03160315992055528,0.060243138759678766
3,2022-12-31,0.1034033367323849,0.22125896554780083
4,2021-12-31,0.46420171060138327,0.6191848072707157
5,2020-12-31,0.1595325327684338,0.15657254041434984
6,2019-12-31,0.054753859096522896,0.06095230135954378
7,2018-12-31,0.0683844369760919,0.0718545957694226
8,2017-12-31,0.05171566500709469,0.055718894906588094
9,2016-12-31,-0.012031846014611184,-0.0198739002143517
10,2015-12-31,-0.2117075011252703,-0.3749694560337881
11,2014-12-31,0.03717504188811762,0.06579328349010813
12,2013-12-31,0.03525617873486215,0.036534330323139706
13,2012-12-31,-0.00628550664175674,-0.007375466475917419
