,endDate,ROC,EY
0,2025-12-31,0.12617764884652577,0.06640949993411814
1,2024-12-31,0.2218226906385617,0.13980724654746637
2,2023-12-31,0.2570948035118539,0.14284735716413244
3,2022-12-31,0.37170734517680853,0.19449795127503974
4,2021-12-31,0.5158569389848201,0.33420333949379477
5,2020-12-31,0.19662744537060736,0.12414786016005816
6,2019-12-31,0.011163984645347283,0.007820511701394042
7,2018-12-31,0.20441031998932113,0.1677814064483687
8,2017-12-31,0.17191367661090018,0.14361884584174384
9,2016-12-31,0.115248526387419,0.119561266106823
10,2015-12-31,-0.12294046881142356,-0.14613743348825087
11,2014-12-31,0.0755037553676329,0.09901631104668772
12,2013-12-31,0.14801841485716483,0.17438285794124672
13,2012-12-31,0.07736937108299008,0.08434592525390354
