,endDate,ROC,EY
0,2025-12-31,0.20830405559666307,0.07195187774582926
1,2024-12-31,0.19117804105189812,0.08413995763080988
2,2023-12-31,0.17409877212357153,0.11172549576286014
3,2022-12-31,0.1608800162940152,0.11086477708956376
4,2021-12-31,0.16475775216778898,0.12468879749094665
5,2020-12-31,0.14453002695879946,0.13453634993637506
6,2019-12-31,0.1648697381453906,0.1457686403327109
7,2018-12-31,0.2675822674996173,0.27079619092462226
8,2017-12-31,0.20671601916659985,0.19644240511953573
9,2016-12-31,0.21312334540513966,0.22023184971520587
10,2015-12-31,0.17239746831013292,0.1923060187621892
11,2014-12-31,0.25630818289873986,0.25855532197610237
12,2013-12-31,0.2366383172080979,0.28195572049157214
13,2012-12-31,0.3544937433034357,0.4422846558026317
