,endDate,ROC,EY
0,2025-12-31,0.3802361590673621,0.038801893209502177
1,2024-12-31,0.35438990066381565,0.036470935512523756
2,2023-12-31,0.3663864354141303,0.0453168767948979
3,2022-12-31,0.3223117152021957,0.033670862671104224
4,2021-12-31,0.3075052906809327,0.03297513956480609
5,2020-12-31,0.24380994396392652,0.01988570003485952
6,2019-12-31,0.199732030852664,0.05714439817837761
7,2018-12-31,0.18964640042302736,0.08542160390924751
8,2017-12-31,0.143340214983895,0.0667069476860134
9,2016-12-31,0.11976498151631104,0.12432843238785155
10,2015-12-31,0.12375216253363466,0.1266955204449113
11,2014-12-31,0.14408252246055925,0.13318025370101327
12,2013-12-31,0.14688003344804484,0.23666766183359245
13,2012-12-31,0.15444529503254215,0.23954110191141065
