endDate,type,price,enterpriseValue,forwardPE,profitMargins,sharesOutstanding,bookValue,priceToBook,earningsQuarterlyGrowth,netIncomeToCommon,trailingEps,pegRatio,enterpriseToRevenue,enterpriseToEbitda,lastDividendValue,lastDividendDate,marketCap,trailingPE,dividendYield,yield,earningsPerShare
2025-12-31,yearly,13.85999995488129,210016760000,,0.18118751,15761638000,5.6323323,2.4607923,,15503400000,0.98361605,1.9080887,2.3799965,7.042756,,,218456310000,14.090864,0.09,0.09,0.98361605
2024-12-31,yearly,10.758325725550598,154546290000,,0.16597551,15761638000,6.3179035,1.7028316,,14437238000,0.9159732,,1.7276877,5.412961,,,169568850000,11.745241,0.06,0.06,0.9159732
2023-12-31,yearly,11.9152661423856,184214010000,,0.18762287,15757657000,5.086023,2.3427472,,14501944000,0.9203109,42.541527,2.3102744,7.470194,,,187756660000,12.947,0.06,0.06,0.9203109
2022-12-31,yearly,11.9923897201418,188617440000,,0.18682112,15753833000,5.2893686,2.267263,,14457943000,0.9177413,0.92656684,2.3663309,8.152975,,,188926100000,13.067287,0.06,0.06,0.9177413
2021-12-31,yearly,12.098264204026002,188573550000,,0.18012078,15750217000,5.3343787,2.26798,,12670968000,0.8044948,1.3249505,2.5883636,8.539324,,,190550280000,15.038337,0.06,0.06,0.8044948
2020-12-31,yearly,11.76443425167192,185679220000,,0.20096114,15739244000,4.7747602,2.4638796,,11379394000,0.722995,,3.1805825,8.880057,,,185163320000,16.271809,0.04,0.04,0.722995
2019-12-31,yearly,13.67310405912528,218061750000,,0.23171861,15735118000,3.9755661,3.4392848,,11779965000,0.74864167,2.6659195,4.145684,10.598511,,,215147920000,18.263884,0.04,0.04,0.74864167
2018-12-31,yearly,11.52487483277221,183089020000,,0.22650059,15727282000,3.6590827,3.1496623,,11024678000,0.7009907,0.32643694,3.6449165,8.787992,,,181254950000,16.440838,0.05,0.05,0.7009907
2017-12-31,yearly,14.988811775932561,236791660000,,0.1638961,15722147000,3.0519276,4.9112606,,7331968000,0.46634647,,4.9435334,11.89327,,,235656300000,32.140934,0.04,0.04,0.46634647
2016-12-31,yearly,11.0225364654888,177135470000,,0.2869005,15717616000,2.9680884,3.713682,,12546610000,0.79825145,13.96558,3.8843315,8.644325,,,173247990000,13.808351,0.06,0.06,0.79825145
2015-12-31,yearly,11.575151233698598,179081760000,,0.27566573,15717616000,3.202371,3.6145566,,12423771000,0.7904361,4.9318347,3.8330743,8.235517,,,181933770000,14.644006,0.07,0.07,0.7904361
2014-12-31,yearly,10.053958951469971,155251050000,,0.32463467,15717616000,2.7767997,3.6207001,,12065512000,0.7676426,0.49349594,4.0769935,8.561017,,,158024270000,13.097187,0.1,0.1,0.7676426
2013-12-31,yearly,10.0923017641623,155117490000,,0.3263471,15670882000,2.807589,3.5946507,,9534969000,0.6084513,,4.458502,8.917696,,,158155280000,16.586868,,,0.6084513
2012-12-31,yearly,9.793961638231,154659570000,,,15761638000,0.061999075,157.96948,,46471000,0.002948361,,,4904.378,,,154368880000,3321.8325,,,0.002948361
