endDate,type,price,enterpriseValue,forwardPE,profitMargins,sharesOutstanding,bookValue,priceToBook,earningsQuarterlyGrowth,netIncomeToCommon,trailingEps,pegRatio,enterpriseToRevenue,enterpriseToEbitda,lastDividendValue,lastDividendDate,marketCap,trailingPE,dividendYield,yield,earningsPerShare
2025-12-31,yearly,3.247659020983482,6238440000.0,,0.06378835,403868800,7.0162787,0.46287486,,123755000,0.30642378,0.23373495,1.5504249,4.364117,,,1311628200.0,10.598587,0.02,0.02,0.30642378
2024-12-31,yearly,1.52414160338918,5597693400.0,,0.053781535,403868800,6.8840027,0.2214034,,85146000,0.21082589,0.057453237,1.4725428,4.3021617,,,615553300.0,7.229386,0.31,0.31,0.21082589
2023-12-31,yearly,3.6584885565485283,6698605600.0,,-0.05710566,403868800,7.0749288,0.51710606,,-329630020,-0.81618094,,1.7944584,6.3234177,,,1477549300.0,-4.4824476,,,-0.81618094
2022-12-31,yearly,3.2689269061399995,6676868000.0,,0.0032144983,403868800,7.927,0.41237882,,-102250000,-0.25317627,,1.8738241,7.0107555,,,1320217600.0,-12.911664,,,-0.25317627
2021-12-31,yearly,7.113727247211001,9120808000.0,,-0.03068049,403868800,5.97313,1.1909547,,-87665000,-0.21706307,,3.440769,12.95468,,,2873012700.0,-32.77263,,,-0.21706307
2020-12-31,yearly,10.162467880282,4611408000.0,,-0.028587421,403868800,6.255685,1.6245172,,-41108000,-0.10178553,,3.2429278,17.206553,,,4104303900.0,-99.84197,,,-0.10178553
2019-12-31,yearly,8.4094423288482,2249673000.0,,-0.008119347,111122936,6.213254,1.3534683,,-9593000,-0.08632781,,1.9040836,9.255513,,,934481860.0,-97.412895,0.0,0.0,-0.08632781
2018-12-31,yearly,5.0822700196135,843989900.0,,0.002041803,78556016,8.468467,0.6001405,,2251000,0.028654711,,0.76555353,9.077502,,,399242850.0,177.36244,0.05,0.05,0.028654711
2017-12-31,yearly,7.9509172062374995,1000427600.0,,0.08143265,80944570,8.603925,0.9241035,,85152000,1.0519792,0.024499303,0.9567299,7.277425,,,643583550.0,7.558056,0.01,0.01,1.0519792
2016-12-31,yearly,3.7850299483008,732875600.0,,0.02170373,80944570,7.853424,0.4819592,,20845000,0.2575219,,0.7630671,7.462332,,,306377630.0,14.697895,0.05,0.05,0.2575219
2015-12-31,yearly,3.7634784006709996,547114800.0,,0.07494922,82866370,7.748837,0.485683,,64203000,0.77477753,,0.6386902,5.609535,,,311865800.0,4.857496,0.13,0.13,0.77477753
2014-12-31,yearly,9.347382928824631,841295740.0,,0.22940537,82866370,7.1959467,1.2989789,,164896990,1.9899145,0.014240221,1.2131052,5.894894,,,774583740.0,4.6973796,0.01,0.01,1.9899145
2013-12-31,yearly,5.581263042099822,272110980.0,,0.073749386,82866370,5.7564487,0.96956706,,38360000,0.46291396,0.19073236,0.5898888,5.19167,,,462499000.0,12.056804,,,0.46291396
2012-12-31,yearly,,,,0.07260982,403868800,0.04545288,,,23503000,0.05819464,,,,,,,,,,0.05819464
