endDate,type,price,enterpriseValue,forwardPE,profitMargins,sharesOutstanding,bookValue,priceToBook,earningsQuarterlyGrowth,netIncomeToCommon,trailingEps,pegRatio,enterpriseToRevenue,enterpriseToEbitda,lastDividendValue,lastDividendDate,marketCap,trailingPE,dividendYield,yield,earningsPerShare
2025-12-31,yearly,50.610002669697,263407850000,,0.15890032,2915428600,40.646393,1.245129,,6559659000,2.249981,,6.380757,30.910492,,,147549850000,22.493523,0.12,0.12,2.249981
2024-12-31,yearly,29.687241124465597,181581760000,,0.25834626,2308632600,52.84504,0.56177914,,10380753000,4.4964943,0.048474357,4.519033,6.920912,,,68536930000,6.6023083,0.04,0.04,4.4964943
2023-12-31,yearly,35.032158344062005,200216540000,,0.11827207,2307100000,48.74719,0.7186498,,4394861000,1.9049287,0.88450354,5.3881173,11.538635,,,80822690000,18.390272,0.01,0.01,1.9049287
2022-12-31,yearly,35.1223242748892,195496570000,,0.10677811,2307100000,48.12476,0.72981817,,3638382000,1.577037,,5.7373724,18.27289,,,81030710000,22.271084,0.02,0.02,1.577037
2021-12-31,yearly,27.34729862724,120975470000,,0.1518927,1568931000,48.70626,0.561474,,5713633000,3.6417363,,3.2160432,7.9945965,,,42906026000,7.5094123,0.09,0.09,3.6417363
2020-12-31,yearly,27.8950107360384,116309180000,,0.21964237,1568931000,47.00736,0.59341794,,6387313000,4.071124,,3.9995573,11.090626,,,43765342000,6.8519177,0.06,0.06,4.071124
2019-12-31,yearly,27.579821042986254,117650780000,,0.38750726,1568931000,45.504967,0.60608375,,10743843000,6.8478746,,4.24341,11.470222,,,43270836000,4.0275006,0.03,0.03,6.8478746
2018-12-31,yearly,20.787721000332002,120499030000,,0.5344215,1352634100,41.40732,0.5020301,,13347577000,9.86784,0.0024117948,4.8246417,5.9827337,,,28118180000,2.106613,,,9.86784
2017-12-31,yearly,13.3538880358398,111267210000,,-0.045561567,1352634100,31.60687,0.42249954,,-1725691000,-1.2758003,,2.9376686,16.498205,,,18062926000,-10.467068,,,-1.2758003
2016-12-31,yearly,16.2108648718848,115347030000,,0.057832796,1352634100,32.57712,0.49761504,,3513276000,2.5973587,0.050539035,1.8987523,5.8264337,,,21927370000,6.241289,,,2.5973587
2015-12-31,yearly,4.093581570707701,81174135000,,-0.45885825,1352634100,30.857735,0.13265982,,-14953658000,-11.055213,,2.490857,-7.5850058,,,5537118000,-0.37028518,,,-11.055213
2014-12-31,yearly,4.12200960356916,72525590000,,-0.097950615,1352634100,42.027996,0.09807771,,-2962502000,-2.1901724,-0.0355696,2.3979478,-404.4636,,,5575570400,-1.8820478,0.1,0.1,-2.1901724
2013-12-31,yearly,3.9492585429591656,48931380000,,-0.22320606,1352634100,44.867203,0.088021055,,-6291375000,-4.651202,-0.092711166,1.7359926,-13.260166,,,5341902000,-0.84908336,0.11,0.11,-4.651202
2012-12-31,yearly,4.177825631238,70082100000,,-0.17516065,1352634100,49.740425,0.08399256,,-6925652000,-5.1201224,,1.7724867,-11.352231,,,5651069400,-0.8159621,0.31,0.31,-5.1201224
