endDate,type,price,enterpriseValue,forwardPE,profitMargins,sharesOutstanding,bookValue,priceToBook,earningsQuarterlyGrowth,netIncomeToCommon,trailingEps,pegRatio,enterpriseToRevenue,enterpriseToEbitda,lastDividendValue,lastDividendDate,marketCap,trailingPE,dividendYield,yield,earningsPerShare
2025-12-31,yearly,25.160000145006002,8850754000,,0.07709714,206489810,38.63292,0.65125805,,911249000,4.413046,0.034209047,0.7488269,4.821465,,,5195283500,5.7012777,0.1,0.1,4.413046
2024-12-31,yearly,26.877826267985,9266882000,,0.040400833,206489810,37.39417,0.7187705,,341727000,1.6549339,,1.1058657,11.605449,,,5549997600,16.241026,0.04,0.04,1.6549339
2023-12-31,yearly,55.064532953181605,6998582300,,0.08225543,110989210,26.390844,2.0865014,,399400000,3.598548,,1.4439689,8.952707,,,6111569000,15.301875,0.05,0.05,3.598548
2022-12-31,yearly,66.300933910809,7590570500,,0.09980287,110186080,24.09191,2.7519999,,424709000,3.8544705,0.74720156,1.7928818,10.599002,,,7305439700,17.201048,0.03,0.03,3.8544705
2021-12-31,yearly,63.48188169380981,7459692500,,0.117558256,109796216,14.499643,4.3781686,,345233980,3.1443157,0.033065308,2.5513453,12.989802,,,6970070500,20.189411,0.01,0.01,3.1443157
2020-12-31,yearly,,250848020,,0.030536924,0,,,,48584000,,,0.15766768,1.4482138,,,0,,,,
2019-12-31,yearly,51.861939972918094,4800123400,,0.096555285,90954280,8.202703,6.3225427,,162139010,1.782643,2.1287,2.8585181,15.819855,,,4717065700,29.092724,0.03,0.03,1.782643
2018-12-31,yearly,43.51342888277835,3815345400,,0.09343541,90302410,7.8773313,5.5238795,,142644000,1.5796256,,2.4991472,16.43405,,,3929367300,27.54667,0.03,0.03,1.5796256
2017-12-31,yearly,43.0893338684936,3721875200,,0.11354131,89765880,7.4077144,5.816819,,154470000,1.7208097,0.7589542,2.7357194,18.044144,,,3867952100,25.040152,0.05,0.05,1.7208097
2016-12-31,yearly,18.13687634575,1482957200,,0.09373583,88836250,7.538578,2.405875,,116149000,1.3074505,,1.1967921,8.37162,,,1611212200,13.871942,0.05,0.05,1.3074505
2015-12-31,yearly,14.702939596214998,1209517200,,0.10678886,88735470,6.96345,2.1114447,,119663000,1.3485363,1.7787908,1.0793892,7.308438,,,1304672300,10.902887,0.07,0.07,1.3485363
2014-12-31,yearly,18.04004273030605,1505949300,,0.107086174,88682736,6.4983673,2.7760885,,112752000,1.2714087,7.1400414,1.430275,9.336326,,,1599840400,14.18902,0.04,0.04,1.2714087
2013-12-31,yearly,19.42752435677808,1641606100,,0.114808664,88637030,5.8050456,3.3466618,,110555000,1.2472779,1.1029191,1.7047678,10.294784,,,1721998100,15.575941,0.04,0.04,1.2472779
2012-12-31,yearly,25.41677675819509,2147570700,,0.11260033,88587470,5.1237383,4.9605923,,96874000,1.0935407,4.0473833,2.496203,15.818528,,,2251607800,23.242643,0.02,0.02,1.0935407
