endDate,type,price,enterpriseValue,forwardPE,profitMargins,sharesOutstanding,bookValue,priceToBook,earningsQuarterlyGrowth,netIncomeToCommon,trailingEps,pegRatio,enterpriseToRevenue,enterpriseToEbitda,lastDividendValue,lastDividendDate,marketCap,trailingPE,dividendYield,yield,earningsPerShare
2025-12-31,yearly,13.67750174241969,109642680000,,0.41243118,7500000300,2.3285437,5.8738437,,4585619000,0.61141586,113.27625,9.858583,15.607366,,,102581264000,22.37021,0.03,0.03,0.61141586
2024-12-31,yearly,9.9346023008631,80842424000,,0.43287662,7500000300,2.451127,4.0530753,,4576581000,0.6102108,1.5128757,7.646309,12.216181,,,74509525000,16.28061,0.04,0.04,0.6102108
2023-12-31,yearly,13.286323738972799,104890560000,,0.41653135,7500000300,2.7048132,4.912104,,4131929000,0.5509238,,10.572311,16.545145,,,99647430000,24.116444,0.03,0.03,0.5509238
2022-12-31,yearly,11.930552981578668,73084800000,,0.4180329,5819000000,3.4856749,3.4227383,,4226057000,0.7262514,,7.2284737,11.016406,,,69423880000,16.42758,0.04,0.04,0.7262514
2021-12-31,yearly,9.700503720551069,60383834000,,0.45849845,6099000000,3.6759093,2.6389399,,4717097000,0.7734214,0.92209995,5.8692756,8.18416,,,59163370000,12.542326,0.18,0.18,0.7734214
2020-12-31,yearly,16.77528280820301,99470750000,,0.4450026,6126000000,4.0028443,4.1908407,,4152304100,0.6778165,0.46708244,10.664367,14.97217,,,102765390000,24.749004,0.13,0.13,0.6778165
2019-12-31,yearly,11.164949665381048,22628024000,,0.41256005,2059138400,12.3358555,0.9050811,,2714166000,1.3181076,0.28212774,3.440736,5.308763,,,22990174000,8.470438,0.1,0.1,1.3181076
2018-12-31,yearly,7.0730280590591015,16371704000,,0.43219945,2059138400,12.162463,0.5815457,,2087444000,1.0137464,0.11430705,3.3882432,4.894094,,,14564344000,6.977118,0.1,0.1,1.0137464
2017-12-31,yearly,5.6572820826430394,15393006000,,0.35296342,2059138400,11.805916,0.47919044,,1296240000,0.629506,,4.1901736,6.9975777,,,11649126000,8.986859,0.08,0.08,0.629506
2016-12-31,yearly,3.9907329850752,5800399400,,0.62309366,2059138400,9.264256,0.4307667,,1446263000,0.7023632,,2.4993308,4.862411,,,8217471500,5.681865,0.13,0.13,0.7023632
2015-12-31,yearly,2.5537159696136,2325699000,,0.99405587,1815000100,10.111412,0.2525578,,2202238000,1.2133542,0.016784232,1.049203,0.9653076,,,4634995000,2.104675,0.31,0.31,1.2133542
2014-12-31,yearly,2.15872834422557,6160723500,,0.4816283,1815000100,10.461929,0.20634133,,977053000,0.5383212,,3.0341918,3.9551244,,,3918092300,4.0101123,0.19,0.19,0.5383212
2013-12-31,yearly,2.3385698185354302,4322350600,,0.5070595,1900000000,10.157311,0.23023513,,1081516000,0.56921893,6.1079373,2.027564,2.6588266,,,4443283000,4.1083837,0.25,0.25,0.56921893
2012-12-31,yearly,2.848997305472,5473516000,,0.5202838,1980000000,9.804992,0.290566,,1074290000,0.5425707,2.0930972,2.650934,3.5434582,,,5641014300,5.250923,0.17,0.17,0.5425707
