endDate,type,price,enterpriseValue,forwardPE,profitMargins,sharesOutstanding,bookValue,priceToBook,earningsQuarterlyGrowth,netIncomeToCommon,trailingEps,pegRatio,enterpriseToRevenue,enterpriseToEbitda,lastDividendValue,lastDividendDate,marketCap,trailingPE,dividendYield,yield,earningsPerShare
2025-12-31,yearly,21.529960942232,2205308772000,,0.05253186,5730834000,33.77648,0.63742465,,16781938000,2.9283588,,,,,,123384630000,7.3522277,0.05,0.05,2.9283588
2024-12-31,yearly,22.650943874976,2145426930000,,0.106658146,5730834000,32.14826,0.7045776,,29171565000,5.0902824,,,,,,129808800000,4.44984,0.14,0.14,5.0902824
2023-12-31,yearly,,1957257456000,,0.12494637,0,,,,33165590000,,,,,,,133755100000,,,,
2022-12-31,yearly,13.4011326512284,1757505184000,,0.12618667,2865417000,56.91218,0.23547038,,29849336000,10.4171,0.02505572,,,,,76799670000,1.2864553,0.31,0.31,10.4171
2021-12-31,yearly,9.935924096621878,1680172690000,,0.15659632,2865417000,50.990913,0.19485676,,19722870000,6.8830714,0.02984249,,,,,56941130000,1.4435306,0.23,0.23,6.8830714
2020-12-31,yearly,12.402679722642691,1400512375000,,0.13473468,2865417000,44.622227,0.27794847,,13292883000,4.6390743,,,,,,71077700000,2.6735246,0.12,0.12,4.6390743
2019-12-31,yearly,16.230052977634397,1359565487000,,0.15343219,2865417000,38.37884,0.42289066,,16396896000,5.722342,0.1525306,,,,,93011740000,2.8362606,0.16,0.16,5.722342
2018-12-31,yearly,14.180697313528901,1306034901000,,0.1254558,2865417000,36.483337,0.3886897,,13825994000,4.8251247,0.097701944,,,,,81267220000,2.9389286,0.11,0.11,4.8251247
2017-12-31,yearly,9.210981291559952,1128715187000,,0.08782904,2865417000,35.331135,0.26070437,,10628794000,3.7093358,0.04845204,,,,,52786600000,2.4831886,0.1,0.1,3.7093358
2016-12-31,yearly,7.61713202080412,1125324683000,,0.051533066,2865417000,31.435804,0.24230753,,7027281000,2.4524462,,,,,,43652518000,3.1059325,0.12,0.12,2.4524462
2015-12-31,yearly,3.8198211866086798,1108213193000,,0.086626835,2865417000,30.093348,0.12693241,,14069582000,4.9101343,0.04160222,,,,,21890763000,0.7779464,0.54,0.54,4.9101343
2014-12-31,yearly,5.57553115474239,1056325582000,,0.09684738,2865417000,29.817663,0.18698753,,11853096000,4.1366043,0.09942525,,,,,31952445000,1.3478523,0.3,0.3,4.1366043
2013-12-31,yearly,5.3501052293359,938228614000,,0.1079422,2865417000,26.656502,0.20070545,,10438066000,3.6427739,,,,,,30660565000,1.4686899,0.44,0.44,3.6427739
2012-12-31,yearly,5.1242778910914,865629067000,,0.1059766,2865417000,24.393738,0.2100653,,11245922000,3.924707,,,,,,29366387000,1.3056461,0.32,0.32,3.924707
