endDate,type,price,enterpriseValue,forwardPE,profitMargins,sharesOutstanding,bookValue,priceToBook,earningsQuarterlyGrowth,netIncomeToCommon,trailingEps,pegRatio,enterpriseToRevenue,enterpriseToEbitda,lastDividendValue,lastDividendDate,marketCap,trailingPE,dividendYield,yield,earningsPerShare
2025-12-31,yearly,17.805162607840398,2035074880000,,0.08854971,10592012000,16.894678,1.0538918,,23924636000,2.2587433,0.21665676,,,,,188592500000,7.8827744,0.08,0.08,2.2587433
2024-12-31,yearly,10.08385482783,1689561640000,,0.08227265,10592012000,15.94999,0.632217,,17542152000,1.6561681,0.29052734,,,,,106808310000,6.0886664,0.11,0.11,1.6561681
2023-12-31,yearly,11.456978469214079,1585554420000,,0.06461244,10658488000,15.669588,0.73116016,,14502765000,1.3606775,,,,,,121352460000,8.420054,0.15,0.15,1.3606775
2022-12-31,yearly,9.3033743502011,1519258420000,,0.10303947,10658488000,14.893414,0.62466365,,21217196000,1.9906385,,,,,,98541445000,4.673563,0.05,0.05,1.9906385
2021-12-31,yearly,10.487893902000899,1477727770000,,0.18638524,10658488000,14.0947485,0.7440994,,23380804000,2.1936324,0.10434329,,,,,111087900000,4.7810626,0.1,0.1,2.1936324
2020-12-31,yearly,14.170183975535,1501024590000,,0.16289856,9719080000,15.034075,0.9425378,,16033961000,1.6497406,,,,,,150090760000,8.58934,0.05,0.05,1.6497406
2019-12-31,yearly,16.7131965542398,1060639720000,,0.17033081,8870213000,15.280757,1.0937414,,21023023000,2.3700697,0.26344478,,,,,177026370000,7.051774,0.12,0.12,2.3700697
2018-12-31,yearly,17.631737273757,1014252286000,,0.1488129,8063829500,15.461155,1.1403894,,16583914000,2.0565805,,,,,,186755600000,8.573328,0.07,0.07,2.0565805
2017-12-31,yearly,14.6054763482958,778495376000,,0.12565552,6719858000,17.514313,0.8339166,,17089364000,2.543114,,,,,,154701380000,5.743147,0.09,0.09,2.543114
2016-12-31,yearly,11.7773766753202,812483560000,,0.11044411,6108962000,17.266306,0.6821017,,17894248000,2.9291797,,,,,,124746120000,4.020708,0.14,0.14,2.9291797
2015-12-31,yearly,7.3748122054852505,664492175000,,0.15914223,5553601500,16.370415,0.45049635,,18132906000,3.2650714,0.12275477,,,,,78114095000,2.2586985,0.19,0.19,3.2650714
2014-12-31,yearly,10.096630412538001,690212480000,,0.1545922,5048729000,16.29951,0.6194438,,15314943000,3.0334253,0.14134626,,,,,106943620000,3.3284578,0.13,0.13,3.0334253
2013-12-31,yearly,8.0481443194912,620063406000,,0.16070057,4207274000,17.137684,0.4696168,,12395920000,2.9463067,0.27929643,,,,,85246030000,2.731604,0.11,0.11,2.9463067
2012-12-31,yearly,8.7971851815624,569626993000,,0.13026991,4207274000,16.957867,0.5187672,,11291570000,2.683821,1.0769782,,,,,93179880000,3.277858,0.12,0.12,2.683821
