endDate,type,price,enterpriseValue,forwardPE,profitMargins,sharesOutstanding,bookValue,priceToBook,earningsQuarterlyGrowth,netIncomeToCommon,trailingEps,pegRatio,enterpriseToRevenue,enterpriseToEbitda,lastDividendValue,lastDividendDate,marketCap,trailingPE,dividendYield,yield,earningsPerShare
2025-12-31,yearly,15.25459621588926,2008059260000,,0.08854971,10592012000,16.894678,0.90292317,,23924636000,2.2587433,0.18562095,,,,,161576880000,6.753577,0.09,0.09,2.2587433
2024-12-31,yearly,9.2376909513406,1680599060000,,0.08227265,10592012000,15.94999,0.57916594,,17542152000,1.6561681,0.2661484,,,,,97845730000,5.5777497,0.11,0.11,1.6561681
2023-12-31,yearly,12.32479002487128,1595565590000,,0.06461244,10658488000,15.669588,0.78654206,,14502765000,1.3606775,,,,,,131363630000,9.057834,0.13,0.13,1.3606775
2022-12-31,yearly,9.84300756859724,1525628545000,,0.10303947,10658488000,14.893414,0.66089666,,21217196000,1.9906385,,,,,,104911570000,4.9446483,0.04,0.04,1.9906385
2021-12-31,yearly,10.496113254588675,1478512570000,,0.18638524,10658488000,14.0947485,0.74468255,,23380804000,2.1936324,0.10442506,,,,,111872700000,4.7848096,0.09,0.09,2.1936324
2020-12-31,yearly,14.95911705647975,1496322680000,,0.16289856,9719080000,15.034075,0.99501413,,16033961000,1.6497406,,,,,,145388850000,9.067557,0.04,0.04,1.6497406
2019-12-31,yearly,20.500868353343797,1065460410000,,0.17033081,8870213000,15.280757,1.3416134,,21023023000,2.3700697,0.32314867,,,,,181847060000,8.6499,0.09,0.09,2.3700697
2018-12-31,yearly,20.348290037336,991581826000,,0.1488129,8063829500,15.461155,1.3160912,,16583914000,2.0565805,,,,,,164085140000,9.894235,0.05,0.05,2.0565805
2017-12-31,yearly,17.746300584272802,743046611000,,0.12565552,6719858000,17.514313,1.0132456,,17089364000,2.543114,,,,,,119252615000,6.9781775,0.07,0.07,2.543114
2016-12-31,yearly,15.4177597399646,781923950000,,0.11044411,6108962000,17.266306,0.8929391,,17894248000,2.9291797,,,,,,94186510000,5.2635074,0.08,0.08,2.9291797
2015-12-31,yearly,10.375003592865902,643996713000,,0.15914223,5553601500,16.370415,0.63376546,,18132906000,3.2650714,0.17269336,,,,,57618633000,3.177573,0.13,0.13,3.2650714
2014-12-31,yearly,16.485771020574003,666501050000,,0.1545922,5048729000,16.29951,1.0114274,,15314943000,3.0334253,0.2307901,,,,,83232190000,5.4347043,0.07,0.07,3.0334253
2013-12-31,yearly,14.805818291752962,597109506000,,0.16070057,4207274000,17.137684,0.86393344,,12395920000,2.9463067,0.5138094,,,,,62292130000,5.025213,0.05,0.05,2.9463067
2012-12-31,yearly,15.866239923395701,543200727000,,0.13026991,4207274000,16.957867,0.9356271,,11291570000,2.683821,1.9423935,,,,,66753614000,5.91181,0.06,0.06,2.683821
