endDate,type,price,enterpriseValue,forwardPE,profitMargins,sharesOutstanding,bookValue,priceToBook,earningsQuarterlyGrowth,netIncomeToCommon,trailingEps,pegRatio,enterpriseToRevenue,enterpriseToEbitda,lastDividendValue,lastDividendDate,marketCap,trailingPE,dividendYield,yield,earningsPerShare
2025-12-31,yearly,33.65801434681884,59105140000.0,,,1941400100,5.3489194,6.2924886,,9017329000,4.644756,2.0087032,,5.9901233,,,65343676000.0,7.2464557,0.13,0.13,4.644756
2024-12-31,yearly,29.9829106957078,55099130000.0,,,2000000000,4.8477106,6.184963,,8703353000,4.3516765,0.7241417,,5.6462502,,,59965825000.0,6.889968,0.09,0.09,4.3516765
2023-12-31,yearly,26.049664523012,50324620000.0,,,2000000000,4.908241,5.307332,,7947203000,3.9736016,0.20827086,,5.6499634,,,52099326000.0,6.555681,0.13,0.13,3.9736016
2022-12-31,yearly,23.36718339113112,42683314000.0,,,2000000000,3.7980504,6.1524153,,6044571000,3.0222855,0.14403158,,11.592728,,,46734370000.0,7.731627,0.08,0.08,3.0222855
2021-12-31,yearly,13.3603709522024,24663710000.0,,,2000000000,3.640708,3.6697178,,3933217000,1.9666085,3.173063,,7.951303,,,26720741000.0,6.79361,0.07,0.07,1.9666085
2020-12-31,yearly,18.31049776294875,35837837000.0,,,2000000000,3.1948025,5.7313395,,3850771000,1.9253855,,,12.353615,,,36620993000.0,9.510042,0.23,0.23,1.9253855
2019-12-31,yearly,21.434260602867,36662993000.0,,,2000000000,2.624377,8.167371,,6658781000,3.3293905,0.07305418,,5.840683,,,42868523000.0,6.4378934,0.11,0.11,3.3293905
2018-12-31,yearly,14.945372897738102,25062540000.0,,,2000000000,3.4151926,4.3761435,,3539553000,1.7697765,,,10.076361,,,29890744000.0,8.444779,0.32,0.32,1.7697765
2017-12-31,yearly,12.6555806686295,22350828000.0,,,2000000000,4.449235,2.8444397,,4049245000,2.0246224,7.0889516,,9.19228,,,25311162000.0,6.250835,0.13,0.13,2.0246224
2016-12-31,yearly,11.752954757183641,22479065000.0,,,2000000000,4.1445327,2.8357732,,4013852000,2.006926,,,10.190414,,,23505908000.0,5.856197,0.29,0.29,2.006926
2015-12-31,yearly,8.9089102147552,17478414000.0,,,2000000000,3.790384,2.3503978,,4207432000,2.103716,0.1949855,,7.7766523,,,17817821000.0,4.2348447,0.38,0.38,2.103716
2014-12-31,yearly,10.5180562648848,19967812000.0,,,2000000000,3.961992,2.6547394,,3456683000,1.7283415,0.15315777,,10.247187,,,21036112000.0,6.085635,0.23,0.23,1.7283415
2013-12-31,yearly,7.359189906189,13204026000.0,,,2000000000,3.4706366,2.120415,,2473752000,1.236876,,,9.521452,,,14718379000.0,5.94982,0.11,0.11,1.236876
2012-12-31,yearly,,,,,1941400100,2.9042823,,,0,0.0,,,,,,,,,,0.0
