endDate,type,price,enterpriseValue,forwardPE,profitMargins,sharesOutstanding,bookValue,priceToBook,earningsQuarterlyGrowth,netIncomeToCommon,trailingEps,pegRatio,enterpriseToRevenue,enterpriseToEbitda,lastDividendValue,lastDividendDate,marketCap,trailingPE,dividendYield,yield,earningsPerShare
2025-12-31,yearly,5.7146937408224,18740328000,,0.015470708,1000536900,1.892204,3.0201256,,810488000,0.8100531,0.04641343,0.34178928,3.8858037,,,5717762000,7.0547156,0.03,0.03,0.8100531
2024-12-31,yearly,4.91192690790027,19112886000,,-0.045901325,607283400,0.14361829,34.201263,,-1558712100,-2.5666964,,0.56100744,6.1723046,,,2982931700,-1.9137156,,,-2.5666964
2023-12-31,yearly,7.06391097471472,13593864000,,0.0147084175,607283400,1.0860662,6.5041256,,421054020,0.69334024,,0.5055058,5.304666,,,4289795800,10.188231,0.08,0.08,0.69334024
2022-12-31,yearly,11.794235279877961,14376812000,,0.02114626,607283400,1.7495868,6.7411547,,652533000,1.0745115,1.2251681,0.4641009,5.066253,,,7162443300,10.976369,0.05,0.05,1.0745115
2021-12-31,yearly,9.257768336392001,11985456000,,0.022209197,607283400,1.077143,8.594744,,598879000,0.98616064,,0.44447604,5.0312467,,,5622088000,9.387687,0.12,0.12,0.98616064
2020-12-31,yearly,8.00445014589285,9895130000,,0.03592083,549629060,1.5284345,5.2370253,,697091970,1.2682953,0.0014974978,0.5098915,4.7065096,,,4399478300,6.3111877,0.04,0.04,1.2682953
2019-12-31,yearly,9.845689938590601,11078084000,,0.0009435943,486788580,-0.5786126,-17.016031,,16157000,0.033191,2.9289577,0.6469776,6.418074,,,4792770000,296.63736,,,0.033191
2018-12-31,yearly,3.89533531166964,7851681300,,-0.07800118,376726780,-0.79929006,-4.873494,,-1264782000,-3.3572924,,0.48422605,8.760652,,,1467477100,-1.1602609,,,-3.3572924
2017-12-31,yearly,8.350434063250379,8134457300,,-0.02318968,223618460,0.31784943,26.271666,,-281023000,-1.2567075,,0.67205876,7.169696,,,1867311200,-6.6446915,0.03,0.03,-1.2567075
2016-12-31,yearly,9.06481290630312,5708874000,,0.020213667,229860260,2.2712364,3.9911358,,194870000,0.84777594,0.08599576,0.59167475,5.9015417,,,2083640300,10.692463,,,0.84777594
2015-12-31,yearly,9.92279905435887,6827928600,,-0.083986565,239844660,-1.5958121,-6.2180247,,-800712000,-3.338461,,0.71685815,6.8517175,,,2379930400,-2.9722676,,,-3.338461
2014-12-31,yearly,7.386143412776799,4359694000,,-0.05985462,178002060,2.6997046,2.735908,,-418228000,-2.3495684,,0.6239517,6.6776032,,,1314748800,-3.1436174,,,-2.3495684
2013-12-31,yearly,8.579864173404001,3427404500,,-0.05759758,149000100,2.9773672,2.881695,,-313969000,-2.107173,,0.62812483,6.62641,,,1278400600,-4.0717416,,,-2.107173
2012-12-31,yearly,8.4008045874454,3004084500,,-0.045393366,146575060,5.1462164,1.6324235,,-194096000,-1.3242089,,0.68588114,6.39928,,,1231348500,-6.344018,0.04,0.04,-1.3242089
