endDate,type,price,enterpriseValue,forwardPE,profitMargins,sharesOutstanding,bookValue,priceToBook,earningsQuarterlyGrowth,netIncomeToCommon,trailingEps,pegRatio,enterpriseToRevenue,enterpriseToEbitda,lastDividendValue,lastDividendDate,marketCap,trailingPE,dividendYield,yield,earningsPerShare
2025-12-31,yearly,52.5800002552605,1060230738300,,0.5920525,11670063000,6.8803015,7.642107,,16005964000,1.3715405,0.78298515,,,,,613611900000.0,38.336456,0.03,0.03,1.3715405
2024-12-31,yearly,26.323411455298203,661315240000,,0.31968954,11506120000,5.7249365,4.5980268,,10745004000,0.9338512,3.67909,,,,,307195870000.0,28.188015,0.03,0.03,0.9338512
2023-12-31,yearly,35.055400411335604,666580109000,,0.4165668,11506120000,4.9007106,7.153126,,9980342000,0.8673942,1.2652687,,,,,409098700000.0,40.41461,0.02,0.02,0.8673942
2022-12-31,yearly,21.970873225386498,500865274000,,0.35590646,11506120000,4.3078885,5.100149,,7564216000,0.65740806,6.0531697,,,,,256401470000.0,33.42045,0.03,0.03,0.65740806
2021-12-31,yearly,18.6991678145895,367682652000,,0.7139723,11506120000,3.8798697,4.819535,,7168436000,0.6230107,0.469979,,,,,218220460000.0,30.014198,0.05,0.05,0.6230107
2020-12-31,yearly,20.593498225593603,321851706000,,0.22961429,2796040200,10.469136,1.9670676,,4374656000,1.5645899,1.5046543,,,,,240327430000.0,13.162234,0.06,0.06,1.5645899
2019-12-31,yearly,16.432088864992,242662559000,,0.34709552,2587832000,8.48236,1.9372072,,4022758000,1.5544896,0.16130124,,,,,191763510000.0,10.570729,0.09,0.09,1.5544896
2018-12-31,yearly,5.1808987427075195,67936525000,,0.2801843,2637236500,7.235248,0.71606374,,2430169000,0.92148316,2.4320765,,,,,60461412000.0,5.622348,0.26,0.26,0.92148316
2017-12-31,yearly,3.666589570761882,72448323000,,0.26773512,2681601800,7.0396113,0.52085114,,2375259000,0.88576126,,,,,,42789327000.0,4.139478,0.19,0.19,0.88576126
2016-12-31,yearly,,25307479000,,0.47469157,2730250500,6.2851033,,,4734682000,1.7341566,,,,,,,,,,1.7341566
2015-12-31,yearly,,143002793000,,-0.007292269,2696327400,7.508649,,,736814000,0.27326578,,,,,,,,,,0.27326578
2014-12-31,yearly,,50617216000,,0.16351795,2714902300,5.7074313,,,2117086000,0.7798019,,,,,,,,,,0.7798019
2013-12-31,yearly,,31193534000,,0.2928506,2714902300,4.720861,,,2477803000,0.91266745,,,,,,,,,,0.91266745
2012-12-31,yearly,,16402911000,,0.26700237,2714902300,3.8464622,,,2132990000,0.78565997,,,,,,,,,,0.78565997
