endDate,type,price,enterpriseValue,forwardPE,profitMargins,sharesOutstanding,bookValue,priceToBook,earningsQuarterlyGrowth,netIncomeToCommon,trailingEps,pegRatio,enterpriseToRevenue,enterpriseToEbitda,lastDividendValue,lastDividendDate,marketCap,trailingPE,dividendYield,yield,earningsPerShare
2025-12-31,yearly,19.899998100422,7808188400,,,393096600,19.455194,1.022863,,546993000,1.3914976,,,16.545998,,,7822622000,14.301138,0.16,0.16,1.3914976
2024-12-31,yearly,13.99462877830128,5215396000,,,393096600,21.580872,0.64847374,,1192208000,3.0328627,,,4.596808,,,5501241000,4.61433,0.16,0.16,3.0328627
2023-12-31,yearly,19.04712816600225,7241650700,,,393096600,19.928991,0.95574975,,1896619000,4.8248167,,,3.9596832,,,7487361500,3.9477415,0.16,0.16,4.8248167
2022-12-31,yearly,19.776085993752698,7366189600,,,393096600,19.020773,1.0397099,,3727675000,9.482847,,,2.0201383,,,7773912600,2.0854588,0.17,0.17,9.482847
2021-12-31,yearly,14.740120821295521,5500554000,,,393096600,19.086428,0.77228284,,8079261000,20.552864,0.0015912105,,0.68608785,,,5794291000,0.71718085,0.76,0.76,20.552864
2020-12-31,yearly,11.6987708244615,4544027600,,,348034050,32.338245,0.3617627,,1467052000,4.2152543,0.005983328,,3.1110754,,,4598747600,2.775342,0.17,0.17,4.2152543
2019-12-31,yearly,6.74432073444879,2680842800,,,348034050,27.471033,0.24550663,,-403207000,-1.1585275,,,-6.450257,,,2651169500,-5.82146,0.21,0.21,-1.1585275
2018-12-31,yearly,5.26603182360357,1826774300,,,348034050,28.617441,0.18401477,,1190496000,3.420631,,,1.4800622,,,2070059300,1.5394915,0.37,0.37,3.420631
2017-12-31,yearly,4.741851210433699,1944271600,,,348034050,25.302145,0.18740906,,2328375000,6.6900783,0.0026253287,,0.7449913,,,1864005600,0.70878863,0.3,0.3,6.6900783
2016-12-31,yearly,2.2440831796768,1226389400,,,349547940,22.63184,0.09915602,,629323000,1.8003911,0.010028066,,1.5685135,,,882141500,1.2464421,0.05,0.05,1.8003911
2015-12-31,yearly,0.74822702175495,1659116700,,,349547940,22.649805,0.03303459,,-2590301000,-7.4104314,,,-0.6699406,,,294125500,-0.100969434,1.38,1.38,-7.4104314
2014-12-31,yearly,1.9385196567187397,2061143600,,,349547940,25.570154,0.07581181,,101483000,0.29032642,0.021351995,,35.78685,,,762025540,6.677036,0.88,0.88,0.29032642
2013-12-31,yearly,3.09456938977533,2748869600,,,349547940,25.845453,0.11973361,,-47709000,-0.13648772,,,140.2914,,,1216464800,-22.672878,0.44,0.44,-0.13648772
2012-12-31,yearly,4.0077671996509,3004887600,,,349547940,26.652554,0.15037085,,476737000,1.3638673,,,5.2677035,,,1575439600,2.9385314,0.71,0.71,1.3638673
