endDate,type,price,enterpriseValue,forwardPE,profitMargins,sharesOutstanding,bookValue,priceToBook,earningsQuarterlyGrowth,netIncomeToCommon,trailingEps,pegRatio,enterpriseToRevenue,enterpriseToEbitda,lastDividendValue,lastDividendDate,marketCap,trailingPE,earningsPerShare,dividendYield,yield
2025-12-31,yearly,16.737968223038248,28367378000.0,,0.12141668,464557280,25.344965,0.66040605,,1411225000,3.0377848,0.021596342,2.4406264,6.097965,,,7775745000.0,5.509926,3.0377848,,
2024-12-31,yearly,23.377495863775202,34643964000.0,,-0.10424632,464180800,22.671492,1.0311406,,-909691000,-1.9597774,,3.9700358,9.254496,,,10851384000.0,-11.928649,-1.9597774,0.03,0.03
2023-12-31,yearly,25.267110707266003,16345892000.0,,0.07566118,240429040,23.146498,1.091617,,405233980,1.6854619,0.08770148,2.9085274,8.667101,,,6074946600.0,14.991208,1.6854619,0.01,0.01
2022-12-31,yearly,36.4981364270568,9466856000.0,,0.07414908,203087630,21.376364,1.7074062,,149568990,0.7364751,0.0029805726,5.496247,17.201239,,,7412319700.0,49.557865,0.7364751,0.05,0.05
2021-12-31,yearly,31.187604087809603,4522139600.0,,0.021971725,202593070,20.610008,1.5132262,,-905000,-0.0044670827,-70.06108,6.2134457,8.493669,,,6318393000.0,-6981.6494,-0.0044670827,0.01,0.01
2020-12-31,yearly,34.427088037312004,3991472400.0,,-1.3538535,109504344,9.83614,3.5000608,,-259232990,-2.3673306,,19.54171,-30.074612,,,3769915400.0,-14.542576,-2.3673306,0.03,0.03
2019-12-31,yearly,26.203351101904897,7025386500.0,,-0.9866049,265806910,0.8908459,29.414011,,-31966000,-0.12026023,,216.83292,-872.93567,,,6965031400.0,-217.88875,-0.12026023,0.07,0.07
2018-12-31,yearly,,,,0.5333918,265806910,12.03726,,,425222020,1.5997403,,,,,,,,1.5997403,,
2017-12-31,yearly,,,,0.7122911,265806910,11.700636,,,357375000,1.344491,,,,,,,,1.344491,,
2016-12-31,yearly,,,,0.3209082,265806910,10.457392,,,152898000,0.5752221,,,,,,,,0.5752221,,
2015-12-31,yearly,,,,0.18866286,265806910,10.116987,,,93613000,0.35218424,,,,,,,,0.35218424,,
2014-12-31,yearly,,,,0.329979,265806910,9.513779,,,166056000,0.62472415,,,,,,,,0.62472415,,
2013-12-31,yearly,,,,0.39548805,265806910,9.063184,,,192242000,0.7232393,,,,,,,,0.7232393,,
2012-12-31,yearly,,,,0.17838402,10401002,214.19061,,,82468000,7.9288516,,,,,,,,7.9288516,,
