endDate,type,price,enterpriseValue,forwardPE,profitMargins,sharesOutstanding,bookValue,priceToBook,earningsQuarterlyGrowth,netIncomeToCommon,trailingEps,pegRatio,enterpriseToRevenue,enterpriseToEbitda,lastDividendValue,lastDividendDate,marketCap,trailingPE,earningsPerShare,dividendYield,yield
2025-12-31,yearly,7.88999981449029,60883970000,,-0.1549981,797207800,-20.699747,-0.38116407,,-9880001000,-12.393257,-0.05004671,0.8609524,21.243536,,,6289969700,-0.63663656,-12.393257,,
2024-12-31,yearly,11.579999677361151,72318665000,,-0.15568846,797207800,-5.3662295,-2.1579397,,-11320001000,-14.199561,,0.9342169,18.682167,,,9231666000,-0.81551814,-14.199561,,
2023-12-31,yearly,21.100000978200402,63675085000,,-0.06929388,797207800,4.113106,5.1299434,,-4579000000,-5.7437973,,0.9023096,26.377419,,,16821084000,-3.673528,-5.7437973,,
2022-12-31,yearly,23.75999963866875,63189630000,,-0.008499763,797207800,7.6620135,3.1010125,,-335677000,-0.42106587,,0.654684,7.0169864,,,18941657000,-56.428226,-0.42106587,0.07,0.07
2021-12-31,yearly,55.3980216658116,94500850000,,0.13218077,797207800,7.7819457,7.118788,,13984946000,17.54241,0.010220267,0.8946809,3.1268914,,,44163736000,3.157948,17.54241,0.15,0.15
2020-12-31,yearly,19.841395760010002,61209833000,,-0.11983067,797218560,-4.85001,-4.091001,,-6691720000,-8.393834,,1.0455446,15.394095,,,15817716000,-2.3638062,-8.393834,,
2019-12-31,yearly,25.1279477668362,60283904000,,-0.05536655,797218560,4.948086,5.0783167,,-2797570000,-3.5091631,,1.1521376,16.85939,,,20032195000,-7.1606665,-3.5091631,0.06,0.06
2018-12-31,yearly,38.748049567656004,53889040000,,0.050124425,797218560,7.414836,5.225746,,2866675000,3.5958457,,0.9291235,4.7712555,,,30890248000,10.775782,3.5958457,0.05,0.05
2017-12-31,yearly,33.72564617275775,50506834000,,0.083907254,797218600,7.1377535,4.7249665,,4082990000,5.121544,0.0060286764,1.025299,4.1102843,,,26886349000,6.585055,5.121544,0.06,0.06
2016-12-31,yearly,25.2513900732516,41895555000,,-0.015298698,797265300,2.1582654,11.699854,,-411472000,-0.5161042,,0.87897706,4.852197,,,20130605000,-48.926918,-0.5161042,0.12,0.12
2015-12-31,yearly,17.8153438097858,50671530000,,0.06130703,797265340,1.6778743,10.617806,,3140311000,3.938853,0.017169235,1.0716649,5.5275297,,,14202531000,4.522978,3.938853,0.03,0.03
2014-12-31,yearly,10.720350420065001,35325907000,,0.015778385,797265340,7.39321,1.4500265,,864064000,1.0837847,0.14227374,0.76743084,6.2795253,,,8546346500,9.891586,1.0837847,0.06,0.06
2013-12-31,yearly,12.392940379589998,33775923000,,0.012375991,797265340,9.634602,1.286295,,509697000,0.6393066,0.11422252,0.8244165,7.042506,,,9879750000,19.384972,0.6393066,,
2012-12-31,yearly,8.03770764687099,24627134000,,-0.020789478,797265340,10.866897,0.73965067,,-731143000,-0.9170636,,0.6934604,7.0922947,,,6407722500,-8.764612,-0.9170636,0.08,0.08
