endDate,type,price,enterpriseValue,forwardPE,profitMargins,sharesOutstanding,bookValue,priceToBook,earningsQuarterlyGrowth,netIncomeToCommon,trailingEps,pegRatio,enterpriseToRevenue,enterpriseToEbitda,lastDividendValue,lastDividendDate,marketCap,trailingPE,dividendYield,yield,earningsPerShare
2025-12-31,yearly,10.991057758148,55828185000,,0.11460748,2861782000,9.98738,1.1004946,,4897409000,1.7113144,,1.3058833,6.7395034,,,31454011000,6.422582,0.08,0.08,1.7113144
2024-12-31,yearly,10.0381315946088,47545303000,,0.17878842,2861782000,9.568542,1.0490764,,7117146000,2.486963,0.17197727,1.1940169,4.224762,,,28726942000,4.0363007,0.1,0.1,2.486963
2023-12-31,yearly,7.2603893159067985,38347964000,,0.15649582,2861782000,8.615329,0.8427292,,5764273000,2.014225,0.08822565,1.0406568,4.5092974,,,20777650000,3.604557,0.09,0.09,2.014225
2022-12-31,yearly,6.75182007331335,37774920000,,0.118805386,2201370600,9.895319,0.68232465,,4092313000,1.8589841,0.39956295,1.0961069,5.4991245,,,19322237000,3.6319945,0.12,0.12,1.8589841
2021-12-31,yearly,7.437347053976249,42096353000,,0.11153943,1693362000,11.492973,0.64712125,,3751321000,2.2153096,0.10837932,1.2511504,5.261861,,,21284067000,3.3572497,0.08,0.08,2.2153096
2020-12-31,yearly,7.83477589574456,46355583000,,0.11357078,1693362000,10.321094,0.75910324,,2864110000,1.6913749,,1.8374931,8.1392,,,22421420000,4.632193,0.06,0.06,1.6913749
2019-12-31,yearly,7.2387549444206005,48309625000,,0.12319951,1458752600,10.893461,0.6645046,,3127398000,2.1438851,0.040218104,1.90268,11.876637,,,20715737000,3.3764658,0.12,0.12,2.1438851
2018-12-31,yearly,7.054183949085,41312510000,,0.07822223,1458752600,10.926682,0.6455925,,1700099000,1.1654471,0.08665649,1.8553898,12.404334,,,20187537000,6.052771,0.08,0.08,1.1654471
2017-12-31,yearly,3.2129462225591503,28723830000,,0.046131648,1458752600,9.823555,0.32706553,,1000954000,0.6861712,0.02348406,1.3229661,8.225198,,,9194751000,4.6824265,0.04,0.04,0.6861712
2016-12-31,yearly,3.5119534091508005,30532070000,,0.017831998,1258841600,10.27482,0.34180194,,334334020,0.26558864,,1.6264118,11.567767,,,10050445000,13.223282,0.14,0.14,0.26558864
2015-12-31,yearly,2.56388190287944,25081594000,,0.11595804,1258841600,10.317164,0.24850646,,2468500000,1.9609298,,1.1779704,5.0860143,,,7337271300,1.3074828,0.21,0.21,1.9609298
2014-12-31,yearly,5.32552404035145,32241740000,,0.16054097,1258841600,8.964553,0.59406465,,3136639000,2.4916868,2.023524,1.6500734,5.052522,,,15240489000,2.1373167,0.69,0.69,2.4916868
2013-12-31,yearly,4.4972112823120005,23226550000,,0.21219632,1258841600,10.039673,0.447944,,3103855000,2.465644,,1.5878925,4.4785824,,,12870038000,1.8239499,0.44,0.44,2.465644
2012-12-31,yearly,6.7675567952849995,36851490000,,0.23139752,962672400,12.51107,0.5409255,,4271685000,4.4373193,0.01984615,1.9962482,7.2497234,,,19367272000,1.5251453,1.28,1.28,4.4373193
