endDate,type,price,enterpriseValue,forwardPE,profitMargins,sharesOutstanding,bookValue,priceToBook,earningsQuarterlyGrowth,netIncomeToCommon,trailingEps,pegRatio,enterpriseToRevenue,enterpriseToEbitda,lastDividendValue,lastDividendDate,marketCap,trailingPE,dividendYield,yield,earningsPerShare
2025-12-31,yearly,3.1445266885544605,16582940000,,0.08352047,3000000000,4.4849167,0.7011338,,625519000,0.20850633,,2.3633657,8.348784,,,9433581000,15.081204,0.06,0.06,0.20850633
2024-12-31,yearly,0.92962469362005,10075363000,,0.15517043,3000000000,4.515045,0.20589489,,879871000,0.29329035,0.011380432,1.5765928,4.9375916,,,2788874000,3.1696398,,,0.29329035
2023-12-31,yearly,2.8656321122122796,17175775000,,-0.08793994,3000000000,4.2354264,0.67658645,,-492879000,-0.164293,-2.5590718,2.9538043,12.270874,,,8596896000,-17.442204,,,-0.164293
2022-12-31,yearly,1.8080773244809998,14566299000,,-0.10624048,3000000000,4.413796,0.40964225,,-528929980,-0.17630999,,2.8605108,14.970533,,,5424232000,-10.255104,,,-0.17630999
2021-12-31,yearly,2.0980520362758597,15180176000,,-0.10736268,3000000000,4.5902214,0.4570699,,-489125000,-0.16304167,-0.1405204,3.1770604,18.290272,,,6294156000,-12.868196,,,-0.16304167
2020-12-31,yearly,3.94877256336704,21070360000,,-1.1018484,3000000000,4.761721,0.82927424,,-5805835000,-1.9352783,,3.9988205,-8.701989,,,11846318000,-2.040416,,,-1.9352783
2019-12-31,yearly,9.748266905452402,33727875000,,0.03452132,1876606200,8.438249,1.1552476,,235244000,0.12535608,,4.799622,15.229246,,,18293656000,77.7646,0.01,0.01,0.12535608
2018-12-31,yearly,7.7929533550796215,22829982000,,0.22981739,1644248200,9.7350445,0.80050516,,1403747000,0.8537318,,3.7668836,13.2603245,,,12813550000,9.128105,0.05,0.05,0.8537318
2017-12-31,yearly,14.923476542793,25153628000,,0.33868322,1644248200,9.249045,1.6135154,,1882316000,1.1447883,13.747758,4.525867,11.914257,,,24537901000,13.0360155,0.03,0.03,1.1447883
2016-12-31,yearly,10.561525920198,18555361000,,0.35552627,1626069800,8.517078,1.240041,,1864635000,1.1467128,0.27446607,3.537914,8.403677,,,17173780000,9.210263,0.03,0.03,1.1467128
2015-12-31,yearly,7.352444064176639,14758961000,,0.26516974,1626069800,7.662456,0.95954144,,1396134000,0.8585941,0.21663094,2.8031907,7.8704257,,,11955587000,8.563353,0.02,0.02,0.8585941
2014-12-31,yearly,11.77176139811335,21975364000,,0.26509646,1625160800,7.0432463,1.6713545,,1000600000,0.6156929,0.20404969,5.8220983,17.027445,,,19131007000,19.119534,0.15,0.15,0.6156929
2013-12-31,yearly,7.22965900359456,2618264300,,0.256243,268703870,9.745632,0.74183583,,516571000,1.9224546,0.024157375,1.2987796,3.9256575,,,1942637300,3.7606397,0.08,0.08,1.9224546
2012-12-31,yearly,4.1062579483368,2063310200,,0.14374565,268703870,8.359404,0.4912142,,202044000,0.7519207,0.0123949135,1.4679569,6.2716312,,,1103367300,5.4610248,,,0.7519207
