endDate,type,price,enterpriseValue,forwardPE,profitMargins,sharesOutstanding,bookValue,priceToBook,earningsQuarterlyGrowth,netIncomeToCommon,trailingEps,pegRatio,enterpriseToRevenue,enterpriseToEbitda,lastDividendValue,lastDividendDate,marketCap,trailingPE,dividendYield,yield,earningsPerShare
2025-12-31,yearly,48.0358259883012,97059580000,,0.12943071,1152254500,20.398714,2.3548458,,5484324000,4.7596464,20.650988,2.187614,7.3946066,,,55349494000,10.092309,0.12,0.12,4.7596464
2024-12-31,yearly,24.4044863451519,67939730000,,0.13515824,1152254500,18.915117,1.2902107,,5457652000,4.736499,,1.5937738,5.304659,,,28120180000,5.152432,0.23,0.23,4.736499
2023-12-31,yearly,24.995571386443196,62991553000,,0.13932355,1152254500,17.356194,1.4401528,,5527101000,4.796771,0.62158084,1.5849648,5.0483394,,,28801260000,5.210916,0.2,0.2,4.796771
2022-12-31,yearly,18.565571673334002,45598880000,,0.13261122,365660320,47.96786,0.3870419,,5099586000,13.9462385,0.17980237,1.1586778,3.8154383,,,6788693500,1.3312244,0.17,0.17,13.9462385
2021-12-31,yearly,13.6577902122684,42643423000,,0.12378813,365660320,45.960354,0.2971646,,4748049000,12.984862,0.034681432,1.0875609,4.808008,,,4994112000,1.051824,0.35,0.35,12.984862
2020-12-31,yearly,13.962863899961999,25644175000,,0.11997317,500000000,28.471556,0.4904145,,3643149000,7.286298,0.055069625,0.82995,3.9453568,,,6981432000,1.9163179,0.13,0.13,7.286298
2019-12-31,yearly,14.417760148881198,38012686000,,0.09181657,1152254500,11.528042,1.2506686,,2702671000,2.3455503,0.19624372,1.269948,6.2194433,,,16612930000,6.1468563,0.03,0.03,2.3455503
2018-12-31,yearly,11.547992840427002,34490896000,,0.076981336,1017914750,12.31182,0.93795985,,2058040100,2.0218196,0.076721326,1.2258363,6.437286,,,11754873000,5.711683,0.02,0.02,2.0218196
2017-12-31,yearly,7.6661957172381205,28564312000,,0.04647771,1017914750,10.9894705,0.69759464,,1179750000,1.158987,0.21368629,1.0680281,6.2339687,,,7803533300,6.6145654,0.03,0.03,1.158987
2016-12-31,yearly,9.8611301942595,30075097000,,0.045994814,1017914750,10.190115,0.9677153,,900885000,0.8850299,2.6811223,1.5736163,7.765654,,,10037790000,11.142143,0.02,0.02,0.8850299
2015-12-31,yearly,5.8759193404991,24792525000,,0.043317955,1017914750,9.951853,0.5904347,,864940030,0.84971756,,1.2269961,7.190332,,,5981185000,6.915144,,,0.84971756
2014-12-31,yearly,7.157163269529001,24567796000,,0.05122189,993014200,9.45053,0.7573293,,949177000,0.9558544,5.9696584,1.4196162,7.0689454,,,7107165000,7.4877133,0.14,0.14,0.9558544
2013-12-31,yearly,7.0212061399379895,18455382000,,0.06485208,500000000,17.597437,0.39899027,,937419000,1.874838,,1.2611428,5.6769586,,,3510603000,3.7449667,0.12,0.12,1.874838
2012-12-31,yearly,7.8211951544622,24650584000,,0.08347537,962274240,8.736658,0.8952159,,1225924000,1.2739861,,1.6373527,6.8237157,,,7526135300,6.139153,0.25,0.25,1.2739861
