endDate,type,price,enterpriseValue,forwardPE,profitMargins,sharesOutstanding,bookValue,priceToBook,earningsQuarterlyGrowth,netIncomeToCommon,trailingEps,pegRatio,enterpriseToRevenue,enterpriseToEbitda,lastDividendValue,lastDividendDate,marketCap,trailingPE,dividendYield,yield,earningsPerShare
2025-12-31,yearly,12.08305766197916,61238727000,,0.1029197,2982810600,7.7416844,1.5607789,,2688614000,0.90136933,,2.3447971,9.382518,,,36041470000,13.405223,0.1,0.1,0.90136933
2024-12-31,yearly,7.324431932994201,42345980000,,0.12358684,2982810600,8.5948925,0.85218424,,2809631000,0.9419408,0.31887433,1.8694942,7.6578803,,,21847394000,7.775894,0.05,0.05,0.9419408
2023-12-31,yearly,7.880124805126471,42085130000,,0.10834384,2982810600,8.110359,0.97161233,,2258810000,0.7572757,0.10090154,1.959319,8.289771,,,23504920000,10.405887,0.04,0.04,0.7572757
2022-12-31,yearly,5.634925392438954,35782630000,,0.052414067,2736553700,7.7218385,0.72973883,,1112007000,0.40635306,,1.6318446,8.48489,,,15420275000,13.867066,0.14,0.14,0.40635306
2021-12-31,yearly,4.39080969403252,30633101000,,0.21049622,2736553700,8.103343,0.54185164,,4952573000,1.8097847,0.090351425,1.2772154,4.692156,,,12015688000,2.4261506,0.27,0.27,1.8097847
2020-12-31,yearly,4.25392032637195,27895493000,,0.20982653,2736553700,7.4000077,0.5748535,,3904202000,1.4266857,0.03099576,1.4970815,5.3001223,,,11641081000,2.98168,0.66,0.66,1.4266857
2019-12-31,yearly,4.036728363489001,14948225000,,0.12699053,273655360,64.30794,0.06277185,,1989946000,7.2717233,0.013400602,0.920215,3.488894,,,1104672300,0.5551267,0.64,0.64,7.2717233
2018-12-31,yearly,1.680494774687136,14583102000,,0.09668733,273655360,59.696304,0.028150734,,1407063000,5.1417336,0.009046356,0.97645247,4.6395335,,,459876420,0.32683426,0.63,0.63,5.1417336
2017-12-31,yearly,1.111957561026774,13162193000,,0.079735406,273655360,56.678967,0.019618522,,1033626000,3.7771084,0.03764147,0.93850935,4.581373,,,304293150,0.29439387,2.42,2.42,3.7771084
2016-12-31,yearly,0.9118126116841561,11188425000,,0.072340705,273655360,55.381508,0.016464207,,958650000,3.503129,,0.8539639,4.0649734,,,249522400,0.2602852,1.25,1.25,3.503129
2015-12-31,yearly,0.7203862739119199,9114760000,,0.085927464,273655360,53.295055,0.013516944,,1192738000,4.3585405,,0.61886746,3.5257332,,,197137570,0.16528153,1.17,1.17,4.3585405
2014-12-31,yearly,1.081030808065116,8262172700,,0.095959574,273655360,50.000042,0.021620598,,1205950000,4.4068203,0.019724729,0.59361017,3.5310588,,,295829900,0.24530858,1.99,1.99,4.4068203
2013-12-31,yearly,0.8804997704109,5957499400,,0.11997923,273655360,47.24465,0.018637026,,1072560000,3.9193823,0.004232947,0.64895,3.256539,,,240953490,0.2246527,2.35,2.35,3.9193823
2012-12-31,yearly,0.93590965099375,4240913700,,0.085150205,273655360,45.66875,0.020493437,,700688000,2.560476,,0.4970471,2.7341206,,,256116670,0.3655217,0.73,0.73,2.560476
