endDate,type,price,enterpriseValue,forwardPE,profitMargins,sharesOutstanding,bookValue,priceToBook,earningsQuarterlyGrowth,netIncomeToCommon,trailingEps,pegRatio,enterpriseToRevenue,enterpriseToEbitda,lastDividendValue,lastDividendDate,marketCap,trailingPE,earningsPerShare,dividendYield,yield
2025-12-31,yearly,5.3200000620672006,108777540000,,-0.25222057,8000000000,3.876204,1.3724768,,-9722125000,-1.2152656,,2.6912746,29.471277,,,42560000000,-4.3776436,-1.2152656,,
2024-12-31,yearly,8.160000616867,87693060000,,-0.18570256,1866570900,21.10735,0.38659522,,-9423795000,-5.048721,,1.9952577,8.329048,,,15231219000,-1.616251,-5.048721,0.06,0.06
2023-12-31,yearly,18.5665844747733,98477470000,,0.1237631,1874070900,27.203442,0.68250865,,1094391000,0.5839646,,2.4950905,6.0136266,,,34795094000,31.794025,0.5839646,0.02,0.02
2022-12-31,yearly,16.100453858317778,92481790000,,0.07098796,1874070900,25.703083,0.62640166,,1176032000,0.627528,,2.3273253,8.504161,,,30173393000,25.656948,0.627528,0.03,0.03
2021-12-31,yearly,19.9422816547322,81861270000,,0.25497803,1874070900,15.404978,1.2945349,,6123216000,3.2673342,0.009863385,3.2866576,7.5116944,,,37373250000,6.103533,3.2673342,0.07,0.07
2020-12-31,yearly,16.91544519516405,47299110000,,0.06727577,1874070900,6.1394763,2.7551935,,851858000,0.4545495,,3.5013587,15.496163,,,31700744000,37.213646,0.4545495,0.09,0.09
2019-12-31,yearly,15.2154957501918,17940087000,,0.18312636,394209980,28.059198,0.5422641,,2425405000,6.152571,0.052856352,1.3229718,4.3020167,,,5998100500,2.4730303,6.152571,0.07,0.07
2018-12-31,yearly,7.6408548090897,15384635000,,0.18484636,398904350,27.382837,0.2790381,,1652321000,4.1421485,0.07199843,1.4937845,4.630052,,,3047970300,1.8446599,4.1421485,0.15,0.15
2017-12-31,yearly,8.8527712605456,15322920000,,0.19692008,407904350,25.244312,0.3506838,,1315324000,3.2245893,0.10186481,1.9975708,4.424324,,,3611084300,2.7453952,3.2245893,0.11,0.11
2016-12-31,yearly,7.73805735183756,13386143000,,0.18431784,407904350,26.458014,0.29246554,,1036085000,2.5400195,0.05495841,1.7749283,3.9270003,,,3156387300,3.046456,2.5400195,0.28,0.28
2015-12-31,yearly,4.76698824902976,14544636000,,0.114561565,407214370,30.781517,0.15486528,,666584000,1.6369363,0.022704229,1.7208716,5.613028,,,1941186000,2.9121401,1.6369363,0.14,0.14
2014-12-31,yearly,5.296835226207699,13582320000,,0.07896193,407214370,30.571793,0.1732589,,292023000,0.7171235,0.29884133,1.667184,6.581126,,,2156947200,7.3862243,0.7171235,0.14,0.14
2013-12-31,yearly,7.126160500998,14860664000,,0.07607324,407214370,33.189816,0.21470925,,234150000,0.5750043,,2.160541,8.731833,,,2901875000,12.39323,0.5750043,0.05,0.05
2013-03-31,yearly,8.12535127517036,18613342000,,0.028927935,407214370,32.895874,0.24700214,,638225000,1.5672948,,0.62010396,5.922865,,,3308759800,5.184315,1.5672948,0.08,0.08
