endDate,type,price,enterpriseValue,forwardPE,profitMargins,sharesOutstanding,bookValue,priceToBook,earningsQuarterlyGrowth,netIncomeToCommon,trailingEps,pegRatio,enterpriseToRevenue,enterpriseToEbitda,lastDividendValue,lastDividendDate,marketCap,trailingPE,dividendYield,yield,earningsPerShare
2025-12-31,yearly,,7251934000,,0.16995339,0,,,,1415744000,,,0.87056047,2.4553711,,,0,,,,
2024-12-31,yearly,,5678082000,,0.16716415,0,,,,1316920100,,,0.72075117,2.0311174,,,0,,,,
2023-12-31,yearly,,4254599000,,0.18628787,0,,,,1379346000,,,0.57460576,1.6498592,,,0,,,,
2022-12-31,yearly,,3816279000,,0.13653582,0,,,,843362000,,,0.6178353,1.9250132,,,0,,,,
2021-12-31,yearly,,3541569000,,0.09119821,0,,,,537587000,,,0.6008046,2.2198515,,,0,,,,
2020-12-31,yearly,,3717751000,,0.1528028,0,,,,816477000,,,0.6957731,1.9297293,,,0,,,,
2019-12-31,yearly,,3527861000,,0.1462752,0,,,,754374000,,,0.684062,2.0062118,,,0,,,,
2018-12-31,yearly,10.929538852600801,5298502000,,0.12215859,126751024,49.124912,0.22248465,,578700030,4.565644,0.7346464,1.1184682,3.5539808,,,1385330300,2.3938658,0.37,0.37,4.565644
2017-12-31,yearly,6.890139322014381,4360118300,,0.12953907,126751024,49.264637,0.13985974,,560438000,4.421566,0.053577006,1.0077933,2.8671613,,,873332160,1.5583029,0.3,0.3,4.421566
2016-12-31,yearly,5.45384820403266,4441281000,,0.10765546,126751024,46.861057,0.11638338,,434161000,3.4253056,0.00041406433,1.1012691,3.181185,,,691280900,1.5922225,0.12,0.12,3.4253056
2015-12-31,yearly,2.26362117307788,4376387000,,-0.0030231043,119684430,47.181156,0.04797723,,-11592000,-0.0968547,,1.1413281,5.0614433,,,270920220,-23.37131,0.04,0.04,-0.0968547
2014-12-31,yearly,3.6574839093490503,4318088700,,0.07700502,119684430,46.259686,0.079064175,,318141000,2.6581652,,1.0451797,3.897449,,,437743870,1.3759431,0.31,0.31,2.6581652
2013-12-31,yearly,5.228870248377216,3956080400,,0.11244317,119684430,44.595264,0.117251694,,419795000,3.5075157,,1.0596464,3.4195557,,,625814400,1.4907619,0.24,0.24,3.5075157
2012-12-31,yearly,6.176610164818579,3778781000,,0.13689096,119684430,41.695183,0.14813726,,481723000,4.024943,0.41404775,1.0738142,3.3059247,,,739243970,1.5345831,0.2,0.2,4.024943
