endDate,type,price,enterpriseValue,forwardPE,profitMargins,sharesOutstanding,bookValue,priceToBook,earningsQuarterlyGrowth,netIncomeToCommon,trailingEps,pegRatio,enterpriseToRevenue,enterpriseToEbitda,lastDividendValue,lastDividendDate,marketCap,trailingPE,earningsPerShare,dividendYield,yield
2025-12-31,yearly,8.94000041872095,63984720000,,-0.033633817,1326094000,11.866693,0.75336915,,-2002374000,-1.5099789,-0.26032135,1.4282959,7.135459,,,11855280000,-5.9206123,-1.5099789,,
2024-12-31,yearly,8.8599996655072,59680360000,,-0.035207838,1326094000,11.657632,0.7600171,,-2591851000,-1.9545002,,1.3660753,7.4081163,,,11749193000,-4.5331283,-1.9545002,0.14,0.14
2023-12-31,yearly,17.52531172953,60102136000,,0.008861513,1326094000,14.844225,1.1806148,,-318206020,-0.23995736,,1.32273,7.022244,,,23240210000,-73.03511,-0.23995736,0.11,0.11
2022-12-31,yearly,11.46359913679515,48010800000,,0.048863716,1326094000,16.451355,0.69681793,,1554060000,1.1719079,,1.0822476,4.567371,,,15201811000,9.781998,1.1719079,0.25,0.25
2021-12-31,yearly,16.511543575348252,40568910000,,0.2837621,1387524100,16.846115,0.98013955,,12258628000,8.834894,0.008377697,0.84673727,1.7830632,,,22910163000,1.8689011,8.834894,0.12,0.12
2020-12-31,yearly,20.201575242755197,55453630000,,0.14278257,1387524100,8.109052,2.4912376,,3794295000,2.7345796,0.06591094,1.8445181,6.737033,,,28030173000,7.387452,2.7345796,0.0,0.0
2019-12-31,yearly,8.93978176374,41695265000,,0.088240065,1387524100,8.188638,1.09173,,1789067000,1.2893952,,1.6391957,8.238139,,,12404162000,6.933313,1.2893952,0.11,0.11
2018-12-31,yearly,5.4468727616628225,35942920000,,0.22641861,1387524100,7.2167683,0.75475234,,5074136000,3.6569715,3.0213332e-05,1.5648527,4.372841,,,7557667300,1.489449,3.6569715,,
2017-12-31,yearly,5.13342583424248,35754060000,,0.006004394,1387524100,5.9733944,0.8593817,,10272000,0.007403115,6.8587723,1.9300854,8.057616,,,7122752500,693.41437,0.007403115,,
2016-12-31,yearly,6.4167830670245,36661756000,,-0.049744036,1387524100,5.322085,1.2056897,,-934747000,-0.6736798,,2.1378427,11.2185,,,8903441000,-9.524974,-0.6736798,,
2015-12-31,yearly,2.36563413015424,31121144000,,0.10539829,1387524100,6.295864,0.37574416,,1617793000,1.1659567,0.0012389881,2.029836,4.897524,,,3282374400,2.0289211,1.1659567,0.09,0.09
2014-12-31,yearly,3.05645056400364,36014588000,,-0.006961763,1387524100,4.1332436,0.7394799,,-105218000,-0.07583147,,2.2332923,8.785122,,,4240898600,-40.30583,-0.07583147,0.35,0.35
2013-12-31,yearly,7.203329964472651,39918625000,,0.03084454,1457970000,5.5344477,1.3015445,,509025000,0.3491327,0.09328863,2.305778,9.336932,,,10502240000,20.63207,0.3491327,0.14,0.14
2012-12-31,yearly,5.670746376789669,29997950000,,-0.02844262,1457970000,6.1781197,0.91787577,,-420113000,-0.28814927,,1.7754191,16.021568,,,8267778000,-19.679892,-0.28814927,0.18,0.18
