endDate,type,price,enterpriseValue,forwardPE,profitMargins,sharesOutstanding,bookValue,priceToBook,earningsQuarterlyGrowth,netIncomeToCommon,trailingEps,pegRatio,enterpriseToRevenue,enterpriseToEbitda,lastDividendValue,lastDividendDate,marketCap,trailingPE,earningsPerShare,dividendYield,yield
2025-12-31,yearly,2.15999985864612,1371613800.0,,-0.027500968,525591100,0.9109572,2.3711321,,-40935000,-0.077883735,-0.45925435,0.92147815,2.7162068,,,1135276800.0,-27.733644,-0.077883735,,
2024-12-31,yearly,1.3800001391571202,1002102700.0,,-0.07273627,525591100,1.0114936,1.3643192,,-103341000,-0.19661863,-0.0907025,0.70532715,3.1983566,,,725315700.0,-7.0186634,-0.19661863,,
2023-12-31,yearly,3.27999991968864,2216742700.0,,-0.31889662,525591100,1.1567148,2.8356168,,-456880000,-0.8692689,,1.5472592,25.18425,,,1723938800.0,-3.7732859,-0.8692689,,
2022-12-31,yearly,4.490000147398,1594358400.0,,-0.35481563,277247300,1.141508,3.9333935,,-433441000,-1.5633732,-0.318879,1.3051448,9.627361,,,1244840300.0,-2.871995,-1.5633732,,
2021-12-31,yearly,13.4200005724185,3472818200.0,,-0.5892505,224934820,1.6684477,8.043405,,-476343000,-2.1176934,-0.105279654,4.205063,-14.774556,,,3018625300.0,-6.3370833,-2.1176934,,
2020-12-31,yearly,20.580000875368324,5367507000.0,,-1.9632833,201177260,0.28660297,71.806656,,-1196627000,-5.9481225,,8.590224,-4.5082674,,,4140228000.0,-3.4599152,-5.9481225,,
2019-12-31,yearly,21.90000213843728,5444316700.0,,-0.0010909904,149328580,5.3519297,4.0919824,,-3904000,-0.026143689,,3.1848242,12.709735,,,3270295800.0,-837.6783,-0.026143689,0.02,0.02
2018-12-31,yearly,30.2427015033643,6152372000.0,,0.15629613,148591070,7.5045023,4.029941,,270277000,1.8189317,0.80253726,3.6349313,9.335029,,,4493795300.0,16.626629,1.8189317,0.02,0.02
2017-12-31,yearly,24.474884231572,4552630300.0,,0.20034005,146383780,5.4287777,4.50836,,223892000,1.5294864,0.615831,3.8414118,8.112617,,,3582726100.0,16.002028,1.5294864,0.02,0.02
2016-12-31,yearly,11.49479554202,1967939600.0,,0.18535917,134330240,5.339252,2.152885,,177714000,1.3229635,2.2788265,1.8496907,3.9341795,,,1544098600.0,8.688671,1.3229635,0.14,0.14
2015-12-31,yearly,6.0147346341632,1145209700.0,,0.19870527,134330240,4.923292,1.2216896,,171187010,1.2743744,0.27029723,1.2986019,2.753656,,,807960700.0,4.7197547,1.2743744,0.23,0.23
2014-12-31,yearly,6.31370605919193,810068860.0,,0.20396343,133302190,3.4419987,1.8343139,,145739010,1.093298,0.18937494,1.1337007,2.3077636,,,841630850.0,5.774918,1.093298,0.04,0.04
2013-12-31,yearly,6.1442420857959,866156350.0,,0.17417954,129729000,2.438013,2.5201843,,111682000,0.86088693,0.015675602,1.3508596,2.9886425,,,797086400.0,7.137107,0.86088693,,
2012-12-31,yearly,,,,0.032263808,525591100,0.4007526,,,20112000,0.03826549,,,,,,,,0.03826549,,
