endDate,type,price,enterpriseValue,forwardPE,profitMargins,sharesOutstanding,bookValue,priceToBook,earningsQuarterlyGrowth,netIncomeToCommon,trailingEps,pegRatio,enterpriseToRevenue,enterpriseToEbitda,lastDividendValue,lastDividendDate,marketCap,trailingPE,dividendYield,yield,earningsPerShare
2025-12-31,yearly,24.899475505666818,19668814000,,0.25423998,456800000,25.102417,0.99191546,,2006756000,4.3930736,0.26124594,2.0872102,8.151713,,,11374080000,5.667894,0.15,0.15,4.3930736
2024-12-31,yearly,12.5877693015316,10375571000,,0.24116586,384000000,25.909567,0.4858348,,1648996000,4.2942605,0.039065298,1.302533,5.0196476,,,4833703400,2.9313009,0.05,0.05,4.2942605
2023-12-31,yearly,16.695893136476098,10793496000,,0.17683564,399742780,21.263239,0.7851999,,942090000,2.3567405,0.43017498,1.7262138,9.050944,,,6674062300,7.084315,0.05,0.05,2.3567405
2022-12-31,yearly,8.9783587182432,7409825000,,0.15863714,399742780,19.260714,0.4661488,,808880000,2.0235012,,1.3690726,7.7446814,,,3589033700,4.4370413,0.06,0.06,2.0235012
2021-12-31,yearly,10.4299181053198,6861217000,,0.21234596,399742780,17.015753,0.6129566,,914355970,2.287361,,1.4321554,6.0979056,,,4169284000,4.559804,0.1,0.1,2.287361
2020-12-31,yearly,18.653910725493997,9709199000,,0.47846287,399742780,14.500895,1.2863972,,1760257000,4.4034743,0.013102919,2.5392191,4.323299,,,7456766000,4.2361803,0.1,0.1,4.4034743
2019-12-31,yearly,17.6357346993882,8859700000,,0.13592984,399742780,12.946933,1.3621554,,415841000,1.0402714,0.028592475,2.253905,14.218767,,,7049757700,16.953012,0.16,0.16,1.0402714
2018-12-31,yearly,8.475585867298449,4894271500,,0.0019159883,399742780,13.8534355,0.6118039,,-84363000,-0.21104321,-3.5855665,1.5556349,56.699814,,,3388054300,-40.16043,0.13,0.13,-0.21104321
2017-12-31,yearly,6.57386687958,4497527000,,-0.0039416254,399742780,15.923985,0.412828,,-95004000,-0.23766282,,1.682092,62.195274,,,2627855900,-27.660477,0.01,0.01,-0.23766282
2016-12-31,yearly,5.0324705077716,4453459000,,0.07655595,399742780,16.92774,0.29729134,,151352000,0.3786235,,1.3937486,13.229222,,,2011693800,13.2914915,0.06,0.06,0.3786235
2015-12-31,yearly,3.5800365710109796,3523319800,,0.13663392,399742780,16.707962,0.21427129,,447800000,1.1202203,,0.8116034,4.705539,,,1431093800,3.1958323,0.12,0.12,1.1202203
2014-12-31,yearly,5.1033850437887995,5062175000,,0.14290072,399742780,15.929856,0.32036605,,661499000,1.6548116,,0.8700995,4.8459816,,,2040041500,3.0839677,0.08,0.08,1.6548116
2013-12-31,yearly,6.4331900607133,6333676500,,0.16642193,416658820,14.865995,0.43274534,,718832000,1.7252293,0.41947004,1.1790423,5.7682495,,,2680445400,3.72889,0.16,0.16,1.7252293
2012-12-31,yearly,7.6041516174528,6562073600,,0.13338906,423003870,12.750016,0.5964033,,660147970,1.5606192,0.14985767,1.1240367,6.276115,,,3216585500,4.872522,0.04,0.04,1.5606192
