endDate,type,price,enterpriseValue,forwardPE,profitMargins,sharesOutstanding,bookValue,priceToBook,earningsQuarterlyGrowth,netIncomeToCommon,trailingEps,pegRatio,enterpriseToRevenue,enterpriseToEbitda,lastDividendValue,lastDividendDate,marketCap,trailingPE,dividendYield,yield,earningsPerShare
2025-12-31,yearly,14.1200007183235,14732453000,,0.22557913,520500000,4.457543,3.1676645,,789342000,1.5165071,0.3937266,3.3922231,13.592354,,,7349460000,9.310869,0.34,0.34,1.5165071
2024-12-31,yearly,7.291843019353161,6195724000,,0.21731357,173500000,12.817009,0.56891924,,638378000,3.6794121,0.021416089,1.8503149,7.509549,,,1265134700,1.9817955,0.28,0.28,3.6794121
2023-12-31,yearly,5.583903872026901,4302271500,,0.16426621,173500000,12.164761,0.4590229,,331560000,1.9110086,0.039227933,1.8267249,8.902049,,,968807360,2.9219668,0.08,0.08,1.9110086
2022-12-31,yearly,3.8988842263291197,3840010800,,0.11823134,150000000,9.664634,0.40341768,,190020000,1.2668,0.16087043,1.7756323,8.954455,,,584832600,3.0777423,0.3,0.3,1.2668
2021-12-31,yearly,2.8922115579559997,3245962800,,0.1175199,150000000,9.7252,0.29739353,,159504000,1.06336,0.066236995,1.8272908,8.675519,,,433831740,2.71988,0.24,0.24,1.06336
2020-12-31,yearly,2.834451316136,2916465700,,0.10004044,150000000,8.93332,0.3172898,,113073000,0.75382,0.29991385,1.9433738,11.097324,,,425167680,3.7601168,0.29,0.29,0.75382
2019-12-31,yearly,3.0696675869999996,2731291100,,0.08285124,153398750,8.926696,0.343875,,100476000,0.65499884,0.020406818,1.8730206,11.93282,,,470883170,4.686524,0.29,0.29,0.65499884
2018-12-31,yearly,1.5454456661257798,2320642600,,-0.06340734,153398750,9.082707,0.17015254,,-77495000,-0.5051866,-0.06635622,1.9901774,-217.24794,,,237069460,-3.059158,0.4,0.4,-0.5051866
2017-12-31,yearly,1.00414747532904,1911169900,,-0.18279408,153398750,10.458462,0.09601292,,-143780990,-0.93730223,,2.5419328,-17.5588,,,154034980,-1.0713167,,,-0.93730223
2016-12-31,yearly,0.784060329586496,1609091000,,-0.0010286596,153398750,11.391344,0.068829484,,-11862000,-0.07732788,,1.1848295,56.40589,,,120273890,-10.139427,0.35,0.35,-0.07732788
2015-12-31,yearly,0.5742119403645001,1402086400,,0.099523626,153398750,11.58735,0.04955507,,123647000,0.8060496,,0.8932893,6.818392,,,88083400,0.71237797,0.79,0.79,0.8060496
2014-12-31,yearly,1.20866536488621,1339049700,,0.12650597,153398750,11.313853,0.10683057,,205870000,1.3420578,,0.7294837,5.0837507,,,185407760,0.90060604,0.5,0.5,1.3420578
2013-12-31,yearly,1.68297163993192,1118603400,,0.13558695,155298750,10.311937,0.16320616,,228196990,1.4694065,0.8159104,0.64142716,4.0775685,,,261363410,1.1453412,0.22,0.22,1.4694065
2012-12-31,yearly,1.9322657966345602,1083217400,,0.16827866,155298750,9.152411,0.21112096,,225038000,1.4490651,0.046895545,0.791957,4.6023464,,,300078460,1.3334569,0.14,0.14,1.4490651
