endDate,type,price,enterpriseValue,forwardPE,profitMargins,sharesOutstanding,bookValue,priceToBook,earningsQuarterlyGrowth,netIncomeToCommon,trailingEps,pegRatio,enterpriseToRevenue,enterpriseToEbitda,lastDividendValue,lastDividendDate,marketCap,trailingPE,dividendYield,yield,earningsPerShare
2025-12-31,yearly,10.21697108002014,32986810000,,0.07523761,696334200,6.2820354,1.6263791,,885851000,1.2721635,,2.8631718,5.8487988,,,7114426400,8.0311775,0.03,0.03,1.2721635
2024-12-31,yearly,3.9036969641423998,22866047000,,0.09252599,696334200,5.299964,0.7365516,,904097000,1.2983665,0.05118968,2.3161654,5.073338,,,2718277600,3.0066216,0.05,0.05,1.2983665
2023-12-31,yearly,8.470264657504,22879836000,,0.06745279,696334200,4.288544,1.975091,,569564030,0.8179464,0.07855957,2.5867014,6.3896646,,,5898135000,10.355526,0.01,0.01,0.8179464
2022-12-31,yearly,3.94779027116372,15790095000,,0.03861513,696334200,3.6170564,1.0914373,,245695010,0.35284066,,2.6050549,7.4355493,,,2748981200,11.188592,0.0,0.0,0.35284066
2021-12-31,yearly,6.4815752705697,15466195000,,0.07895118,696334200,3.346149,1.9370253,,0,0.0,,3.3248043,6.84626,,,4513342500,,,,0.0
2020-12-31,yearly,11.838614580954099,15278476000,,-0.10600267,558699100,0.10055681,117.73061,,-423988000,-0.7588844,,3.8198235,10.814339,,,6614223400,-15.600025,,,-0.7588844
2019-12-31,yearly,14.4330165365986,16418994000,,-0.046917584,558699100,0.8150201,17.708786,,-185460000,-0.3319497,,4.1536694,12.044441,,,8063713300,-43.479527,,,-0.3319497
2018-12-31,yearly,8.606681771122801,10967023000,,0.1205752,558699100,1.1460892,7.509609,,374510020,0.6703251,,3.4604287,6.778667,,,4808545300,12.839564,0.13,0.13,0.6703251
2017-12-31,yearly,9.84182487866816,10279536000,,0.1288251,558699100,1.3541636,7.2678256,,392486020,0.7024998,0.09958001,3.2116485,6.3057327,,,5498619000,14.009719,0.04,0.04,0.7024998
2016-12-31,yearly,6.246723458682,8232881700,,-0.33550206,558699100,1.024786,6.095637,,-964622000,-1.7265501,,2.910178,7.3874736,,,3490038500,-3.6180375,0.04,0.04,-1.7265501
2015-12-31,yearly,3.7483859724558806,7083507700,,0.03991165,558699100,2.9326234,1.2781682,,108974000,0.19504954,,2.4419935,5.4016047,,,2094219800,19.21761,0.11,0.11,0.19504954
2014-12-31,yearly,7.482126266978001,8110541000,,0.16147423,558699100,3.193465,2.3429492,,471900000,0.8446407,0.47593448,2.7615044,5.718192,,,4180257000,8.858354,0.25,0.25,0.8446407
2013-12-31,yearly,8.88133951733861,7892702700,,0.15138426,558699100,3.7552037,2.3650753,,397849980,0.7121006,,2.990726,6.5976663,,,4961997000,12.47203,0.09,0.09,0.7121006
2012-12-31,yearly,9.929416913211659,8220640300,,0.17726278,558699100,3.8043501,2.6100166,,422072000,0.75545496,1.2890109,3.4123185,6.9053216,,,5547556400,13.143625,0.04,0.04,0.75545496
