endDate,type,price,enterpriseValue,forwardPE,profitMargins,sharesOutstanding,bookValue,priceToBook,earningsQuarterlyGrowth,netIncomeToCommon,trailingEps,pegRatio,enterpriseToRevenue,enterpriseToEbitda,lastDividendValue,lastDividendDate,marketCap,trailingPE,dividendYield,yield,earningsPerShare
2025-12-31,yearly,30.9342197065545,70159810000.0,,0.22223191,1142298900,12.181131,2.5395195,,2582841000,2.2610903,,5.45563,9.158651,,,35336126000.0,13.6811075,0.06,0.06,2.2610903
2024-12-31,yearly,23.860933478704002,48679710000.0,,0.3835441,815927740,15.05084,1.5853556,,4279349000,5.244765,0.18360545,4.339183,5.5608053,,,19468798000.0,4.5494766,0.11,0.11,5.244765
2023-12-31,yearly,28.137534817503003,46452060000.0,,0.3190481,815927740,12.030734,2.3388045,,3429555000,4.203258,0.23258702,4.322013,6.3767858,,,22958197000.0,6.6942205,0.1,0.1,4.203258
2022-12-31,yearly,22.353395913744002,41405050000.0,,0.22378907,815927740,10.344264,2.160946,,2663079000,3.2638662,0.097416826,3.4774857,6.0976005,,,18238755000.0,6.8487473,0.13,0.13,3.2638662
2021-12-31,yearly,21.069457386847997,39833653000.0,,0.12479155,815927740,9.72218,2.1671536,,1563725000,1.9164994,,3.1763568,6.7053914,,,17191156000.0,10.99372,0.08,0.08,1.9164994
2020-12-31,yearly,23.0107948944822,38124524000.0,,0.2281778,815927740,9.488583,2.4251034,,2797091000,3.428111,0.3182714,3.109881,5.8792973,,,18775144000.0,6.712383,0.07,0.07,3.428111
2019-12-31,yearly,25.60722900661835,37022663000.0,,0.23571871,815927740,8.5777445,2.9853103,,2309925000,2.831041,,3.7760973,7.1773815,,,20893649000.0,9.045163,0.06,0.06,2.831041
2018-12-31,yearly,16.6147250236406,25050212000.0,,0.26327023,815927740,7.746491,2.1448066,,2314361000,2.836478,0.37739387,2.8483007,5.788901,,,13556415000.0,5.8575196,0.25,0.25,2.836478
2017-12-31,yearly,15.511550992656,18328210000.0,,0.28595883,652742200,10.470788,1.481412,,2003412000,3.0692239,0.17144838,2.6145964,5.2378926,,,10125044000.0,5.0539002,0.18,0.18,3.0692239
2016-12-31,yearly,14.067963280438502,13671660000.0,,0.24033093,652742200,10.133241,1.3882985,,1547303000,2.3704658,1.8981329,2.122147,4.479775,,,9182753000.0,5.9346833,0.14,0.14,2.3704658
2015-12-31,yearly,,,,0.23054276,652742200,10.175741,,,1500391900,2.298598,,,,,,,,,,2.298598
2014-12-31,yearly,,,,0.21368958,0,,,,1382368000,,,,,,,,,,,
2013-12-31,yearly,,,,0.25800598,0,,,,1436112000,,,,,,,,,,,
2012-12-31,yearly,,,,0.3053279,0,,,,1499497000,,,,,,,,,,,
