endDate,type,price,enterpriseValue,forwardPE,profitMargins,sharesOutstanding,bookValue,priceToBook,earningsQuarterlyGrowth,netIncomeToCommon,trailingEps,pegRatio,enterpriseToRevenue,enterpriseToEbitda,lastDividendValue,lastDividendDate,marketCap,trailingPE,dividendYield,yield,earningsPerShare
2025-12-31,yearly,88.599996789876,75652130000,,0.04756168,740465000,28.326727,3.127788,,1992037000,2.6902514,9.289348,1.8062629,15.796168,,,65605198000,32.933723,0.0,0.0,2.6902514
2024-12-31,yearly,55.990280217490294,53684867000,,0.054308422,740465000,27.970139,2.0017877,,1923831000,2.598139,0.14833981,1.5154867,10.518318,,,41458840000,21.550146,,,2.598139
2023-12-31,yearly,21.9417296720643,26190053000,,0.030039812,740465000,19.871607,1.1041749,,784355000,1.0592736,0.11843354,1.0030462,9.612221,,,16247083000,20.713942,,,1.0592736
2022-12-31,yearly,14.259136144769489,21503590000,,-0.044659615,740465000,19.902063,0.71646523,,-1047213000,-1.414264,,0.91704553,40.767727,,,10558391000,-10.082372,,,-1.414264
2021-12-31,yearly,24.731780507941,32579066000,,-0.011805094,740465000,20.91193,1.1826637,,-267618000,-0.36141884,-0.73931384,1.4371191,15.050236,,,18313017000,-68.429695,,,-0.36141884
2020-12-31,yearly,8.81854266690789,21365336000,,-0.18309115,740465000,20.625843,0.42754823,,-3596233000,-4.8567224,,1.0877503,-135.6469,,,6529822000,-1.8157395,,,-4.8567224
2019-12-31,yearly,19.659870044991,11823773000,,-0.123623855,740465000,19.67622,0.99916905,,-1294086000,-1.7476667,,1.1295234,66.07969,,,14557446000,-11.24921,,,-1.7476667
2018-12-31,yearly,21.463436076072398,21626253000,,-0.034375656,740465000,20.618116,1.0409989,,-643568000,-0.8691403,,1.1551486,19.936808,,,15892924000,-24.69502,0.01,0.01,-0.8691403
2017-12-31,yearly,20.3281997217894,20755425000,,0.045282636,740465000,18.683619,1.0880226,,847376000,1.1443835,0.4113476,1.1091421,9.675336,,,15052321000,17.763449,0.02,0.02,1.1443835
2016-12-31,yearly,15.569237392351999,18163485000,,0.027608668,740465000,17.347015,0.8975168,,591811000,0.7992424,0.17684299,0.8473476,9.158223,,,11528476000,19.479996,0.01,0.01,0.7992424
2015-12-31,yearly,29.220690547348298,30135669000,,0.013871105,740465000,20.269249,1.4416267,,281608000,0.38031238,,1.4843863,13.8466625,,,21636899000,76.8334,0.01,0.01,0.38031238
2014-12-31,yearly,23.4819985686286,21795002000,,0.05534313,740465000,13.863566,1.6937921,,826600000,1.1163255,4.1159987,1.4592351,11.004215,,,17387600000,21.035082,0.01,0.01,1.1163255
2013-12-31,yearly,17.86279995936,15741135000,,0.057672255,740465000,11.49144,1.554444,,786410000,1.0620488,1.3451347,1.1543937,7.0298247,,,13226778000,16.819187,0.01,0.01,1.0620488
2012-12-31,yearly,13.7389607111878,12839183000,,0.057287686,740465000,9.246193,1.4859046,,699008000,0.9440122,0.047226466,1.0522442,7.2698846,,,10173219000,14.553795,0.02,0.02,0.9440122
