endDate,type,price,enterpriseValue,forwardPE,profitMargins,sharesOutstanding,bookValue,priceToBook,earningsQuarterlyGrowth,netIncomeToCommon,trailingEps,pegRatio,enterpriseToRevenue,enterpriseToEbitda,lastDividendValue,lastDividendDate,marketCap,trailingPE,earningsPerShare
2025-12-31,yearly,20.179999496052,65000948000.0,,0.091856256,1936973700,11.051436,1.826007,,1157575000,0.5976204,0.012717031,3.52958,9.989694,,,39088130000.0,33.767254,0.5976204
2024-12-31,yearly,10.5300001429584,44625120000.0,,0.048252184,1932591700,10.459927,1.0066992,,42013000,0.021739202,,3.9187796,11.437838,,,20350192000.0,484.37842,0.021739202
2023-12-31,yearly,13.2899994846786,44479720000.0,,0.03006988,1584697600,9.426174,1.4099039,,217684990,0.13736689,,4.4079065,10.382583,,,21060630000.0,96.7482,0.13736689
2022-12-31,yearly,11.9300000771316,41063410000.0,,0.06131479,1584572400,8.668596,1.3762321,,375774020,0.23714538,,6.7002892,19.34693,,,18903950000.0,50.306694,0.23714538
2021-12-31,yearly,14.1500003953508,24655546000.0,,0.22895999,1283339100,7.010324,2.0184517,,1173300000,0.9142556,0.94118017,4.811363,11.203624,,,18159247000.0,15.477072,0.9142556
2020-12-31,yearly,15.524999850916,25118124000.0,,0.3103423,1266038300,6.264218,2.478362,,1007606000,0.7958732,0.288089,7.744598,15.709393,,,19655244000.0,19.506876,0.7958732
2019-12-31,yearly,10.922499846778,7554370600.0,,0.19094981,315767680,21.851765,0.4998452,,600798000,1.9026583,,2.407868,5.1859765,,,3448972500.0,5.7406526,1.9026583
2018-12-31,yearly,4.1774999857157695,5290990600.0,,0.2838583,314990500,19.949427,0.20940451,,887873000,2.8187294,0.0017861855,1.6908948,3.385218,,,1315872800.0,1.4820507,2.8187294
2017-12-31,yearly,3.525000045599,4928536600.0,,0.034484874,314990500,17.066975,0.20653924,,95498000,0.3031774,0.061734464,1.8107816,4.382433,,,1110341500.0,11.626856,0.3031774
2016-12-31,yearly,2.97499977421398,5467205000.0,,-0.051429834,239128430,18.738081,0.15876758,,-108107000,-0.4520876,,2.529962,6.849718,,,711407100.0,-6.580583,-0.4520876
2015-12-31,yearly,,,,0.09028448,161769820,22.112759,,,142636990,0.88172805,,,,,,,,0.88172805
2014-12-31,yearly,,,,-0.8658956,840106100,1.4494741,,,-1517182000,-1.805941,,,,,,,,-1.805941
2013-12-31,yearly,12.18750012079236,24044567000.0,,-0.6563808,1458659600,1.7645468,6.9068727,,-942455000,-0.6461103,,16.711182,-85.67945,,,17777414000.0,-18.862879,-0.6461103
2012-12-31,yearly,,,,-0.8849432,578416200,4.6758285,,,-435201980,-0.75240284,,,,,,,,-0.75240284
