endDate,type,price,enterpriseValue,forwardPE,profitMargins,sharesOutstanding,bookValue,priceToBook,earningsQuarterlyGrowth,netIncomeToCommon,trailingEps,pegRatio,enterpriseToRevenue,enterpriseToEbitda,lastDividendValue,lastDividendDate,marketCap,trailingPE,dividendYield,yield,earningsPerShare
2025-12-31,yearly,47.159998860901005,186038680000,,0.0885991,3000000000,7.061515,6.6784534,,2214439000,0.7381463,,5.249198,20.96263,,,141480000000,63.88977,0.08,0.08,0.7381463
2024-12-31,yearly,30.616276975692003,129993980000,,0.13751198,2289424600,9.67196,3.1654677,,3789678000,1.6552972,0.1848384,3.8556175,16.314201,,,91848830000,18.49594,0.03,0.03,1.6552972
2023-12-31,yearly,42.86275571678775,165113400000,,0.090549104,2289424600,6.8644743,6.2441425,,1894219000,0.82737774,,5.786984,21.655645,,,128588270000,51.805546,0.06,0.06,0.82737774
2022-12-31,yearly,34.3585601973977,137924410000,,0.091612555,2039086600,6.1222277,5.612101,,2135461000,1.0472635,,5.2040787,19.714127,,,103075680000,32.80794,0.03,0.03,1.0472635
2021-12-31,yearly,31.946146239066397,126315250000,,0.10631741,1814642700,5.006804,6.3805466,,2591500000,1.4281049,0.2927226,4.7710238,21.520359,,,95838430000,22.369608,0.12,0.12,1.4281049
2020-12-31,yearly,36.2467467509616,134051770000,,0.07906826,1814561900,4.1418643,8.751312,,1468945000,0.8095315,0.20116293,6.593724,34.099903,,,108740240000,44.774967,0.02,0.02,0.8095315
2019-12-31,yearly,36.612362025916,134990850000,,0.026486179,1814561900,3.5613115,10.280584,,455373000,0.25095478,,6.7823906,38.569782,,,109837080000,145.89226,0.03,0.03,0.25095478
2018-12-31,yearly,25.3458616086619,96711720000,,0.07472152,1814561900,3.3327758,7.6050305,,1148434000,0.63289875,0.37928185,6.1258097,25.33318,,,76037590000,40.04726,0.03,0.03,0.63289875
2017-12-31,yearly,17.51692757940636,63324377000,,0.041986912,1729827300,2.7658958,6.3331842,,558611970,0.32292932,0.20778778,4.6435184,30.851294,,,52550783000,54.243843,0.03,0.03,0.32292932
2016-12-31,yearly,11.7985764049065,44606430000,,0.01657701,1729827300,2.7592587,4.275995,,154716990,0.08944072,,3.776783,24.506025,,,35395727000,131.91504,0.03,0.03,0.08944072
2015-12-31,yearly,8.66123000831724,36160078000,,0.029442579,1336599900,2.4825454,3.4888506,,324921980,0.24309592,2.2484746,3.029718,23.111433,,,25983690000,35.628857,0.11,0.11,0.24309592
2014-12-31,yearly,6.5732587414819,29736430000,,0.036803894,1245690900,2.407387,2.7304537,,280478020,0.2251586,0.74301493,3.5915475,19.126144,,,19719774000,29.193903,0.1,0.1,0.2251586
2013-12-31,yearly,6.792660585730251,22789476000,,0.07094583,1245690900,1.4662675,4.6326203,,201360990,0.16164604,,7.9745607,36.674583,,,20377980000,42.021816,0.12,0.12,0.16164604
2012-12-31,yearly,6.5593244478215,21799715000,,0.09971125,1245690900,1.2051505,5.442743,,290441000,0.23315656,0.7610512,7.468011,34.04859,,,19677972000,28.132702,0.07,0.07,0.23315656
