endDate,type,price,enterpriseValue,forwardPE,profitMargins,sharesOutstanding,bookValue,priceToBook,earningsQuarterlyGrowth,netIncomeToCommon,trailingEps,pegRatio,enterpriseToRevenue,enterpriseToEbitda,lastDividendValue,lastDividendDate,marketCap,trailingPE,dividendYield,yield,earningsPerShare
2025-12-31,yearly,38.5000010946,105884250000,,0.048084274,1259235300,22.49615,1.711404,,1678352000,1.3328342,,2.0333495,9.721546,,,48480560000,28.88581,0.06,0.06,1.3328342
2024-12-31,yearly,25.6953348352116,60268278000,,0.08305226,246152,121419.23,0.00021162492,,2811675000,11422.516,6.343202e-05,1.3284703,5.5691466,,,6324958,0.0022495338,0.02,0.02,11422.516
2023-12-31,yearly,32.339673409914,101744170000,,0.070178814,1500000000,16.855774,1.918611,,2075593000,1.3837286,0.45764443,2.4824688,10.686538,,,48509510000,23.371397,0.01,0.01,1.3837286
2022-12-31,yearly,24.646615279684998,80712670000,,0.070837654,1129315500,16.440914,1.4991025,,1373938000,1.2166113,,2.974759,12.442354,,,27833805000,20.258415,0.03,0.03,1.2166113
2021-12-31,yearly,20.1091874626716,50038702000,,0.17748976,1128934500,12.936509,1.5544524,,3694527000,3.2725787,0.25410372,2.0642273,8.670702,,,22701957000,6.144753,0.04,0.04,3.2725787
2020-12-31,yearly,20.007249672327,38848680000,,0.19271325,1010511100,12.150769,1.646583,,2975089000,2.9441428,0.29342064,2.1715221,7.069076,,,20217549000,6.7956114,0.02,0.02,2.9441428
2019-12-31,yearly,19.433709377347,37293550000,,0.1444766,1010286100,9.673865,2.0088878,,2415630000,2.3910356,0.049814783,1.9840853,7.552202,,,19633607000,8.127738,0.05,0.05,2.3910356
2018-12-31,yearly,12.627768819225558,13118238000,,0.10318124,201747220,32.480602,0.38877878,,917935000,4.5499263,,1.1657934,5.2174516,,,2547617000,2.7753785,0.1,0.1,4.5499263
2017-12-31,yearly,10.888806411028721,6855077000,,0.13284393,198743470,28.922228,0.37648574,,997263000,5.0178404,0.054220162,0.7556785,3.8273768,,,2164079000,2.1700184,0.06,0.06,5.0178404
2016-12-31,yearly,8.91786802929138,5632484400,,0.109797046,198693730,24.518574,0.36371887,,712217000,3.5844965,,0.7082943,3.6996527,,,1771924500,2.4878998,0.1,0.1,3.5844965
2015-12-31,yearly,5.49325839556,4687423500,,0.13233912,198588460,21.2965,0.25794184,,808482000,4.0711427,0.050404422,0.6462789,4.1648993,,,1090897700,1.3493159,0.15,0.15,4.0711427
2014-12-31,yearly,4.33401213077694,4537623000,,0.11523841,198447360,17.362413,0.24962038,,637756030,3.213729,0.0016264325,0.6699129,3.7281888,,,860073200,1.3485929,0.09,0.09,3.213729
2013-12-31,yearly,3.56649907431324,3836874200,,0.01665247,198447360,14.349634,0.24854286,,68637000,0.34587005,,0.81375295,7.1137934,,,707762370,10.311674,0.02,0.02,0.34587005
2012-12-31,yearly,2.93848425184362,3933808400,,0.0719976,198447360,12.736501,0.23071362,,140995010,0.7104907,,1.3168957,7.320184,,,583134400,4.1358514,0.05,0.05,0.7104907
