endDate,type,price,enterpriseValue,forwardPE,profitMargins,sharesOutstanding,bookValue,priceToBook,earningsQuarterlyGrowth,netIncomeToCommon,trailingEps,pegRatio,enterpriseToRevenue,enterpriseToEbitda,lastDividendValue,lastDividendDate,marketCap,trailingPE,dividendYield,yield,earningsPerShare
2025-12-31,yearly,13.6246635683226,4098914600,,0.36535025,281000000,18.220274,0.7477749,,535012000,1.9039572,0.2220235,2.7347574,8.857787,,,3828530700,7.1559715,0.11,0.11,1.9039572
2024-12-31,yearly,7.736137455136,2226158000,,0.27472398,220989100,22.096684,0.350104,,404605000,1.8308822,0.061272055,1.4265296,6.122597,,,1709601900,4.2253604,0.25,0.25,1.8308822
2023-12-31,yearly,10.952861282576201,2566290200,,0.22719938,220989100,21.290932,0.51443785,,239467010,1.0836146,,2.369236,12.023135,,,2420463000,10.10771,0.02,0.02,1.0836146
2022-12-31,yearly,8.3002876094346,1648045200,,0.30510944,220989100,20.53922,0.40411893,,324707000,1.469335,,1.4698154,6.5149655,,,1834273200,5.64901,0.09,0.09,1.469335
2021-12-31,yearly,12.101076469518,2019027100,,0.4720253,220989100,19.770481,0.612078,,430128000,1.9463766,1.0111164,2.1078389,6.4184327,,,2674206200,6.217233,0.04,0.04,1.9463766
2020-12-31,yearly,25.057512448423502,4801480000,,0.44310763,227000000,18.220379,1.3752465,,405212000,1.785075,0.31786507,5.126347,17.436342,,,5688055300,14.037233,0.01,0.01,1.785075
2019-12-31,yearly,30.047418990653004,5666708000,,0.36109474,227000000,16.782133,1.790441,,281083000,1.2382511,0.12895857,7.0447273,24.675732,,,6820764000,24.266014,0.0,0.0,1.2382511
2018-12-31,yearly,14.846570061876,2633343000,,0.26143792,200000000,13.18506,1.1260146,,97541000,0.487705,,6.738995,435.33527,,,2969314000,30.441702,0.03,0.03,0.487705
2017-12-31,yearly,12.417060588218401,1763725200,,0.36872032,165001780,15.541662,0.7989532,,358828000,2.1746917,0.102201976,1.7991266,5.4917507,,,2048837100,5.709803,0.3,0.3,2.1746917
2016-12-31,yearly,7.394240452308,1107871000,,0.40592632,165001780,17.23868,0.4289331,,230212990,1.3952152,,1.9360689,6.3324275,,,1220063000,5.2997136,0.13,0.13,1.3952152
2015-12-31,yearly,5.671473087062401,866114100,,0.5457886,165001780,16.39712,0.34588227,,444011000,2.6909468,,1.063548,2.1682992,,,935803140,2.1076126,0.2,0.2,2.6909468
2014-12-31,yearly,9.212349423223401,1800906400,,0.49812818,157058460,15.387959,0.5986726,,474324000,3.0200474,,1.8927581,4.037047,,,1446877300,3.0503988,0.1,0.1,3.0200474
2013-12-31,yearly,11.779299127191,1884691600,,0.5169215,146724130,14.383905,0.8189222,,585987000,3.993801,0.039687883,1.6547449,3.294184,,,1728307600,2.9493957,0.05,0.05,3.993801
2012-12-31,yearly,10.496281544744,1557369700,,0.42306533,146724130,11.426144,0.91861975,,336166020,2.2911434,2.0934477,1.948049,4.9892826,,,1540057700,4.5812416,0.05,0.05,2.2911434
