endDate,type,price,enterpriseValue,forwardPE,profitMargins,sharesOutstanding,bookValue,priceToBook,earningsQuarterlyGrowth,netIncomeToCommon,trailingEps,pegRatio,enterpriseToRevenue,enterpriseToEbitda,lastDividendValue,lastDividendDate,marketCap,trailingPE,dividendYield,yield,earningsPerShare
2025-12-31,yearly,,4266977000,,0.071964525,0,,,,612831000,,,0.5146404,2.0113409,,,0,,,,
2024-12-31,yearly,,4100634000,,0.078553125,0,,,,616172030,,,0.533613,2.0734324,,,0,,,,
2023-12-31,yearly,,4438310000,,0.06503365,0,,,,423758020,,,0.6858929,2.7890868,,,0,,,,
2022-12-31,yearly,12.230236373924399,9456414000,,0.06917505,521129220,5.183139,2.3596196,,307908000,0.5908477,,2.1188278,7.944496,,,6373533000,20.699472,0.08,0.08,0.5908477
2021-12-31,yearly,13.389193925399601,6977033000,,0.09076238,317944000,5.8327346,2.295526,,349926020,1.1005901,0.33626094,1.8016168,6.603656,,,4257014000,12.165469,0.07,0.07,1.1005901
2020-12-31,yearly,19.330773616573392,8228566500,,0.0864718,317366100,5.5168147,3.5039737,,256960990,0.8096674,,2.7690544,9.829414,,,6134932500,23.874956,0.04,0.04,0.8096674
2019-12-31,yearly,21.31134862649,8746057000,,0.10750619,316788220,5.55253,3.838133,,312317000,0.9858858,,3.01058,9.931456,,,6751184000,21.616447,0.05,0.05,0.9858858
2018-12-31,yearly,13.3821579306888,5173399000,,0.12444721,316113440,5.535864,2.4173567,,331585000,1.048943,3.7296963,1.9416292,7.4702024,,,4230280000,12.757754,0.07,0.07,1.048943
2017-12-31,yearly,19.063857712823,6836536000,,0.13454317,315312200,5.412185,3.5223958,,320617980,1.0168271,0.46682483,2.8688633,11.033344,,,6011067000,18.748377,0.04,0.04,1.0168271
2016-12-31,yearly,11.1951775076752,2564168700,,0.109130085,157395780,9.7570915,1.1473888,,228748990,1.4533362,0.06810805,1.223297,5.2955933,,,1762073600,7.7030883,0.22,0.22,1.4533362
2015-12-31,yearly,4.697553659472,1428934400,,0.056646578,156293360,10.59187,0.4435056,,107343000,0.6868046,0.2724395,0.75407106,3.990367,,,734196400,6.8397236,0.02,0.02,0.6868046
2014-12-31,yearly,4.7520000386875205,1687419000,,0.05110608,156293360,10.064177,0.47216976,,85802000,0.5489805,0.2146302,1.0050741,5.472876,,,742706050,8.656046,0.27,0.27,0.5489805
2013-12-31,yearly,4.94553499214312,1568429300,,0.036902133,156293360,10.806812,0.45763126,,61143000,0.39120665,,0.94660693,5.6363983,,,772954300,12.6417465,0.11,0.11,0.39120665
2012-12-31,yearly,5.8916830752219,1616991900,,0.070974305,156293360,10.914783,0.5397893,,106588000,0.68197393,1.4635677,1.0767148,5.136993,,,920830850,8.639161,0.04,0.04,0.68197393
