endDate,type,price,enterpriseValue,forwardPE,profitMargins,sharesOutstanding,bookValue,priceToBook,earningsQuarterlyGrowth,netIncomeToCommon,trailingEps,pegRatio,enterpriseToRevenue,enterpriseToEbitda,lastDividendValue,lastDividendDate,marketCap,trailingPE,dividendYield,yield,earningsPerShare
2025-12-31,yearly,20.126412510265098,103138220000,,0.020304436,4499999700,11.955221,1.6834831,,1387020000,0.30822667,,1.476387,13.895062,,,90568850000,65.29744,0.03,0.03,0.30822667
2024-12-31,yearly,17.2685692747854,87956070000,,0.068615414,2028195000,28.682539,0.6020586,,4566317000,2.251419,,1.312255,8.287228,,,77708560000,7.670082,0.05,0.05,2.251419
2023-12-31,yearly,17.92170562238272,91463210000,,0.10936407,2108480500,23.352772,0.76743376,,7501565000,3.5578063,,1.327161,6.733517,,,80647670000,5.037291,0.09,0.09,3.5578063
2022-12-31,yearly,20.96416440845979,106062770000,,0.13929431,1757067000,26.349703,0.79561293,,11425512000,6.5026045,,1.2869787,5.136039,,,94338740000,3.2239642,0.17,0.17,6.5026045
2021-12-31,yearly,17.1099969130223,88936760000,,0.19859494,4499999700,9.514589,1.7982907,,15494111000,3.443136,0.008954821,1.1351925,3.7782838,,,76994980000,4.969306,0.18,0.18,3.443136
2020-12-31,yearly,13.6595030172954,75796570000,,0.054503534,1719658800,18.076382,0.7556547,,2365763000,1.3757166,0.10285397,1.7299362,9.925928,,,61467760000,9.92901,0.04,0.04,1.3757166
2019-12-31,yearly,10.940043261103598,63903120000,,0.030695356,1719658800,15.801464,0.69234365,,1203736100,0.69998544,,1.6119237,12.152974,,,49230190000,15.628958,0.03,0.03,0.69998544
2018-12-31,yearly,8.150283881561101,51989800000,,0.050398793,1719658800,15.083557,0.5403423,,2303868000,1.339724,0.008208783,1.1263082,8.753906,,,36676272000,6.0835543,0.05,0.05,1.339724
2017-12-31,yearly,6.7906259753586795,47879000000,,-0.009173587,1719658800,13.894582,0.48872474,,-359360000,-0.2089717,-0.37108427,1.2969146,14.99676,,,30557815000,-32.495434,0.01,0.01,-0.2089717
2016-12-31,yearly,5.6281773858129,45436200000,,-0.0766481,1719658800,14.115971,0.3987099,,-2890811000,-1.6810375,-0.09176285,1.2067512,50.50739,,,25326795000,-3.3480377,0.01,0.01,-1.6810375
2015-12-31,yearly,2.4121569195359998,36584400000,,-0.1054579,1719658800,18.59112,0.1297478,,-4551438000,-2.64671,,0.83945286,-60.21102,,,10854705000,-0.91137934,0.09,0.09,-2.64671
2014-12-31,yearly,4.81944766468176,39891575000,,0.0349824,1719658800,19.337868,0.24922332,,1402873000,0.81578565,,0.937603,7.781624,,,21687513000,5.9077373,0.05,0.05,0.81578565
2013-12-31,yearly,9.05034709192894,57300190000,,0.04248803,1719658800,18.620413,0.48604438,,1583731000,0.92095655,0.8861505,1.4374266,11.977779,,,40726560000,9.827116,0.03,0.03,0.92095655
2012-12-31,yearly,9.18419666173508,57886450000,,0.03939374,1719658800,16.746298,0.54843146,,1425633000,0.82902086,,1.524063,13.86268,,,41328878000,11.078365,0.03,0.03,0.82902086
