endDate,type,price,enterpriseValue,forwardPE,profitMargins,sharesOutstanding,bookValue,priceToBook,earningsQuarterlyGrowth,netIncomeToCommon,trailingEps,pegRatio,enterpriseToRevenue,enterpriseToEbitda,lastDividendValue,lastDividendDate,marketCap,trailingPE,dividendYield,yield,earningsPerShare
2025-12-31,yearly,8.8773146812623,25856590000,,0.020236956,1500000000,35.90583,0.24723881,,476492000,0.31766135,,0.3701279,3.4887297,,,13315972000,27.945847,0.05,0.05,0.31766135
2024-12-31,yearly,7.27933668491832,21072540000,,0.06878624,993705800,58.622696,0.12417267,,1544820000,1.554605,,0.31439045,1.9878688,,,10919005000,4.682435,0.06,0.06,1.554605
2023-12-31,yearly,7.33913293788535,21520407000,,0.110062174,1032705800,48.003445,0.15288763,,2560346000,2.4792597,,0.3122681,1.5893515,,,11008699000,2.9602113,0.22,0.22,2.4792597
2022-12-31,yearly,7.7117528522903,22329463000,,0.13908479,1033840830,45.74119,0.16859537,,3744624100,3.622051,,0.27094847,1.0845655,,,11567629000,2.1291122,0.16,0.16,3.622051
2021-12-31,yearly,6.0832510821194,20284897000,,0.19853316,1087243300,40.122635,0.15161644,,5063330000,4.657035,0.0027212144,0.2589173,0.86316955,,,9124875000,1.3062497,0.38,0.38,4.657035
2020-12-31,yearly,4.92539280059472,20257362000,,0.05440165,1087243300,30.006384,0.16414483,,872951000,0.80290306,0.058224186,0.46234208,2.6556053,,,7388089000,6.1344795,0.04,0.04,0.80290306
2019-12-31,yearly,3.9886165755058,20643652000,,0.03018678,1087243300,25.042465,0.15927412,,425084000,0.39097413,,0.5207256,3.932868,,,5982925000,10.201741,0.04,0.04,0.39097413
2018-12-31,yearly,3.0004556762143597,20439542000,,0.048542358,986865300,25.710167,0.11670308,,799010000,0.80964446,0.007516304,0.4428027,3.455818,,,4500683300,3.705893,0.09,0.09,0.80964446
2017-12-31,yearly,2.4472009502821397,21592345000,,-0.010959862,983290100,23.739029,0.10308766,,-203286000,-0.20674062,-0.13885713,0.58487916,6.7809153,,,3670801400,-11.83706,0.01,0.01,-0.20674062
2016-12-31,yearly,1.9335580716387002,23587283000,,-0.08406663,980554300,23.817495,0.08118226,,-1377867000,-1.4051919,-0.033692654,0.62646043,26.467056,,,2900337000,-1.37601,,,-1.4051919
2015-12-31,yearly,0.6686889227409999,28284338000,,-0.115393065,912681540,33.38762,0.02002805,,-2329054000,-2.5518804,,0.6490026,-38.82625,,,1003033200,-0.2620377,0.16,0.16,-2.5518804
2014-12-31,yearly,4.47882095507184,27069544000,,0.025978545,412681540,75.70161,0.059164144,,202144990,0.48983288,,0.6362367,5.31047,,,6718231600,9.143569,0.07,0.07,0.48983288
2013-12-31,yearly,9.102283332885,32361069000,,0.038142603,412681540,73.1061,0.12450785,,505124000,1.2240044,0.7018517,0.8118064,6.8171997,,,13653426000,7.43648,0.03,0.03,1.2240044
2012-12-31,yearly,9.122563399417501,32497025000,,0.035087377,412681540,64.98559,0.14037825,,456731000,1.1067396,,0.8555976,7.8343196,,,13683844000,8.242737,0.04,0.04,1.1067396
