endDate,type,price,enterpriseValue,forwardPE,profitMargins,sharesOutstanding,bookValue,priceToBook,earningsQuarterlyGrowth,netIncomeToCommon,trailingEps,pegRatio,enterpriseToRevenue,enterpriseToEbitda,lastDividendValue,lastDividendDate,marketCap,trailingPE,earningsPerShare,dividendYield,yield
2025-12-31,yearly,14.7299996221734,12430865000.0,,-0.0045022615,65000000,742.3118,0.019843413,,-141747010,-2.1807232,-0.0864104,0.39366534,5.343536,,,957450000.0,-6.7546396,-2.1807232,,
2024-12-31,yearly,33.44999901881635,263944490000.0,,-0.022458335,7539463000,6.4562845,5.1809983,,-649301000,-0.08612032,-27.100067,9.128385,176.65738,,,252195050000.0,-388.41006,-0.08612032,,
2023-12-31,yearly,64.349999840379,497529100000.0,,-0.027274568,7539463000,6.532977,9.850027,,-757931000,-0.100528516,,17.916199,300.6178,,,485164450000.0,-640.1169,-0.100528516,,
2022-12-31,yearly,76.2000023021424,558501600000.0,,-0.032668553,7144255500,6.8246036,11.165484,,0,0.0,,23.517042,274.93216,,,544392280000.0,,0.0,,
2021-12-31,yearly,155.699997219464,1117991200000.0,,0.05062395,7142378500,1.4803183,105.18008,,497795000,0.06969597,,113.118256,777.27075,,,1112068300000.0,2233.9885,0.06969597,0.0,0.0
2020-12-31,yearly,227.88722656956602,848858200000.0,,0.09179457,3719929600,2.1051438,108.25257,,783464000,0.2106126,,99.22408,420.30527,,,847724500000.0,1082.021,0.2106126,0.0,0.0
2019-12-31,yearly,189.91970780016,143224440000.0,,0.15118709,742985900,9.77392,19.431273,,849825000,1.1437969,20.969296,25.41972,116.12918,,,141107660000.0,166.0432,1.1437969,0.0,0.0
2018-12-31,yearly,91.65742438085799,60985470000.0,,0.17227963,671958600,5.366186,17.080553,,787470000,1.1719025,3.6583297,13.327541,66.79877,,,61589996000.0,78.212494,1.1719025,0.0,0.0
2017-12-31,yearly,,,,0.16907516,65000000,7.2615848,,,648768000,9.981046,,,,,,,,9.981046,,
