endDate,type,price,enterpriseValue,forwardPE,profitMargins,sharesOutstanding,bookValue,priceToBook,earningsQuarterlyGrowth,netIncomeToCommon,trailingEps,pegRatio,enterpriseToRevenue,enterpriseToEbitda,lastDividendValue,lastDividendDate,marketCap,trailingPE,dividendYield,yield,earningsPerShare
2025-12-31,yearly,,8188544000,,0.15457952,0,,,,1195369000,,,1.0635637,3.933965,,,0,,,,
2024-12-31,yearly,16.9963380164862,18937320000,,0.17882177,633420800,19.105497,0.8896046,,1340990000,2.1170602,,2.544495,9.013457,,,10765834000,8.028274,0.07,0.07,2.1170602
2023-12-31,yearly,31.561392465438605,27877930000,,0.20854343,633420800,18.183603,1.7357062,,1647960100,2.601683,,3.5223167,10.114908,,,19991644000,12.1311455,0.04,0.04,2.601683
2022-12-31,yearly,39.32392070973739,32151792000,,0.22506216,633420800,16.822058,2.3376403,,1696697000,2.6786253,0.5328481,4.2605724,12.124278,,,24908590000,14.6806345,0.03,0.03,2.6786253
2021-12-31,yearly,23.869729228884797,20606134000,,0.22405615,633420800,15.524389,1.5375632,,1330208000,2.1000383,4.1948924,3.470581,9.804568,,,15119583000,11.36633,0.05,0.05,2.1000383
2020-12-31,yearly,27.8233127266948,18728229000,,0.3167417,633420800,14.588588,1.9071971,,1295116000,2.0446377,1.2084727,4.5802937,13.00241,,,17623865000,13.607944,0.04,0.04,2.0446377
2019-12-31,yearly,,-508573900,,0.35330155,0,,,,1164039900,,,-0.15435892,-0.42168662,,,0,,,,
2018-12-31,yearly,,-670245900,,0.30330485,0,,,,1129601000,,,-0.17996517,-0.50826067,,,0,,,,
2017-12-31,yearly,,-502381000,,0.2652063,0,,,,964942000,,,-0.13807525,-0.40615875,,,0,,,,
2016-12-31,yearly,17.775746298233,11000188000,,0.3571494,632238100,13.9355755,1.275566,,1174574000,1.8578032,0.08714697,3.344796,9.6396055,,,11238504000,9.568153,0.03,0.03,1.8578032
2015-12-31,yearly,14.513154125340302,11627945000,,0.18936032,632238100,12.701631,1.1426213,,559872000,0.88553977,0.41989526,3.932812,11.735454,,,9175769000,16.389048,,,0.88553977
2014-12-31,yearly,11.1305399586304,10359532000,,0.08603954,632117950,11.826848,0.9411248,,402695000,0.63705677,0.307276,2.2134104,10.160218,,,7035814000,17.471819,,,0.63705677
2013-12-31,yearly,11.799041236985,10575003000,,0.06028121,632100800,11.198494,1.0536275,,256722000,0.40614092,1.1217778,2.4831293,10.559553,,,7458183000,29.051594,0.01,0.01,0.40614092
2012-12-31,yearly,11.0105910927486,9698783000,,0.0526406,632100800,10.865934,1.0133129,,203912990,0.3225957,0.07214101,2.5037627,11.170316,,,6959804000,34.131245,,,0.3225957
