endDate,type,price,enterpriseValue,forwardPE,profitMargins,sharesOutstanding,bookValue,priceToBook,earningsQuarterlyGrowth,netIncomeToCommon,trailingEps,pegRatio,enterpriseToRevenue,enterpriseToEbitda,lastDividendValue,lastDividendDate,marketCap,trailingPE,dividendYield,yield,earningsPerShare
2025-12-31,yearly,25.2761829144656,33034228000.0,,0.39182344,1206361200,3.856112,6.5548363,,582460030,0.4828239,1.1455698,22.217848,26.424656,,,30492207000.0,52.35073,0.01,0.01,0.4828239
2024-12-31,yearly,16.7792997743034,22073027000.0,,0.323434,1206361200,3.5727441,4.696474,,399771000,0.33138582,1.6230886,17.853453,24.129803,,,20241897000.0,50.633728,0.02,0.02,0.33138582
2023-12-31,yearly,22.8902371399322,29425880000.0,,0.26697537,1224809700,3.4107487,6.711206,,304713000,0.24878396,0.023433685,25.429329,36.943653,,,27613893000.0,92.00849,0.01,0.01,0.24878396
2022-12-31,yearly,17.53062176264868,22475061000.0,,0.01261486,1224809700,3.3537357,5.2271924,,7568000,0.006178919,,22.1137,34.37605,,,21148262000.0,2837.1665,0.01,0.01,0.006178919
2021-12-31,yearly,17.0303426153984,22287100000.0,,0.40347224,1123678800,3.0618482,5.562112,,239024000,0.2127156,0.37684953,25.973703,44.86402,,,20544743000.0,80.06156,,,0.2127156
2020-12-31,yearly,,,,0.2602178,87889176,36.113823,,,76500000,0.8704144,,,,,,,,,,0.8704144
2019-12-31,yearly,,,,0.37808546,87889176,34.40435,,,128664000,1.4639345,,,,,,,,,,1.4639345
2018-12-31,yearly,,,,0.33166623,87889176,32.484547,,,110154000,1.2533284,,,,,,,,,,1.2533284
2017-12-31,yearly,,,,0.26730618,87889176,32.048145,,,76901000,0.87497693,,,,,,,,,,0.87497693
2016-12-31,yearly,,,,0.1353367,93371336,29.816261,,,21564000,0.23094882,,,,,,,,,,0.23094882
2015-12-31,yearly,,,,-0.89301336,96393870,28.480837,,,-125654000,-1.3035476,,,,,,,,,,-1.3035476
2014-12-31,yearly,,,,-0.60281736,963938750,3.283135,,,-172708000,-0.17916906,,,,,,,,,,-0.17916906
2013-12-31,yearly,,,,0.18720068,963938750,3.1009336,,,11838000,0.012280864,,,,,,,,,,0.012280864
2012-12-31,yearly,,,,0.04427997,963938750,4.783329,,,74218000,0.076994516,,,,,,,,,,0.076994516
