endDate,type,price,enterpriseValue,forwardPE,profitMargins,sharesOutstanding,bookValue,priceToBook,earningsQuarterlyGrowth,netIncomeToCommon,trailingEps,pegRatio,enterpriseToRevenue,enterpriseToEbitda,lastDividendValue,lastDividendDate,marketCap,trailingPE,earningsPerShare,dividendYield,yield
2025-12-31,yearly,52.4531665028672,5220388000.0,,0.075018,81842890,64.54672,0.81263876,,0,0.0,,1.0017345,8.09385,,,4292918800.0,,0.0,,
2024-12-31,yearly,41.4643789303065,6414854000.0,,0.13300487,81842890,60.189213,0.6889005,,0,0.0,,1.0589108,7.2382565,,,3393564200.0,,0.0,,
2023-12-31,yearly,40.9466799200922,105285030000.0,,-0.02137346,2467890400,1.7251151,23.735622,,0,0.0,,18.169165,-327.97748,,,101051924000.0,,0.0,,
2022-12-31,yearly,16.800643286364,13012947000.0,,-0.0894476,82263010,49.51814,0.3392826,,-630341000,-7.6625085,-0.28588134,1.8465829,1.9595631,,,1382071400.0,-2.1925774,-7.6625085,,
2021-12-31,yearly,78.5332298586,112290870000.0,,-0.08547194,1267890300,2.8664625,27.397264,,-682701000,-0.5384543,-2.645902,14.058452,12.879956,,,99571520000.0,-145.84938,-0.5384543,,
2020-12-31,yearly,159.80146059956002,213631120000.0,,-0.17938007,1267890300,3.35686,47.604446,,-1521263000,-1.199838,,25.190361,26.7517,,,202610700000.0,-133.18585,-1.199838,0.0,0.0
2019-12-31,yearly,378.93827187086396,365221050000.0,,0.1830736,936000000,4.214904,89.904366,,1210119900,1.2928631,,55.252647,57.698746,,,354686200000.0,293.10007,1.2928631,0.01,0.01
2018-12-31,yearly,261.629375659368,88717476000.0,,0.21142629,312000000,12.823012,20.403114,,1218796000,3.9063973,2.1091301,15.389948,29.847458,,,81628370000.0,66.9746,3.9063973,0.01,0.01
2017-12-31,yearly,100.9239983739,38970794000.0,,0.19525,312000000,11.47815,8.792706,,925050000,2.9649038,3.8482137,8.225553,15.415358,,,31488289000.0,34.03955,2.9649038,0.01,0.01
2016-12-31,yearly,,,,0.20418988,81842890,40.665928,,,849874000,10.384213,,,,,,,,10.384213,,
