endDate,type,price,enterpriseValue,forwardPE,profitMargins,sharesOutstanding,bookValue,priceToBook,earningsQuarterlyGrowth,netIncomeToCommon,trailingEps,pegRatio,enterpriseToRevenue,enterpriseToEbitda,lastDividendValue,lastDividendDate,marketCap,trailingPE,dividendYield,yield,earningsPerShare
2025-12-31,yearly,33.092349506104,44121362000,,0.26681268,658883300,32.53537,1.0171192,,2447899000,3.715224,,4.6881995,10.589301,,,21803997000,8.907228,0.1,0.1,3.715224
2024-12-31,yearly,26.7785204000304,35415700000,,0.4459543,658883300,30.462576,0.8790629,,3498416100,5.309614,0.21799658,4.4455333,6.8520412,,,17643920000,5.043402,,,5.309614
2023-12-31,yearly,31.4860631622868,35301212000,,0.46534505,658883300,27.002827,1.1660284,,2841117000,4.3120184,0.2853611,5.6795263,8.897717,,,20745640000,7.3019304,0.07,0.07,4.3120184
2022-12-31,yearly,23.8132909841836,29041072000,,0.4256052,658883300,25.097738,0.9488222,,2262245000,3.4334533,,5.3280797,8.255441,,,15690181000,6.935668,0.04,0.04,3.4334533
2021-12-31,yearly,24.3023039653511,28684026000,,0.54892254,658883300,22.451221,1.0824491,,3018599000,4.5813866,,5.1831145,6.4313684,,,16012381000,5.304574,0.15,0.15,4.5813866
2020-12-31,yearly,20.1432912095676,20166975000,,0.9151132,658883300,21.438457,0.9395868,,3361503000,5.1018186,0.04352644,5.455801,4.5349283,,,13272079000,3.9482574,0.09,0.09,5.1018186
2019-12-31,yearly,17.707046655519598,16311340000,,0.5383865,658883300,20.88626,0.84778446,,1762631000,2.6751792,,4.935121,6.9082623,,,11666876000,6.6190124,0.09,0.09,2.6751792
2018-12-31,yearly,10.363122194834501,13104213000,,0.59511805,658883300,17.14951,0.60428095,,1881668000,2.855844,0.09599984,4.1147995,5.309494,,,6828087300,3.6287417,1.21,1.21,2.855844
2017-12-31,yearly,7.451853908955999,6325677600,,0.51290673,164720830,67.99174,0.1095994,,1365511900,8.289856,,2.3418088,3.0752735,,,1227475600,0.8989124,0.41,0.41,8.289856
2016-12-31,yearly,7.095371199551739,5264045600,,0.63540655,164720830,62.512573,0.113503106,,4932312000,29.943462,0.00026994667,0.6758099,0.7111426,,,1168755500,0.23695894,0.21,0.21,29.943462
2015-12-31,yearly,5.037266767302,2019360900,,0.40181333,161259460,34.19955,0.14729044,,504430020,3.1280646,0.04825551,1.5688865,3.2435417,,,812306900,1.6103461,0.45,0.45,3.1280646
2014-12-31,yearly,5.0809463984839995,1989172600,,0.34433818,161259460,32.4236,0.15670519,,378215000,2.3453817,0.0019969286,1.803767,4.351,,,819350600,2.166362,0.28,0.28,2.3453817
2013-12-31,yearly,4.57064190459442,1814417300,,0.032533675,152661570,32.178677,0.14203946,,31921000,0.2090965,,1.8492422,-8.975732,,,697761300,21.859005,0.29,0.29,0.2090965
2012-12-31,yearly,4.5910655910977,4675802000,,0.2992166,152661570,33.264626,0.13801645,,843488000,5.525215,,1.6586812,3.240038,,,700879230,0.8309297,0.68,0.68,5.525215
