endDate,type,price,enterpriseValue,forwardPE,profitMargins,sharesOutstanding,bookValue,priceToBook,earningsQuarterlyGrowth,netIncomeToCommon,trailingEps,pegRatio,enterpriseToRevenue,enterpriseToEbitda,lastDividendValue,lastDividendDate,marketCap,trailingPE,dividendYield,yield,earningsPerShare
2025-12-31,yearly,11.537681042001,164777690000,,2.0063038,13500000000,6.916963,1.668027,,16487000000,1.2212592,0.8169289,19.975475,8.502461,,,155758690000,9.447364,0.15,0.15,1.2212592
2024-12-31,yearly,7.435390903149204,108640780000,,1.8077717,12000000000,7.9164166,0.93923694,,14778000000,1.2315,0.6196895,13.192566,6.166115,,,100377780000,6.03767,0.09,0.09,1.2315
2023-12-31,yearly,8.029520942874399,115314530000,,1.8932683,12000000000,7.2541666,1.106884,,13466000000,1.1221666,,15.618926,7.5438004,,,108398535000,7.155373,0.07,0.07,1.1221666
2022-12-31,yearly,6.30281428482069,92275990000,,1.6679237,12000000000,6.377917,0.98822457,,13674000000,1.1395,0.45780674,10.873909,5.618363,,,85087986000,5.53121,0.1,0.1,1.1395
2021-12-31,yearly,6.18822194986752,90072000000,,1.6268054,8831356000,7.870592,0.78624606,,12199999000,1.3814412,0.061445653,11.024724,6.5179825,,,83541000000,4.479541,0.06,0.06,1.3814412
2020-12-31,yearly,7.821090359094501,110039710000,,1.2489796,8410815000,7.208933,1.0849165,,7056000000,0.8389199,,18.714237,13.17683,,,105584710000,9.322809,0.08,0.08,0.8389199
2019-12-31,yearly,8.912839669111738,124162340000,,2.1104233,8410815000,6.9383287,1.2845802,,10311999000,1.2260404,0.7830611,24.792799,10.594056,,,120323340000,7.2696137,0.13,0.13,1.2260404
2018-12-31,yearly,7.30611660206328,101638580000,,1.8065116,8410817000,6.9052744,1.0580487,,9436000000,1.1218886,0.52974993,18.909504,9.452992,,,98632580000,6.512337,0.13,0.13,1.1218886
2017-12-31,yearly,5.9123011377571,84283064000,,1.7150332,7473629700,7.522717,0.7859263,,8403000000,1.1243533,2.2487884,16.961775,9.179162,,,79816065000,5.2584014,0.12,0.12,1.1243533
2016-12-31,yearly,4.14787779762644,58456355000,,1.7529336,7524600300,6.7351084,0.6158591,,8211000000,1.0912207,,12.472019,6.5873737,,,55996355000,3.8011355,0.14,0.14,1.0912207
2015-12-31,yearly,3.1835182090150003,44973500000,,1.8411463,7430107600,6.442706,0.4941275,,8868000000,1.1935225,0.22049372,9.206448,4.636921,,,42977497000,2.6673303,0.17,0.17,1.1935225
2014-12-31,yearly,4.0853264885925,57186910000,,1.6253735,6758798300,6.2494836,0.65370625,,7911000000,1.1704743,0.08986817,11.389546,6.3725104,,,55151910000,3.490317,0.09,0.09,1.1704743
2013-12-31,yearly,3.7146797845872,52479180000,,1.1365098,6110134000,5.887596,0.6309332,,5698000000,0.9325491,0.15600066,9.922325,7.32438,,,50148180000,3.9833612,0.09,0.09,0.9325491
2012-12-31,yearly,4.03481138601492,82923954000,,0.891562,5332205600,6.1342344,0.65775305,,4539000000,0.8512425,,14.669018,-7.298359,,,54469956000,4.739908,0.13,0.13,0.8512425
