endDate,type,price,enterpriseValue,forwardPE,profitMargins,sharesOutstanding,bookValue,priceToBook,earningsQuarterlyGrowth,netIncomeToCommon,trailingEps,pegRatio,enterpriseToRevenue,enterpriseToEbitda,lastDividendValue,lastDividendDate,marketCap,trailingPE,dividendYield,yield,earningsPerShare
2025-12-31,yearly,38.462787063975995,2532823120000,,0.118436754,11026869000,19.50472,1.9719733,,44857000000,4.0679727,1.029851,,,,,424124120000,9.455027,0.12,0.12,4.0679727
2024-12-31,yearly,23.4393012281862,2201332100000,,0.12563221,10784549000,20.518614,1.1423433,,41085000000,3.8096168,0.25524312,,,,,258462100000,6.1526666,0.1,0.1,3.8096168
2023-12-31,yearly,23.829016516691002,2006454430000,,0.10815686,9804135000,20.302658,1.1736895,,33105000000,3.3766365,0.6159501,,,,,262759430000,7.0570273,0.05,0.05,3.3766365
2022-12-31,yearly,16.960733049264,1833057770000,,0.10846873,9804135000,18.088593,0.937648,,29702000000,3.0295382,0.5092272,,,,,187023770000,5.598455,0.06,0.06,3.0295382
2021-12-31,yearly,13.658148971472599,1576655628000,,0.1450539,9804135000,16.776186,0.8141391,,26760000000,2.7294605,0.120237894,,,,,150606630000,5.003974,0.07,0.07,2.7294605
2020-12-31,yearly,16.5930945383049,1535890900000,,0.08669579,9804135000,15.761207,1.0527807,,18895999000,1.9273499,,,,,,182969900000,8.609281,0.08,0.08,1.9273499
2019-12-31,yearly,18.6731930598092,1340626850000,,0.14408119,9804135000,15.245098,1.2248654,,27113000000,2.7654657,0.7623707,,,,,205906850000,6.752278,0.15,0.15,2.7654657
2018-12-31,yearly,17.2513801057728,1174606710000,,0.19524509,9804135000,15.347198,1.1240736,,24907000000,2.5404587,1.6167036,,,,,190228710000,6.7906556,0.18,0.18,2.5404587
2017-12-31,yearly,12.78162542615112,662407310000,,0.16440064,6536090000,22.644424,0.56444913,,23903000000,3.6570795,1.2703911,,,,,140941310000,3.4950366,0.12,0.12,3.6570795
2016-12-31,yearly,9.495659212840039,637033390000,,0.13528073,6582307300,20.481268,0.46362653,,23263000000,3.534171,,,,,,104707390000,2.6868136,0.18,0.18,3.534171
2015-12-31,yearly,6.966052461594799,618142749000,,0.20186149,5983916000,19.06093,0.36546236,,25740000000,4.301531,0.08340964,,,,,76813750000,1.6194355,0.23,0.23,4.301531
2014-12-31,yearly,8.7088607349679,597948465000,,0.16941915,6083916000,16.538197,0.5265907,,21555000000,3.5429482,0.07868163,,,,,96031465000,2.458083,0.12,0.12,3.5429482
2013-12-31,yearly,7.6455270223483005,523853220000,,0.17428821,5530833000,15.222301,0.5022583,,16423999000,2.9695344,0.08582639,,,,,84306220000,2.574655,0.14,0.14,2.9695344
2012-12-31,yearly,8.142914891943,470110860000,,0.12985568,5028030000,15.114866,0.5387355,,12634000000,2.5127137,,,,,,89790860000,3.2406855,0.15,0.15,2.5127137
