endDate,type,price,enterpriseValue,forwardPE,profitMargins,sharesOutstanding,bookValue,priceToBook,earningsQuarterlyGrowth,netIncomeToCommon,trailingEps,pegRatio,enterpriseToRevenue,enterpriseToEbitda,lastDividendValue,lastDividendDate,marketCap,trailingPE,dividendYield,yield,earningsPerShare
2025-12-31,yearly,35.643077464815995,2501730580000,,0.118436754,11026869000,19.50472,1.8274078,,44857000000,4.0679727,0.9543525,,,,,393031580000,8.761878,0.13,0.13,4.0679727
2024-12-31,yearly,20.2380650426394,2161128400000,,0.12563221,10784549000,20.518614,0.9863271,,41085000000,3.8096168,0.22038315,,,,,218258400000,5.3123627,0.12,0.12,3.8096168
2023-12-31,yearly,19.77295028329152,1937551670000,,0.10815686,9804135000,20.302658,0.97390944,,33105000000,3.3766365,0.5111059,,,,,193856670000,5.8558125,0.06,0.06,3.3766365
2022-12-31,yearly,14.384642459450399,1787062970000,,0.10846873,9804135000,18.088593,0.7952328,,29702000000,3.0295382,0.43188295,,,,,141028970000,4.7481303,0.1,0.1,3.0295382
2021-12-31,yearly,11.7430483600752,1541179438000,,0.1450539,9804135000,16.776186,0.6999832,,26760000000,2.7294605,0.10337853,,,,,115130440000,4.3023334,0.08,0.08,2.7294605
2020-12-31,yearly,13.7742735917864,1487965840000,,0.08669579,9804135000,15.761207,0.8739352,,18895999000,1.9273499,,,,,,135044840000,7.146743,0.1,0.1,1.9273499
2019-12-31,yearly,15.0560526867608,1282331580000,,0.14408119,9804135000,15.245098,0.9875996,,27113000000,2.7654657,0.6146937,,,,,147611580000,5.44431,0.19,0.19,2.7654657
2018-12-31,yearly,13.76108457764146,1119293520000,,0.19524509,9804135000,15.347198,0.89665127,,24907000000,2.5404587,1.2896124,,,,,134915520000,5.4167714,0.23,0.23,2.5404587
2017-12-31,yearly,10.255136543405602,588494496000,,0.16440064,6536090000,22.644424,0.4528769,,23903000000,3.6570795,1.0192784,,,,,67028496000,2.8041878,0.15,0.15,3.6570795
2016-12-31,yearly,7.658156038197,582734337000,,0.13528073,6582307300,20.481268,0.37391025,,23263000000,3.534171,,,,,,50408337000,2.166889,0.22,0.22,3.534171
2015-12-31,yearly,5.3427733419395995,573299704000,,0.20186149,5983916000,19.06093,0.28029972,,25740000000,4.301531,0.06397293,,,,,31970705000,1.2420632,0.3,0.3,4.301531
2014-12-31,yearly,6.64986066607291,542374190000,,0.16941915,6083916000,16.538197,0.40209103,,21555000000,3.5429482,0.060079254,,,,,40457190000,1.8769284,0.15,0.15,3.5429482
2013-12-31,yearly,5.86230052498464,471970404000,,0.17428821,5530833000,15.222301,0.38511264,,16423999000,2.9695344,0.06580842,,,,,32423404000,1.974148,0.18,0.18,2.9695344
2012-12-31,yearly,6.0662539782142995,410821306000,,0.12985568,5028030000,15.114866,0.40134355,,12634000000,2.5127137,,,,,,30501306000,2.4142241,0.19,0.19,2.5127137
