endDate,type,price,enterpriseValue,forwardPE,profitMargins,sharesOutstanding,bookValue,priceToBook,earningsQuarterlyGrowth,netIncomeToCommon,trailingEps,pegRatio,enterpriseToRevenue,enterpriseToEbitda,lastDividendValue,lastDividendDate,marketCap,trailingPE,dividendYield,yield,earningsPerShare
2025-12-31,yearly,7.6077616261188,8165630500,,0.5370692,752000000,9.490337,0.8016324,,1893836000,2.518399,0.02483205,2.3470242,3.233712,,,5721037300,3.0208726,0.05,0.05,2.518399
2024-12-31,yearly,3.28634343361506,7096767000,,0.53580904,752000000,7.761322,0.42342573,,854418000,1.1361941,0.03256933,4.413596,5.4700885,,,2471330000,2.8924136,0.11,0.11,1.1361941
2023-12-31,yearly,4.411829131157472,7234507300,,0.31243998,679328500,7.6883936,0.57382977,,452533000,0.66614753,,4.540085,7.433571,,,2997081000,6.622901,0.11,0.11,0.66614753
2022-12-31,yearly,3.7107347446979997,6118168600,,0.33231515,679328500,7.595255,0.4885596,,618889000,0.91103053,,3.2165473,6.421299,,,2520807700,4.0731177,0.06,0.06,0.91103053
2021-12-31,yearly,3.964797832606191,5123224000,,0.48879096,686224400,6.6253257,0.59843063,,1003464000,1.4622972,0.048514117,2.5521169,4.376258,,,2720740900,2.7113488,0.1,0.1,1.4622972
2020-12-31,yearly,5.2173966460828805,5314998000,,0.5457725,689024400,5.553758,0.93943536,,643709000,0.93423253,0.055977687,4.540599,6.314644,,,3594913800,5.5846877,0.03,0.03,0.93423253
2019-12-31,yearly,4.6771093622064885,4992898000,,0.51300824,641241860,4.7669816,0.98114693,,322231000,0.50251085,0.12129933,7.840742,7.8537784,,,2999158300,9.307479,0.04,0.04,0.50251085
2018-12-31,yearly,1.2391114923014102,2423622400,,0.40239123,530059970,4.277343,0.28969187,,182328000,0.34397617,0.0039810175,4.990019,7.0840054,,,656803300,3.6023176,,,0.34397617
2017-12-31,yearly,1.11520029434271,2651927300,,-0.076625876,526383840,4.0802546,0.27331635,,-22653000,-0.043035135,-0.2845567,7.4516416,13.010487,,,587023400,-25.913717,,,-0.043035135
2016-12-31,yearly,0.87357362478846,2555246800,,-0.65159154,525661250,4.217897,0.20711118,,-253587010,-0.48241526,,6.6445465,-18.667925,,,459203780,-1.8108332,,,-0.48241526
2015-12-31,yearly,0.7868357323115,3011584800,,0.17392518,525000000,5.076055,0.1550093,,108379000,0.20643619,0.023920385,4.7730126,6.307935,,,413088800,3.8115206,,,0.20643619
2014-12-31,yearly,1.455955943364175,3642689800,,0.07149327,525000000,4.3612475,0.33383933,,41790000,0.0796,,6.0425487,14.736039,,,764376900,18.290905,0.04,0.04,0.0796
2013-12-31,yearly,2.5955896367641,3376430800,,0.4767434,432043170,5.130941,0.5058701,,319332000,0.7391206,0.0470136,5.0313535,6.072444,,,1121406700,3.5117269,0.07,0.07,0.7391206
2012-12-31,yearly,5.1119037250315,3295455200,,0.20499454,431589700,3.008371,1.6992265,,182792990,0.42353418,,3.6682196,11.557648,,,2206245000,12.069637,0.04,0.04,0.42353418
