endDate,type,price,enterpriseValue,forwardPE,profitMargins,sharesOutstanding,bookValue,priceToBook,earningsQuarterlyGrowth,netIncomeToCommon,trailingEps,pegRatio,enterpriseToRevenue,enterpriseToEbitda,lastDividendValue,lastDividendDate,marketCap,trailingPE,dividendYield,yield,earningsPerShare
2025-12-31,yearly,18.759999931436,148597700000.0,,0.081082754,6241478700,2.307322,8.130638,,0,0.0,,7.1794972,15.690112,,,117090140000.0,,0.05,0.05,0.0
2024-12-31,yearly,21.988726813625,175115300000.0,,0.10419534,6400000000,1.3495625,16.293226,,1831011000,0.28609547,,8.913869,20.69678,,,137242170000.0,76.85801,0.06,0.06,0.28609547
2023-12-31,yearly,19.340184567023996,147166990000.0,,0.15797977,6400000000,2.145708,9.013428,,2694538000,0.42102155,,8.16517,19.425953,,,120711340000.0,45.936325,0.07,0.07,0.42102155
2022-12-31,yearly,16.659180043276,128975930000.0,,0.23406248,6400000000,1.8075416,9.216485,,4691729000,0.73308265,0.41047743,6.4382706,13.081056,,,103977920000.0,22.724833,0.09,0.09,0.73308265
2021-12-31,yearly,19.9595883381048,147432850000.0,,0.20658903,6400000000,1.1072229,18.026712,,3019870000,0.4718547,0.19107223,8.945415,17.97257,,,124577350000.0,42.30029,0.02,0.02,0.4718547
2020-12-31,yearly,20.262160408588798,147902170000.0,,-0.1999775,5617893000,0.7804992,25.960514,,-2487870000,-0.44284752,,12.377999,26.421816,,,126465840000.0,-45.75426,0.0,0.0,-0.44284752
2019-12-31,yearly,14.077184075732498,104503350000.0,,0.0695706,5409801700,1.2017581,11.713825,,675825000,0.12492602,0.28770182,10.173773,22.141537,,,87862440000.0,112.684166,0.06,0.06,0.12492602
2018-12-31,yearly,11.8359568520529,88194335000.0,,0.018651098,5409801700,1.2076653,9.800693,,137455010,0.025408512,,8.804939,18.93821,,,73873875000.0,465.82645,0.14,0.14,0.025408512
2017-12-31,yearly,12.042093159075002,88926830000.0,,0.063554876,5409801700,1.3372303,9.00525,,532169000,0.09837126,,10.620186,25.461945,,,75160470000.0,122.41476,0.05,0.05,0.09837126
2016-12-31,yearly,11.33834599896664,85211865000.0,,0.3500235,4733181000,1.5001192,7.5582967,,2481946000,0.5243717,0.072547525,12.017246,30.2035,,,70768050000.0,21.622728,0.04,0.04,0.5243717
2015-12-31,yearly,14.589282474965598,105247490000.0,,-0.22033888,4733181000,1.1308124,12.901594,,-1253197000,-0.26476845,,18.504765,42.25875,,,91058700000.0,-55.102043,0.03,0.03,-0.26476845
2014-12-31,yearly,8.8930623692374,63114070000.0,,0.14923327,4729789400,1.4923126,5.959249,,730330000,0.15441068,0.37951997,12.896524,23.801361,,,55505860000.0,57.593567,0.08,0.08,0.15441068
2013-12-31,yearly,,,,0.06307366,4729789400,1.1401495,,,290097000,0.06133402,,,,,,,,,,0.06133402
2012-12-31,yearly,,,,0.18060149,917683300,5.907181,,,751965000,0.8194167,,,,,,,,,,0.8194167
