endDate,type,price,enterpriseValue,forwardPE,profitMargins,sharesOutstanding,bookValue,priceToBook,earningsQuarterlyGrowth,netIncomeToCommon,trailingEps,pegRatio,enterpriseToRevenue,enterpriseToEbitda,lastDividendValue,lastDividendDate,marketCap,trailingPE,dividendYield,yield,earningsPerShare
2025-12-31,yearly,13.2589742602863,13771021000,,0.09207933,1006845100,10.385193,1.2767191,,1457566000,1.4476566,0.4200948,0.8699615,4.4593573,,,13349733000,9.158922,0.06,0.06,1.4476566
2024-12-31,yearly,11.298384398448,12075735000,,0.082892604,1059549700,10.16748,1.1112276,,1196668000,1.1294118,0.44309795,0.83648026,4.8233542,,,11971200000,10.0037775,0.06,0.06,1.1294118
2023-12-31,yearly,13.806305051967898,14236358000,,0.07153208,963227000,10.430793,1.3236103,,976259000,1.0135295,,1.043121,7.1631637,,,13298605000,13.6220045,0.05,0.05,1.0135295
2022-12-31,yearly,15.740941842,16418592000,,0.09733184,963227000,10.472625,1.503056,,1291704100,1.3410174,0.1128393,1.2371653,6.705774,,,15162101000,11.73806,0.04,0.04,1.3410174
2021-12-31,yearly,18.2625688609284,17847394000,,0.05988825,988779800,9.917902,1.8413742,,633112000,0.6402963,,1.6882467,10.316329,,,18057658000,28.52206,0.03,0.03,0.6402963
2020-12-31,yearly,32.09336171772411,27805751000,,0.14544816,796170240,6.9097233,4.6446667,,1096269000,1.3769279,,3.6891453,16.873293,,,25551778000,23.307945,0.01,0.01,1.3769279
2019-12-31,yearly,41.0935754666032,34534060000,,0.11462692,795589570,5.913368,6.9492674,,1099093000,1.3814824,3.8432267,3.601636,14.548345,,,32693619000,29.746,0.01,0.01,1.3814824
2018-12-31,yearly,31.446488794239997,25488118000,,0.12106225,792026940,4.992901,6.29824,,1020136000,1.2880067,0.62229294,3.0247426,14.661867,,,24906465000,24.414848,0.01,0.01,1.2880067
2017-12-31,yearly,25.181048441015502,18717118000,,0.09842141,713235200,4.519471,5.5716805,,732679000,1.0272614,,2.5142868,13.215607,,,17960012000,24.512798,0.02,0.02,1.0272614
2016-12-31,yearly,16.27993095357928,12599358000,,0.09688451,711145660,3.7078142,4.3907084,,0,0.0,,1.952911,9.790084,,,11577403000,,0.03,0.03,0.0
2015-12-31,yearly,11.76695755548662,8734097000,,0.09419355,640041340,3.6105418,3.2590559,,578838000,0.904376,0.5710132,1.4212883,7.2903647,,,7531340000,13.011135,0.14,0.14,0.904376
2014-12-31,yearly,10.3241240481456,2469344300,,0.090365395,127394570,14.563164,0.7089204,,471420000,3.7004716,0.177555,0.47334284,2.4333742,,,1315237400,2.7899482,0.14,0.14,3.7004716
2013-12-31,yearly,8.0620982932672,2039709400,,0.093220465,126024310,11.848928,0.6804074,,407404000,3.2327414,0.17043838,0.4667177,2.4939134,,,1016020400,2.493889,0.24,0.24,3.2327414
2012-12-31,yearly,10.326073179205698,2008643500,,0.09201302,124203310,10.5124655,0.9822694,,355401000,2.8614454,0.65739876,0.52003604,2.9018295,,,1282532500,3.6086912,0.2,0.2,2.8614454
