endDate,type,price,enterpriseValue,forwardPE,profitMargins,sharesOutstanding,bookValue,priceToBook,earningsQuarterlyGrowth,netIncomeToCommon,trailingEps,pegRatio,enterpriseToRevenue,enterpriseToEbitda,lastDividendValue,lastDividendDate,marketCap,trailingPE,dividendYield,yield,earningsPerShare
2025-12-31,yearly,26.24656084848885,5037697500.0,,0.17827071,104214390,14.5522995,1.8036023,,420445000,4.034424,0.096840665,2.1373906,10.888457,,,2735269400.0,6.5056534,0.09,0.09,4.034424
2024-12-31,yearly,9.804199707697501,2252910600.0,,0.15990457,84909376,18.090675,0.5419477,,251494000,2.9619107,0.053926393,1.4349531,8.716131,,,832468600.0,3.3100932,0.07,0.07,2.9619107
2023-12-31,yearly,11.1604883523552,2254604000.0,,0.13517302,84909376,15.753042,0.7084656,,155838000,1.835345,0.12901728,1.9584085,12.5606785,,,947630100.0,6.0808663,,,1.835345
2022-12-31,yearly,5.0539697436064,1451168500.0,,0.13139895,84909376,13.873921,0.3642784,,105917000,1.2474123,0.14636302,1.8150338,15.682205,,,429129440.0,4.0515633,,,1.2474123
2021-12-31,yearly,5.08006593677484,1290090200.0,,0.13708377,84909376,12.622434,0.40246326,,82954000,0.97697103,0.02843623,2.0819895,19.423803,,,431345250.0,5.1998124,,,0.97697103
2020-12-31,yearly,10.090542676081899,1523265700.0,,-0.20338748,84909376,11.774989,0.8569471,,-100115000,-1.1790806,,2.9675877,-22.449827,,,856781700.0,-8.557976,,,-1.1790806
2019-12-31,yearly,,,,-0.2431425,84909376,1.063051,,,-96331000,-1.1345154,,,,,,,,,,-1.1345154
2018-12-31,yearly,,,,-0.551114,401377220,0.46598804,,,-202315010,-0.50405204,,,,,,,,,,-0.50405204
2017-12-31,yearly,,,,0.017535802,401377220,1.0252053,,,-1249000,-0.003111786,,,,,,,,,,-0.003111786
2016-12-31,yearly,,,,-0.19827941,377918240,1.0997537,,,-112218000,-0.29693726,,,,,,,,,,-0.29693726
2015-12-31,yearly,,,,0.093861826,377918240,1.8161653,,,35609000,0.09422408,,,,,,,,,,0.09422408
2014-12-31,yearly,,,,0.11181322,377918240,1.7444911,,,69126000,0.18291257,,,,,,,,,,0.18291257
2013-12-31,yearly,,,,0.14266203,355075700,1.7296171,,,101723000,0.28648257,,,,,,,,,,0.28648257
2012-12-31,yearly,,,,0.11259551,355075700,1.3082787,,,112016000,0.31547076,,,,,,,,,,0.31547076
