endDate,type,price,enterpriseValue,forwardPE,profitMargins,sharesOutstanding,bookValue,priceToBook,earningsQuarterlyGrowth,netIncomeToCommon,trailingEps,pegRatio,enterpriseToRevenue,enterpriseToEbitda,lastDividendValue,lastDividendDate,marketCap,trailingPE,dividendYield,yield,earningsPerShare
2025-12-31,yearly,8.85674528099244,15285278000,,0.005286437,775945000,14.534574,0.60935706,,204603010,0.26368237,,0.39493385,4.7714753,,,6872347000,33.588688,0.03,0.03,0.26368237
2024-12-31,yearly,5.95372696092861,12918899000,,0.011796524,738995260,15.317097,0.38869813,,448717000,0.6071988,0.06723774,0.33963078,4.461377,,,4399776300,9.805236,,,0.6071988
2023-12-31,yearly,18.7771381974568,148780500000,,-0.026629135,7389952500,1.3004866,14.438548,,-979104000,-0.13249125,,4.04645,170.9056,,,138762160000,-141.72362,,,-0.13249125
2022-12-31,yearly,25.0972487818716,179063670000,,-0.013377704,6748927000,1.5778362,15.906118,,-498975000,-0.073933974,,4.8007627,92.526985,,,169379500000,-339.45486,,,-0.073933974
2021-12-31,yearly,66.1321631574234,454472730000,,0.016742969,6748927000,1.6685958,39.633423,,590661000,0.08751924,14.87731,12.882555,352.97043,,,446321130000,755.62994,0.0,0.0,0.08751924
2020-12-31,yearly,228.36590016894002,1486802900000,,0.013425214,6498926600,1.1271534,202.6041,,391709000,0.060272876,,50.95785,973.6127,,,1484133100000,3788.8667,0.0,0.0,0.060272876
2019-12-31,yearly,108.830285966875,176299600000,,0.046354905,1624731600,4.656115,23.373625,,921827970,0.56737244,3.53255,8.8653755,99.293625,,,176820000000,191.81453,0.0,0.0,0.56737244
2018-12-31,yearly,52.82178830951759,10295197000,,0.038320206,190591460,12.082766,4.3716636,,597429000,3.1346054,0.31455177,0.66035306,8.267634,,,10067381000,16.851175,0.02,0.02,3.1346054
2017-12-31,yearly,22.386015735006,4238117400,,0.032461107,190591460,10.881794,2.057199,,389022020,2.0411303,0.031389523,0.3536406,4.111671,,,4266583300,10.96746,0.06,0.06,2.0411303
2016-12-31,yearly,3.7061520755548,1306626600,,0.009103725,21623932,28.745281,0.1289308,,86565000,4.0032034,0.003991384,0.13741314,1.8285828,,,80141584,0.9257966,,,4.0032034
2015-12-31,yearly,0.616121260430123,1518513000,,-0.007307096,22248932,25.873423,0.023812901,,-65605000,-2.9486809,,0.16913223,3.2675376,,,13708039,-0.20894809,0.3,0.3,-2.9486809
2014-12-31,yearly,2.0855359278049,1810929200,,0.013145612,181494460,4.15697,0.50169617,,128556000,0.7083191,0.22717567,0.18517824,2.9919856,,,378513180,2.9443448,0.08,0.08,0.7083191
2013-12-31,yearly,1.9933915968444,1507124600,,0.014070205,181494460,3.8271747,0.520852,,113806000,0.62704945,0.0017786971,0.1863307,3.1600938,,,361789570,3.1790025,,,0.62704945
2012-12-31,yearly,3.39272611790391,1793316700,,-0.00087996107,186494460,3.3030043,1.0271637,,-6745000,-0.036167294,,0.23395832,7.4164987,,,632724700,-93.80647,0.0,0.0,-0.036167294
