endDate,type,price,enterpriseValue,forwardPE,profitMargins,sharesOutstanding,bookValue,priceToBook,earningsQuarterlyGrowth,netIncomeToCommon,trailingEps,pegRatio,enterpriseToRevenue,enterpriseToEbitda,lastDividendValue,lastDividendDate,marketCap,trailingPE,dividendYield,yield,earningsPerShare
2025-12-31,yearly,15.006746982402499,48296403000,,0.18585554,1010000000,16.121225,0.9308689,,3279585000,3.247114,0.028415743,2.5620556,5.488053,,,15156815000,4.621565,0.03,0.03,3.247114
2024-12-31,yearly,9.7764703054248,43579440000,,0.060210593,1010000000,13.863452,0.7051974,,1248695000,1.2363317,,2.0005443,6.0990224,,,9874234000,7.9076433,0.07,0.07,1.2363317
2023-12-31,yearly,12.73250176088805,42937440000,,0.097952135,1010000000,12.947751,0.98337555,,1704839900,1.6879603,,2.2678952,5.506952,,,12859827000,7.543129,0.03,0.03,1.6879603
2022-12-31,yearly,9.536952026079101,55890452000,,0.2195938,3030000100,3.9018977,2.444183,,4133088000,1.3640554,0.014148788,2.9137397,4.7184463,,,28896965000,6.9916162,0.08,0.08,1.3640554
2021-12-31,yearly,9.636357019351621,53841830000,,0.06579384,3030000100,2.8269966,3.4086907,,695631000,0.22958118,0.15890455,4.3973165,7.922826,,,29198162000,41.973637,0.03,0.03,0.22958118
2020-12-31,yearly,10.903447188102001,49771620000,,0.008707535,3030000100,2.6203835,4.161012,,191032000,0.063046865,,5.032784,11.169907,,,33037445000,172.94194,0.06,0.06,0.063046865
2019-12-31,yearly,14.575170186237502,61523920000,,0.1346877,3030000100,2.7853775,5.232745,,1438255000,0.4746716,0.366652,5.8091793,11.207699,,,44162770000,30.7058,0.1,0.1,0.4746716
2018-12-31,yearly,8.3193884880894,34099310000,,0.06547872,2020000000,4.1746206,1.992849,,782739000,0.38749456,,3.5096548,8.931721,,,16805166000,21.469692,0.12,0.12,0.38749456
2017-12-31,yearly,10.481755664879461,36060676000,,0.16882099,2020000000,4.2041817,2.4931738,,1797466000,0.88983464,2.4144244,3.4145143,7.137409,,,21173148000,11.779443,0.12,0.12,0.88983464
2016-12-31,yearly,9.42532478985951,34844996000,,0.16380912,2020000000,2.0517273,4.5938487,,1713851000,0.84844106,0.11570628,3.4858706,6.6221824,,,19039154000,11.108991,0.15,0.15,0.84844106
2015-12-31,yearly,6.766065560447701,26059311000,,0.09280381,1765587200,2.211339,3.0597143,,874368000,0.49522787,,3.0734434,7.3365345,,,11946079000,13.662531,0.18,0.18,0.49522787
2014-12-31,yearly,7.535077747524359,24190394000,,0.18246013,1765587200,2.0787492,3.6248133,,1348841000,0.7639617,,3.2702124,6.799555,,,13303838000,9.863162,0.2,0.2,0.7639617
2013-12-31,yearly,7.956007633428401,22311827000,,0.22735325,1765587200,1.974154,4.0300846,,1350991000,0.76517946,0.70468634,3.708404,6.7814407,,,14047026000,10.397572,0.18,0.18,0.76517946
2012-12-31,yearly,7.879110670848401,22748551000,,0.20673291,1765587200,1.9043704,4.1373835,,1177284000,0.6667946,0.38239947,3.9441302,7.488747,,,13911257000,11.816399,0.14,0.14,0.6667946
