endDate,type,price,enterpriseValue,forwardPE,profitMargins,sharesOutstanding,bookValue,priceToBook,earningsQuarterlyGrowth,netIncomeToCommon,trailingEps,pegRatio,enterpriseToRevenue,enterpriseToEbitda,lastDividendValue,lastDividendDate,marketCap,trailingPE,dividendYield,yield,earningsPerShare
2025-12-31,yearly,9.7600012192476,20935750000.0,,0.021698667,152068530,19.516228,0.5000967,,0,0.0,,1.4269134,3.681879,,,1484188800.0,,0.08,0.08,0.0
2024-12-31,yearly,3.26276082921204,18033508000.0,,0.017171452,343109900,7.264413,0.44914308,,231492990,0.6746905,0.03567174,1.3376714,3.8364587,,,1119485600.0,4.835937,0.05,0.05,0.6746905
2023-12-31,yearly,9.798668545850001,16975116000.0,,-0.06293271,362302080,6.96142,1.4075675,,-650851000,-1.7964319,,1.6413741,4.851078,,,3550078200.0,-5.4545174,0.01,0.01,-1.7964319
2022-12-31,yearly,6.651215010388909,15209703000.0,,0.05795878,362302080,7.6419187,0.8703593,,0,0.0,,1.5843393,4.282046,,,2409749000.0,,0.22,0.22,0.0
2021-12-31,yearly,12.3982629401202,12143745000.0,,0.15366527,362302080,9.065562,1.3676221,,0,0.0,,2.2772555,5.829967,,,4491916300.0,,0.04,0.04,0.0
2020-12-31,yearly,15.7703571427732,7664857000.0,,0.026687903,298921020,7.890646,1.9986142,,109027000,0.36473513,,1.8762231,10.687479,,,4714091000.0,43.23783,0.01,0.01,0.36473513
2019-12-31,yearly,14.50475603238008,6638322000.0,,0.059388008,298921020,7.6976824,1.8843017,,227815010,0.7621244,0.44672254,1.7305125,8.932164,,,4335776300.0,19.032003,0.02,0.02,0.7621244
2018-12-31,yearly,6.723034058505901,3332795400.0,,0.06292999,263421010,6.297303,1.0676053,,159754000,0.60645884,0.07898375,1.3128483,6.918274,,,1770988400.0,11.085722,0.06,0.06,0.60645884
2017-12-31,yearly,5.19185917494979,2254290200.0,,0.026931304,213491580,6.018223,0.86268973,,66466000,0.31132844,0.24730316,0.913414,6.897081,,,1108418200.0,16.67647,,,0.31132844
2016-12-31,yearly,,,,0.020968424,213491580,3.3807657,,,39697000,0.18594176,,,,,,,,,,0.18594176
2015-12-31,yearly,,,,0.05525331,0,,,,67050000,,,,,,,,,,,
2014-12-31,yearly,,,,0.07908667,152068530,4.1289544,,,4766000,0.03134113,,,,,,,,,,0.03134113
