endDate,type,price,enterpriseValue,forwardPE,profitMargins,sharesOutstanding,bookValue,priceToBook,earningsQuarterlyGrowth,netIncomeToCommon,trailingEps,pegRatio,enterpriseToRevenue,enterpriseToEbitda,lastDividendValue,lastDividendDate,marketCap,trailingPE,earningsPerShare,dividendYield,yield
2025-12-31,yearly,7.790000044629601,20114614000,,-0.09560622,562835800,10.936044,0.7123234,,-1042256000,-1.8517941,,1.8443222,44.42234,,,4384491000,-4.2067313,-1.8517941,,
2024-12-31,yearly,5.31000004407614,19570248000,,-0.053512614,562826700,13.273043,0.40005898,,-503201980,-0.89406204,,2.172291,32.285824,,,2988609800,-5.939185,-0.89406204,,
2023-12-31,yearly,10.7200002702996,18873213000,,-0.0024817241,562826700,13.440446,0.7975926,,-29815000,-0.052973676,-2.4345558,2.5401652,92.848,,,6033502000,-202.36465,-0.052973676,,
2022-12-31,yearly,7.599999846948121,15054527000,,-0.018579038,483783550,13.589358,0.55926114,,-176648000,-0.3651385,,2.265445,27.942764,,,3676755000,-20.81402,-0.3651385,0.05,0.05
2021-12-31,yearly,11.526176872065,15249635000,,0.1233859,483232800,13.603435,0.847299,,779073000,1.6122105,0.17180209,2.1459618,12.12098,,,5569827000,7.1493,1.6122105,0.06,0.06
2020-12-31,yearly,17.499096523036798,16468312000,,0.09343341,482875040,12.497198,1.4002416,,550140030,1.1393011,,2.4777944,19.998775,,,8449876500,15.359502,1.1393011,0.04,0.04
2019-12-31,yearly,19.1077311793532,15977157000,,0.12349906,481953900,10.600162,1.8025886,,690245000,1.4321805,,2.6383572,19.299837,,,9209045000,13.341704,1.4321805,0.06,0.06
2018-12-31,yearly,10.524859220638751,10416234000,,0.13990362,444139680,10.975345,0.95895475,,690307970,1.5542587,1.198883,1.9221709,12.929608,,,4674507300,6.771626,1.5542587,0.1,0.1
2017-12-31,yearly,11.65548430512382,10816763000,,0.14706732,444139680,13.052473,0.89297134,,653402000,1.4711633,0.45839655,2.2724826,15.1135645,,,5176663000,7.922631,1.4711633,0.05,0.05
2016-12-31,yearly,8.06412405716456,6720262700,,0.13518412,444139680,12.242741,0.65868616,,557114000,1.2543666,3.6927633,1.5815921,13.537862,,,3581597400,6.428841,1.2543666,0.04,0.04
2015-12-31,yearly,6.2100851149921,5572971000,,0.12499459,444139680,11.370011,0.5461811,,547581000,1.2329026,,1.1700455,10.409686,,,2758145300,5.036963,1.2329026,0.06,0.06
2014-12-31,yearly,5.1136755332049,5210505700,,0.17949517,449139680,10.404153,0.4915033,,720211000,1.6035346,0.045408726,1.2446908,7.0409474,,,2296754700,3.1890025,1.6035346,0.06,0.06
2013-12-31,yearly,5.50236105135045,5250324000,,0.116311185,477221340,9.147537,0.60151285,,423084000,0.88655716,,1.3564599,10.403584,,,2625844200,6.206437,0.88655716,0.05,0.05
2012-12-31,yearly,7.31826988679528,6391662000,,0.13475211,483102200,8.461922,0.86484724,,527566020,1.0920382,,1.4983203,9.547347,,,3535472100,6.701478,1.0920382,0.05,0.05
