endDate,type,price,enterpriseValue,forwardPE,profitMargins,sharesOutstanding,bookValue,priceToBook,earningsQuarterlyGrowth,netIncomeToCommon,trailingEps,pegRatio,enterpriseToRevenue,enterpriseToEbitda,lastDividendValue,lastDividendDate,marketCap,trailingPE,dividendYield,yield,earningsPerShare
2025-12-31,yearly,26.996270482764004,19072612000,,0.416648,513163700,12.275574,2.199186,,1141120000,2.2236958,,6.9631405,9.52035,,,13853508000,12.140272,0.04,0.04,2.2236958
2024-12-31,yearly,19.6956826253265,14816655000,,0.5269537,513163700,11.001887,1.7902095,,1340814000,2.6128387,0.24004883,5.8223515,8.017506,,,10107109000,7.53804,0.05,0.05,2.6128387
2023-12-31,yearly,25.346359446159003,17722940000,,0.5028427,600760900,11.5420265,2.196006,,1020390000,1.698496,0.45710307,8.732366,11.764143,,,15227102000,14.922826,0.04,0.04,1.698496
2022-12-31,yearly,19.164513276678697,13949240000,,0.42800727,600760900,10.957009,1.7490643,,769255000,1.2804679,0.2144968,7.759903,10.938401,,,11513292000,14.966807,0.04,0.04,1.2804679
2021-12-31,yearly,15.869729843321199,12426069000,,0.35136637,600760900,10.591889,1.4982908,,453099000,0.75420856,,9.644627,15.29161,,,9533913000,21.041567,0.03,0.03,0.75420856
2020-12-31,yearly,19.428511406592,14177884000,,0.8912717,600760900,10.375215,1.8725888,,964174000,1.6049213,0.11561199,13.108543,10.34694,,,11671889000,12.105583,0.02,0.02,1.6049213
2019-12-31,yearly,26.695563761748097,18686915000,,0.35937476,600760900,9.306533,2.8684757,,470998020,0.7840025,,14.313036,20.201916,,,16037649000,34.050354,0.02,0.02,0.7840025
2018-12-31,yearly,19.869114657164,14286544000,,0.38284674,600760900,8.909014,2.230226,,472948000,0.7872483,0.90038306,11.623184,15.211154,,,11936587000,25.238688,0.06,0.06,0.7872483
2017-12-31,yearly,18.460897797136763,5811332600,,0.3186983,200253630,25.968634,0.71089214,,369401000,1.8446656,0.54330283,5.025457,7.1038585,,,3696861700,10.00772,0.07,0.07,1.8446656
2016-12-31,yearly,14.9088591305863,5680025000,,0.28091535,200253630,22.253578,0.66995335,,311941000,1.5577296,,5.1173706,7.005475,,,2985553400,9.570891,0.03,0.03,1.5577296
2015-12-31,yearly,9.46093773577757,2850734000,,0.33985803,80269120,52.167023,0.18135859,,362185000,4.5121336,,2.6766703,3.6482158,,,759421100,2.096777,0.14,0.14,4.5121336
2014-12-31,yearly,11.46120575205,2908446000,,0.3305453,80269120,50.70012,0.22605875,,368062020,4.58535,0.085171476,2.6120934,3.6950336,,,919980900,2.499527,0.07,0.07,4.58535
2013-12-31,yearly,11.8557685334382,2925178000,,0.29249045,80269120,47.58166,0.24916677,,284553980,3.5449994,,3.006183,4.800371,,,951652160,3.3443642,0.09,0.09,3.5449994
2012-12-31,yearly,13.9772980137388,4153789000,,0.40479562,179197220,17.88722,0.78141254,,388055000,2.165519,0.21412909,4.318438,6.746055,,,2504693000,6.454479,0.07,0.07,2.165519
