endDate,type,price,enterpriseValue,forwardPE,profitMargins,sharesOutstanding,bookValue,priceToBook,earningsQuarterlyGrowth,netIncomeToCommon,trailingEps,pegRatio,enterpriseToRevenue,enterpriseToEbitda,lastDividendValue,lastDividendDate,marketCap,trailingPE,earningsPerShare,dividendYield,yield
2025-12-31,yearly,3.7999998662012,10769079000.0,,-0.042641133,490810240,4.327538,0.8780974,,-824000000,-1.6788566,-0.034416378,0.56344265,10.977654,,,1865078900.0,-2.2634454,-1.6788566,,
2024-12-31,yearly,2.550000045833496,9865230000.0,,-0.12788717,490286430,5.9862967,0.42597288,,-2407000000,-4.909375,,0.52502555,13.607216,,,1250230400.0,-0.51941437,-4.909375,,
2023-12-31,yearly,4.18999992722965,9458883000.0,,-0.110857144,270139070,17.479885,0.23970409,,-2271000000,-8.406781,,0.49137053,5.2259026,,,1131882800.0,-0.49840719,-8.406781,,
2022-12-31,yearly,5.50666662813181,11096566000.0,,-0.00023093355,270139070,50.836777,0.10832053,,-172000000,-0.6367091,,0.64064234,24.070642,,,1487565800.0,-8.648639,-0.6367091,0.06,0.06
2021-12-31,yearly,7.123749180831135,11628532000.0,,0.018716734,269455300,60.789303,0.117187545,,802000000,2.9763749,,0.22671682,3.0545135,,,1919532000.0,2.3934314,2.9763749,0.31,0.31
2020-12-31,yearly,5.816796459149,13167111000.0,,0.045382712,268895680,62.50379,0.0930631,,2179000000,8.103515,0.004082586,0.2569042,2.821927,,,1564111600.0,0.71781164,8.103515,0.1,0.1
2019-12-31,yearly,6.683722864894401,19117568000.0,,0.01476119,268049500,50.542904,0.1322386,,790000000,2.9472167,,0.3375575,5.423424,,,1791568600.0,2.2678084,2.9472167,0.22,0.22
2018-12-31,yearly,,,,0.023892444,266856290,52.234108,,,1192999900,4.4705706,,,,,,,,4.4705706,,
2017-12-31,yearly,,,,0.019379845,266629740,49.851902,,,619000000,2.3215716,,,,,,,,2.3215716,,
2016-12-31,yearly,6.716603634384,4671279000.0,,-0.025956482,266247490,47.31312,0.1419607,,-482000000,-1.8103456,,0.112685844,2.8870697,,,1788278900.0,-3.7101223,-1.8103456,0.0,0.0
2015-12-31,yearly,,,,-0.0039872867,265724190,50.247585,,,265000000,0.99727464,,,,,,,,0.99727464,,
2014-12-31,yearly,,,,0.026859976,265662160,54.512844,,,1270000000,4.7805076,,,,,,,,4.7805076,,
2013-12-31,yearly,,,,0.024185011,264955220,47.977783,,,1052495000,3.9723506,,,,,,,,3.9723506,,
2012-12-31,yearly,,,,0.02270885,263988350,41.925907,,,1051181000,3.981922,,,,,,,,3.981922,,
