endDate,type,price,enterpriseValue,forwardPE,profitMargins,sharesOutstanding,bookValue,priceToBook,earningsQuarterlyGrowth,netIncomeToCommon,trailingEps,pegRatio,enterpriseToRevenue,enterpriseToEbitda,lastDividendValue,lastDividendDate,marketCap,trailingPE,dividendYield,yield,earningsPerShare
2025-12-31,yearly,32.1287649052016,1038178060000,,0.22229971,12888733000,32.399384,0.9916474,,110129000000,8.544595,0.018721111,2.0865846,4.5135036,,,414099080000,3.7601275,0.09,0.09,8.544595
2024-12-31,yearly,35.552490686555,1042833540000,,0.07540101,12888733000,28.514362,1.2468275,,36606000000,2.8401551,,2.1246371,5.1060724,,,458226570000,12.517799,0.18,0.18,2.8401551
2023-12-31,yearly,30.351082003776,881052550000,,0.2444677,13044497000,29.310444,1.035504,,124606000000,9.552381,,1.720826,3.3201911,,,395914580000,3.1773314,0.26,0.26,9.552381
2022-12-31,yearly,16.788128490385198,659042660000,,0.29474187,13044497000,27.934002,0.6009926,,188328000000,14.437352,0.015189361,1.0277373,1.7842054,,,218992690000,1.162826,1.0,1.0,14.437352
2021-12-31,yearly,11.32962753468264,584837300000,,0.23695953,13044497000,29.865543,0.37935448,,106668000000,8.177241,0.000989171,1.2919785,2.0842385,,,147789300000,1.3855073,0.59,0.59,8.177241
2020-12-31,yearly,8.387702737324199,636479340000,,0.02295741,13044497000,23.85297,0.35164186,,7107999700,0.5449041,,2.339404,5.6340566,,,109413370000,15.39299,0.03,0.03,0.5449041
2019-12-31,yearly,9.2095285349178,638705660000,,0.13555229,13044497000,22.932045,0.40160084,,40137000000,3.0769296,0.053739294,2.1132052,4.4073286,,,120133670000,2.9930904,0.05,0.05,3.0769296
2018-12-31,yearly,7.542496169422769,534494050000,,0.07631576,13044497000,21.736599,0.34699523,,25779000000,1.9762356,0.00064907625,1.5278418,4.925214,,,98388070000,3.8165975,0.03,0.03,1.9762356
2017-12-31,yearly,4.857492198409201,485247550000,,0.001328892,13044497000,20.66841,0.23502012,,-446000000,-0.034190662,-1.464777,1.7104551,6.0466228,,,63363540000,-142.07072,,,-0.034190662
2016-12-31,yearly,4.748176840175,493163580000,,-0.04616245,13044497000,19.37545,0.2450615,,-14823999000,-1.1364179,-0.07273218,1.745162,7.584215,,,61937582000,-4.1781964,,,-1.1364179
2015-12-31,yearly,2.40211787607504,518457430000,,-0.10934964,13044497000,19.773088,0.121484205,,-34836000000,-2.6705515,,1.6119283,20.422966,,,31334420000,-0.8994839,,,-2.6705515
2014-12-31,yearly,2.6880176360128,397620840000,,-0.06500623,13044497000,23.82016,0.11284633,,-21587000000,-1.6548741,,1.1789742,45.385326,,,35063837000,-1.6243035,0.4,0.4,-1.6548741
2013-12-31,yearly,4.17421240346481,348069400000,,0.075459644,13044497000,26.780159,0.15586959,,23570366000,1.8069203,0.2049231,1.1416233,5.540417,,,54450504000,2.3101254,0.07,0.07,1.8069203
2012-12-31,yearly,5.10489876129058,295628960000,,0.07448788,13044497000,26.481178,0.19277461,,21182441000,1.6238604,,1.0506415,5.552538,,,66590835000,3.1436808,0.13,0.13,1.6238604
