endDate,type,price,enterpriseValue,forwardPE,profitMargins,sharesOutstanding,bookValue,priceToBook,earningsQuarterlyGrowth,netIncomeToCommon,trailingEps,pegRatio,enterpriseToRevenue,enterpriseToEbitda,lastDividendValue,lastDividendDate,marketCap,trailingPE,dividendYield,yield,earningsPerShare
2025-12-31,yearly,30.355918239816077,1015328300000,,0.22229971,12888733000,32.399384,0.93692887,,110129000000,8.544595,0.01768809,2.04066,4.414164,,,391249300000,3.5526457,0.1,0.1,8.544595
2024-12-31,yearly,32.40922139722979,1002320760000,,0.07540101,12888733000,28.514362,1.1365929,,36606000000,2.8401551,,2.0420978,4.9077077,,,417713780000,11.411075,0.2,0.2,2.8401551
2023-12-31,yearly,28.612956260727362,853922740000,,0.2444677,13044497000,29.310444,0.97620344,,124606000000,9.552381,,1.6678375,3.2179542,,,368784770000,2.9953744,0.28,0.28,9.552381
2022-12-31,yearly,14.0308637153724,620890000000,,0.29474187,13044497000,27.934002,0.5022862,,188328000000,14.437352,0.012694676,0.96824056,1.6809161,,,180840050000,0.9718447,1.19,1.19,14.437352
2021-12-31,yearly,9.58474363784769,560583200000,,0.23695953,13044497000,29.865543,0.32092983,,106668000000,8.177241,0.00083682797,1.2383981,1.9978019,,,123535200000,1.1721244,0.59,0.59,8.177241
2020-12-31,yearly,7.7833896506118,627384060000,,0.02295741,13044497000,23.85297,0.32630694,,7107999700,0.5449041,,2.305974,5.5535455,,,100318040000,14.283963,0.0,0.0,0.5449041
2019-12-31,yearly,8.2885679762589,625401140000,,0.13555229,13044497000,22.932045,0.36144042,,40137000000,3.0769296,0.048365317,2.069186,4.315522,,,106829136000,2.6937788,0.11,0.11,3.0769296
2018-12-31,yearly,6.39595817299566,518541800000,,0.07631576,13044497000,21.736599,0.29424834,,25779000000,1.9762356,0.0005504099,1.4822425,4.7782183,,,82435790000,3.236435,0.14,0.14,1.9762356
2017-12-31,yearly,4.2207069603573,476283570000,,0.001328892,13044497000,20.66841,0.20421053,,-446000000,-0.034190662,-1.2727544,1.6788578,5.9349236,,,54399566000,-123.44619,,,-0.034190662
2016-12-31,yearly,3.792260726268,480103430000,,-0.04616245,13044497000,19.37545,0.19572504,,-14823999000,-1.1364179,-0.058089536,1.698946,7.383367,,,48877433000,-3.3370302,,,-1.1364179
2015-12-31,yearly,1.7086848744009602,509145780000,,-0.10934964,13044497000,19.773088,0.08641467,,-34836000000,-2.6705515,,1.5829777,20.056164,,,22022785000,-0.6398248,,,-2.6705515
2014-12-31,yearly,2.5553769806656,395492560000,,-0.06500623,13044497000,23.82016,0.10727791,,-21587000000,-1.6548741,,1.1726637,45.1424,,,32935570000,-1.5441518,0.78,0.78,-1.6548741
2013-12-31,yearly,3.8320187453818906,343008770000,,0.075459644,13044497000,26.780159,0.14309171,,23570366000,1.8069203,0.18812388,1.1250249,5.459864,,,49389863000,2.120746,0.2,0.2,1.8069203
2012-12-31,yearly,4.24784337967398,283787460000,,0.07448788,13044497000,26.481178,0.16040991,,21182441000,1.6238604,,1.0085578,5.330129,,,54749320000,2.6158922,0.15,0.15,1.6238604
