endDate,type,price,enterpriseValue,forwardPE,profitMargins,sharesOutstanding,bookValue,priceToBook,earningsQuarterlyGrowth,netIncomeToCommon,trailingEps,pegRatio,enterpriseToRevenue,enterpriseToEbitda,lastDividendValue,lastDividendDate,marketCap,trailingPE,dividendYield,yield,earningsPerShare
2025-12-31,yearly,5.894148021614799,8349042000,,0.13640645,1136271500,3.4283435,1.7192408,,1223349000,1.0766344,2.815958,0.9217773,5.543518,,,6697352000,5.474605,0.21,0.21,1.0766344
2024-12-31,yearly,5.5748454005168,7685126700,,0.1422388,1136271500,3.592747,1.5516944,,1200019000,1.0561024,0.11223511,0.8942602,4.728832,,,6334537700,5.278698,0.11,0.11,1.0561024
2023-12-31,yearly,5.142867004704,7012743000,,0.12132045,1136271500,3.15744,1.6288091,,816159000,0.71827817,0.08760923,1.0493064,7.405666,,,5843693000,7.1599936,0.06,0.06,0.71827817
2022-12-31,yearly,1.85785798619772,3590317300,,0.08065598,946892860,3.3845148,0.5489289,,449113980,0.47430286,0.1740885,0.6629561,9.311302,,,2111031200,3.9170291,0.08,0.08,0.47430286
2021-12-31,yearly,1.8969799629873598,3391657000,,0.10240842,946892860,3.1220334,0.6076104,,366623000,0.3871853,0.019366246,0.96920025,10.170039,,,2155484200,4.8994107,0.06,0.06,0.3871853
2020-12-31,yearly,1.728648245905584,3183068700,,0.025268953,946892860,2.7542672,0.62762547,,103863000,0.10968823,,0.88673216,11.855004,,,1964213600,15.759651,0.05,0.05,0.10968823
2019-12-31,yearly,2.63515266272412,3766414800,,0.049142964,946892860,2.4906852,1.0580031,,201387010,0.21268193,1.5784974,0.8729598,11.142448,,,2994248700,12.39011,0.02,0.02,0.21268193
2018-12-31,yearly,2.4411747140656197,3837678300,,0.045491,946892860,2.2543533,1.0828714,,186730000,0.19720288,0.07798468,0.9142841,10.598686,,,2773837300,12.379002,0.05,0.05,0.19720288
2017-12-31,yearly,2.20756169987322,3380068400,,0.028550835,925196030,2.0845442,1.0590141,,72170000,0.07800509,,1.1752701,28.241371,,,2508389400,28.300226,0.01,0.01,0.07800509
2016-12-31,yearly,1.5281075253139198,2659819000,,0.08645608,925196030,2.0195904,0.7566423,,219388000,0.23712596,0.042308096,1.0333034,7.5213895,,,1736345000,6.444286,0.09,0.09,0.23712596
2015-12-31,yearly,0.9851446886542801,2352127000,,0.032522347,896900100,2.0762434,0.4744842,,86949000,0.09694391,,0.8587125,11.068521,,,1119391900,10.162007,0.08,0.08,0.09694391
2014-12-31,yearly,1.71390499202472,3221473300,,0.06589918,896900100,1.863096,0.91992307,,222152000,0.24768868,,0.9474381,10.512677,,,1947461400,6.919594,0.09,0.09,0.24768868
2013-12-31,yearly,2.5340824208750403,4006251500,,0.079828456,896900100,1.7103254,1.4816376,,288709000,0.3218965,,1.094811,9.207361,,,2879405600,7.8723516,0.04,0.04,0.3218965
2012-12-31,yearly,3.3033770373926394,4684409300,,0.079210475,448450050,2.9266224,1.1287336,,300029000,0.6690355,,1.2272059,10.650669,,,3753533400,4.9375215,0.1,0.1,0.6690355
