endDate,type,price,enterpriseValue,forwardPE,profitMargins,sharesOutstanding,bookValue,priceToBook,earningsQuarterlyGrowth,netIncomeToCommon,trailingEps,pegRatio,enterpriseToRevenue,enterpriseToEbitda,lastDividendValue,lastDividendDate,marketCap,trailingPE,earningsPerShare,dividendYield,yield
2025-12-31,yearly,41.42000169328,67651015000.0,,0.14447412,872495230,29.547304,1.40182,,2251479000,2.5805058,,4.341067,8.8268795,,,36138754000.0,16.051117,2.5805058,,
2024-12-31,yearly,40.15000050197499,58707360000.0,,0.7173494,896346200,28.922075,1.388213,,10301606000,11.4928875,0.035331655,4.0880704,6.2191606,,,35988300000.0,3.493465,11.4928875,,
2023-12-31,yearly,45.350000158239,50564920000.0,,0.4351018,892059900,15.557565,2.9149806,,5179905000,5.8066783,0.1526976,4.2473536,5.4899526,,,40454920000.0,7.809973,5.8066783,0.0,0.0
2022-12-31,yearly,37.150330072308,32868977000.0,,0.53855354,887229100,11.149338,3.332066,,3427072000,3.8626685,0.06122634,5.1652555,6.8900933,,,32960854000.0,9.617788,3.8626685,,
2021-12-31,yearly,20.63685374243072,18185808000.0,,0.30324048,882646400,7.5004544,2.7514138,,1333046000,1.5102831,0.07028103,4.136896,6.0770674,,,18215045000.0,13.664228,1.5102831,,
2020-12-31,yearly,14.01548868077,14742902000.0,,0.23785137,878330800,3.587786,3.906445,,452766020,0.51548463,,7.742368,8.3608055,,,12310236000.0,27.188957,0.51548463,,
2019-12-31,yearly,6.60139689951135,3371652600.0,,0.5122681,144685660,14.964171,0.44114685,,842346000,5.8219037,0.0036441763,2.050452,2.4305208,,,955127500.0,1.1338897,5.8219037,,
2018-12-31,yearly,2.58484815591576,-52817752.0,,0.24133606,140375840,7.170721,0.36047256,,204875010,1.4594749,0.0031129709,-0.062217586,-0.21376608,,,362850240.0,1.771081,1.4594749,,
2017-12-31,yearly,2.1328243115177647,-304801440.0,,0.057362314,13337039,64.518295,0.033057667,,30627000,2.2963867,,-0.57087266,-2.3149946,,,28445560.0,0.92877394,2.2963867,,
2016-12-31,yearly,0.543626806902921,-394844160.0,,0.6072873,13190747,63.237663,0.008596567,,241622000,18.317537,0.00024977463,-0.9923924,-1.2014014,,,7170844.0,0.029677944,18.317537,,
2015-12-31,yearly,0.6115177736388001,-278536130.0,,0.43632418,65953740,13.85979,0.04412172,,110421000,1.6742189,0.0032903457,-1.1006243,-1.8562887,,,40331884.0,0.36525556,1.6742189,,
2014-12-31,yearly,,,,-2.0603793,29748500,20.899643,,,-1003073000,-33.71844,,,,,,,,-33.71844,,
2013-12-31,yearly,,,,-509.18542,297466750,4.8899517,,,-2237870000,-7.5230927,,,,,,,,-7.5230927,,
2012-12-31,yearly,,,,-41.145275,297447940,12.30258,,,-277566020,-0.93315834,,,,,,,,-0.93315834,,
