endDate,type,price,enterpriseValue,forwardPE,profitMargins,sharesOutstanding,bookValue,priceToBook,earningsQuarterlyGrowth,netIncomeToCommon,trailingEps,pegRatio,enterpriseToRevenue,enterpriseToEbitda,lastDividendValue,lastDividendDate,marketCap,trailingPE,dividendYield,yield,earningsPerShare
2025-12-31,yearly,46.990449102278,31356983000,,0.08375281,646586050,24.546188,1.9143685,,3380884000,5.228823,0.32292753,0.76699054,8.968455,,,30383370000,8.986813,0.06,0.06,5.228823
2024-12-31,yearly,33.1783178692578,22739900000,,0.076348394,646586050,21.877054,1.5165807,,2644845000,4.0904765,0.4853759,0.64522314,6.473899,,,21452638000,8.111114,0.05,0.05,4.0904765
2023-12-31,yearly,25.0515584639274,12568825000,,0.07145706,646586050,19.328901,1.2960674,,2266149000,3.504791,0.07170202,0.38798565,3.9417906,,,16197988000,7.147804,0.06,0.06,3.504791
2022-12-31,yearly,19.3175321996944,12048233000,,0.041563295,646586050,16.457294,1.1737976,,1134847000,1.7551368,,0.43458182,12.148483,,,12490447000,11.006283,0.06,0.06,1.7551368
2021-12-31,yearly,16.5424641898304,9123278000,,0.07275462,646586050,14.483344,1.1421716,,1544249000,2.3883116,,0.42982358,6.436752,,,10696127000,6.9264264,0.16,0.16,2.3883116
2020-12-31,yearly,18.228065360884003,2369142300,,0.09066701,323293020,27.73685,0.65717864,,1688191000,5.2218604,0.15573832,0.1272367,1.2390639,,,5893006300,3.4907224,0.12,0.12,5.2218604
2019-12-31,yearly,22.300274758029897,3452309000,,0.07627524,323293020,25.579842,0.87179095,,1379083000,4.265737,1.0007763,0.19093898,2.8174915,,,7209522700,5.2277656,0.1,0.1,4.265737
2018-12-31,yearly,17.7736474306054,1052587000,,0.07346987,323293020,23.643322,0.7517407,,1310620000,4.0539694,0.23010325,0.059061244,0.70499015,,,5746096000,4.384258,0.23,0.23,4.0539694
2017-12-31,yearly,11.3891147024931,-1876409600,,0.06500719,323293020,23.867199,0.4771869,,1100867000,3.4051678,0.16529372,-0.11106892,-2.986292,,,3682021400,3.344656,0.13,0.13,3.4051678
2016-12-31,yearly,8.0447034663138,-3179720400,,0.056484073,323293020,21.654655,0.37149996,,915599000,2.8321025,,-0.19707505,-9.724361,,,2600796400,2.840541,0.17,0.17,2.8321025
2015-12-31,yearly,8.2364384903572,-3615814100,,0.06458758,323293020,19.98433,0.41214484,,1001517000,3.0978615,0.18526907,-0.23392454,-6.714105,,,2662783000,2.6587496,0.21,0.21,3.0978615
2014-12-31,yearly,8.256870992077399,-3467361300,,,323293020,18.557308,0.44493905,,875829000,2.7090874,,,-5.908831,,,2669388800,3.0478425,0.34,0.34,2.7090874
2013-12-31,yearly,7.388270029968299,-5239788000,,,323293020,18.229618,0.40528935,,1405207000,4.346543,0.016056027,,-3.7443478,,,2388576000,1.6998037,0.15,0.15,4.346543
2012-12-31,yearly,5.6366385257577,-5062536000,,,323293020,15.680471,0.3594687,,682579970,2.1113353,0.1510939,,-38.4157,,,1822286000,2.6697032,0.17,0.17,2.1113353
