endDate,type,price,enterpriseValue,forwardPE,profitMargins,sharesOutstanding,bookValue,priceToBook,earningsQuarterlyGrowth,netIncomeToCommon,trailingEps,pegRatio,enterpriseToRevenue,enterpriseToEbitda,lastDividendValue,lastDividendDate,marketCap,trailingPE,dividendYield,yield,earningsPerShare
2025-12-31,yearly,23.357730965536,48551330000,,0.029383725,1752367400,4.1863184,5.57954,,1296861000,0.7400623,3.9042404,1.0971941,10.207126,,,40931324000,31.561842,0.02,0.02,0.7400623
2024-12-31,yearly,21.41531499645399,43406980000,,0.031163508,1718007200,3.7525377,5.7068887,,1199864100,0.6984046,2.2326314,1.1166781,10.450606,,,36791670000,30.663195,0.02,0.02,0.6984046
2023-12-31,yearly,28.0573884716028,54381687000,,0.03199946,1718007200,3.5088916,7.996083,,1054973000,0.61406785,7.7323484,1.6006954,14.533423,,,48202793000,45.69102,0.01,0.01,0.61406785
2022-12-31,yearly,22.528211183386162,43871640000,,0.034917768,1718007200,3.1448884,7.1634374,,996112000,0.5798066,1.196511,1.5093085,13.244158,,,38703632000,38.8547,0.01,0.01,0.5798066
2021-12-31,yearly,22.8229337549808,42120110000,,0.03167128,1651930000,2.8565388,7.989716,,751934000,0.45518515,0.90807015,1.7457664,15.841514,,,37701886000,50.13989,0.01,0.01,0.45518515
2020-12-31,yearly,23.262559927222,42680127000,,0.024694122,1651930000,2.679061,8.683102,,484444000,0.2932594,,2.1268983,20.670235,,,38428120000,79.324165,0.02,0.02,0.2932594
2019-12-31,yearly,20.625939575464297,10837307000,,0.044902254,330385980,12.338353,1.6716931,,772240000,2.3373873,0.16433977,0.61696196,5.0858555,,,6814521300,8.824357,0.03,0.03,2.3373873
2018-12-31,yearly,10.392712361951299,4368770600,,0.03440968,330385980,10.698901,0.9713813,,502447000,1.520788,,0.2951584,3.8469543,,,3433606700,6.833769,0.06,0.06,1.520788
2017-12-31,yearly,16.427373569660503,6078847000,,0.03880059,330385980,9.838105,1.6697701,,511163000,1.5471692,0.7488238,0.46008286,5.377141,,,5427374000,10.617698,0.04,0.04,1.5471692
2016-12-31,yearly,11.0176896609602,4034703400,,0.040087894,330385980,8.886439,1.2398318,,447685000,1.3550363,0.25737008,0.35843113,4.1171618,,,3640090400,8.1309185,0.05,0.05,1.3550363
2015-12-31,yearly,6.324322163817599,2325245400,,0.038187318,330385980,8.041497,0.7864608,,340206020,1.0297229,0.025926935,0.2613267,3.191559,,,2089467500,6.1417713,0.09,0.09,1.0297229
2014-12-31,yearly,4.4469731521325,1603040500,,0.029951151,330385980,7.4365654,0.5979875,,221386000,0.6700829,0.0556625,0.2168742,3.2274206,,,1469217500,6.6364517,0.05,0.05,0.6700829
2013-12-31,yearly,2.56411685203632,956313200,,0.01620188,330385980,7.043226,0.36405432,,100985000,0.30565766,,0.15342943,3.0991776,,,847148200,8.388852,0.05,0.05,0.30565766
2012-12-31,yearly,4.05024679301856,1444144800,,0.01948714,330385980,6.8545856,0.59088135,,104855000,0.31737122,0.2424538,0.26839206,5.0680456,,,1338144800,12.761859,0.03,0.03,0.31737122
