endDate,type,price,enterpriseValue,forwardPE,profitMargins,sharesOutstanding,bookValue,priceToBook,earningsQuarterlyGrowth,netIncomeToCommon,trailingEps,pegRatio,enterpriseToRevenue,enterpriseToEbitda,lastDividendValue,lastDividendDate,marketCap,trailingPE,dividendYield,yield,earningsPerShare
2025-12-31,yearly,14.6573695086112,54624870000.0,,0.06247393,1858685800,7.558264,1.9392508,,847057000,0.45572898,0.17080045,3.9446673,8.041353,,,27243446000.0,32.16247,0.06,0.06,0.45572898
2024-12-31,yearly,16.9789086400184,54262206000.0,,-0.06811248,1854869000,8.051866,2.1086924,,-959247000,-0.5171508,,3.893563,6.884572,,,31493648000.0,-32.831635,0.01,0.01,-0.5171508
2023-12-31,yearly,21.0789870199398,61111517000.0,,0.06600253,1854869000,8.556429,2.4635262,,719666000,0.3879875,1.3665189,5.5872283,10.815608,,,39098760000.0,54.329037,0.0,0.0,0.3879875
2022-12-31,yearly,17.5702835329007,51400577000.0,,0.052229904,1854158800,8.311289,2.1140263,,514940000,0.2777216,0.2613572,5.2228355,10.27371,,,32578097000.0,63.265812,0.0,0.0,0.2777216
2021-12-31,yearly,16.7494517618736,51545620000.0,,0.020933963,1854158800,8.099934,2.0678504,,150538000,0.08118938,,6.928518,15.384837,,,31056140000.0,206.301,,,0.08118938
2020-12-31,yearly,18.145241256949998,54125660000.0,,0.04373644,1854158800,8.24974,2.1994925,,297163000,0.16026837,,7.769799,14.772254,,,33644155000.0,113.21784,,,0.16026837
2019-12-31,yearly,24.6149033499882,58658180000.0,,0.11087595,1559015900,5.5254645,4.4548116,,778237000,0.4991848,0.2536681,8.275889,15.3177395,,,38375023000.0,49.310204,,,0.4991848
2018-12-31,yearly,15.985538297206197,42071260000.0,,0.04145325,1559015900,5.320422,3.0045621,,264356990,0.16956657,0.4681784,6.3890157,12.97675,,,24921710000.0,94.27294,,,0.16956657
2017-12-31,yearly,12.25086513222803,35213450000.0,,-0.04346163,1559015900,5.1438737,2.3816419,,-260807010,-0.16728951,-0.9703354,5.9218607,12.77226,,,19099294000.0,-73.23152,,,-0.16728951
2016-12-31,yearly,,,,-0.24411923,1339015900,4.2384014,,,-1063230000,-0.79403836,,,,,,,,,,-0.79403836
2015-12-31,yearly,,,,-0.28704044,681995140,3.2973447,,,-1176643000,-1.7252953,,,,,,,,,,-1.7252953
2014-12-31,yearly,,,,-0.55039763,687664300,3.1269326,,,-2037140000,-2.9624047,,,,,,,,,,-2.9624047
2013-12-31,yearly,,,,0.007683254,687664300,6.686802,,,13029000,0.018946745,,,,,,,,,,0.018946745
2012-12-31,yearly,,,,0.0681972,687664300,6.218764,,,237315010,0.345103,,,,,,,,,,0.345103
