endDate,type,price,enterpriseValue,forwardPE,profitMargins,sharesOutstanding,bookValue,priceToBook,earningsQuarterlyGrowth,netIncomeToCommon,trailingEps,pegRatio,enterpriseToRevenue,enterpriseToEbitda,lastDividendValue,lastDividendDate,marketCap,trailingPE,dividendYield,yield,earningsPerShare
2025-12-31,yearly,5.64999986189376,9030058000,,-0.0045491736,349724670,13.576128,0.41617167,,-250743010,-0.7169726,,0.6870483,6.663335,,,1975944400,-7.880357,0.01,0.01,-0.7169726
2024-12-31,yearly,9.8484083069016,8972786000,,0.05804893,329330530,13.687428,0.7195222,,408501000,1.2403982,1.130188,0.7530195,5.530055,,,3444231200,7.939715,0.04,0.04,1.2403982
2023-12-31,yearly,12.123031998503999,7446179300,,0.060938515,329330530,11.828208,1.0249255,,381687000,1.1589785,,0.68389845,4.7421246,,,4239723000,10.4601,0.05,0.05,1.1589785
2022-12-31,yearly,7.5390990008497205,5615317000,,0.059754044,329330530,11.603133,0.64974684,,471720000,1.4323604,,0.5035067,3.7311969,,,2636609000,5.263409,0.11,0.11,1.4323604
2021-12-31,yearly,9.119037803274301,5644492000,,0.09767764,345775800,9.470703,0.9628681,,697875970,2.0182903,0.9045034,0.62318724,4.2552886,,,3189152500,4.5181994,0.07,0.07,2.0182903
2020-12-31,yearly,12.840576973432022,6277846000,,0.15537994,345775800,7.7048883,1.6665494,,664674000,1.9222687,0.039660253,1.170577,5.2560754,,,4490667000,6.679908,0.02,0.02,1.9222687
2019-12-31,yearly,10.51118421169518,4906104300,,0.05901855,345775800,6.2929854,1.6703017,,247616990,0.71612006,0.23221824,0.96342355,7.153299,,,3676020500,14.677963,0.03,0.03,0.71612006
2018-12-31,yearly,7.1734533166516,3840251600,,0.053231105,345775800,5.914124,1.2129359,,151719010,0.43877858,0.07272656,0.90091723,6.8608637,,,2508733700,16.348686,0.01,0.01,0.43877858
2017-12-31,yearly,5.6557419229629,2639061500,,0.035663817,345775800,5.518197,1.0249257,,46712000,0.13509332,0.24698396,0.89863086,8.562071,,,1977952400,41.865444,0.01,0.01,0.13509332
2016-12-31,yearly,2.55859854412099,1595992100,,-0.0043315943,345775800,5.4667907,0.4680257,,-67205000,-0.19436005,,0.6082343,11.182916,,,894805100,-13.164222,,,-0.19436005
2015-12-31,yearly,1.816975865421,2068471300,,-0.0002423048,304731800,5.21005,0.34874442,,-24628000,-0.08081861,,0.66737753,12.777965,,,635441340,-22.48215,0.02,0.02,-0.08081861
2014-12-31,yearly,3.4992571155522496,2320045600,,0.06517626,304731800,5.7209125,0.61166066,,201956000,0.6627336,,0.61397123,4.730317,,,1223776600,5.280036,0.08,0.08,0.6627336
2013-12-31,yearly,6.481010168829751,3507823000,,0.072123766,304731800,5.3909965,1.2021915,,235062000,0.7713734,0.018576732,0.8247244,6.2207246,,,2266569000,8.401911,0.04,0.04,0.7713734
2012-12-31,yearly,7.104995324795275,3312123100,,0.028856162,243785460,7.6200485,0.93240815,,42562000,0.17458794,,0.9458018,11.821453,,,2484792000,40.695797,0.03,0.03,0.17458794
