endDate,type,price,enterpriseValue,forwardPE,profitMargins,sharesOutstanding,bookValue,priceToBook,earningsQuarterlyGrowth,netIncomeToCommon,trailingEps,pegRatio,enterpriseToRevenue,enterpriseToEbitda,lastDividendValue,lastDividendDate,marketCap,trailingPE,earningsPerShare
2025-12-31,yearly,43.066142236962,123587160000,,0.044767804,2000000000,12.769506,3.372577,,1875473000,0.9377365,13.467641,2.9579334,8.985931,,,86132285000,45.925632,0.9377365
2024-12-31,yearly,29.138556224052003,95334570000,,0.048651308,2000000000,13.171356,2.212267,,1813627000,0.9068135,71.97381,2.5578372,8.001413,,,58277114000,32.132908,0.9068135
2023-12-31,yearly,53.2943808884704,140625400000,,0.06238573,2000000000,12.698908,4.1967688,,1805566000,0.902783,,4.865546,13.363831,,,106588760000,59.033432,0.902783
2022-12-31,yearly,44.882130980645,121407594000,,0.10353417,2000000000,10.285303,4.363715,,1844306000,0.922153,,6.826954,18.414682,,,89764270000,48.67103,0.922153
2021-12-31,yearly,42.649019983504,41933554000,,0.18747033,758466700,10.042748,4.246748,,2043677000,2.6944847,0.16665916,3.8466434,11.340847,,,32347860000,15.828265,2.6944847
2020-12-31,yearly,54.6048551958125,49156485000,,0.10168987,758466700,7.980125,6.8426065,,1048179970,1.3819723,1.538017,4.7689486,19.916973,,,41415963000,39.512264,1.3819723
2019-12-31,yearly,37.0651111356766,35849236000,,0.081793614,758466700,7.1822953,5.160622,,833938000,1.0995051,1.2718124,3.516135,16.20117,,,28112654000,33.710724,1.0995051
2018-12-31,yearly,23.48524397700609,22696841000,,0.0834884,722349200,4.2839417,5.4821577,,659208000,0.9125891,0.8476045,2.8745446,14.273468,,,16964548000,25.734743,0.9125891
2017-12-31,yearly,16.5448014054752,15312585000,,0.083468586,667149200,3.8982658,4.244144,,505676000,0.7579654,0.92718965,2.527547,12.346868,,,11037852000,21.827913,0.7579654
2016-12-31,yearly,8.106719759104,4143688200,,0.09220316,222383070,9.879304,0.820576,,409315000,1.8405852,2.5732572,0.93341595,4.0797906,,,1802797300,4.404425,1.8405852
2015-12-31,yearly,5.607847987369101,3309233000,,0.10244839,257953500,7.526849,0.7450459,,402427000,1.5600758,,0.84245235,3.5397828,,,1446564000,3.5945997,1.5600758
2014-12-31,yearly,7.83856851312288,3214429200,,0.105489776,211793410,7.8165984,1.0028107,,410589000,1.9386297,0.5921278,0.825861,3.3144665,,,1660157200,4.0433555,1.9386297
2013-12-31,yearly,7.1677962363695995,3043080000,,0.10961729,211793410,6.3326244,1.131884,,384344000,1.8147118,0.06635998,0.8679053,3.320233,,,1518091900,3.949826,1.8147118
2012-12-31,yearly,7.928468421643,3052377300,,0.07608185,211793410,6.25493,1.2675551,,240936000,1.1375991,,0.9638681,3.4857066,,,1679197400,6.969475,1.1375991
