endDate,type,price,enterpriseValue,forwardPE,profitMargins,sharesOutstanding,bookValue,priceToBook,earningsQuarterlyGrowth,netIncomeToCommon,trailingEps,pegRatio,enterpriseToRevenue,enterpriseToEbitda,lastDividendValue,lastDividendDate,marketCap,trailingPE,dividendYield,yield,earningsPerShare
2025-12-31,yearly,32.79363925380841,1369147756000,,0.07978801,7498531000,16.877058,1.9430898,,12965123000,1.7290217,,,,,,245904130000,18.966587,0.06,0.06,1.7290217
2024-12-31,yearly,21.4062805003762,1242401166000,,0.09777973,7498531000,15.980081,1.3395602,,13413763000,1.7888521,0.29034188,,,,,160515650000,11.966489,0.08,0.08,1.7888521
2023-12-31,yearly,27.22768897197,1181841560000,,0.07404593,7498531000,15.31718,1.7775915,,9498812000,1.2667564,,,,,,204167660000,21.49402,0.06,0.06,1.2667564
2022-12-31,yearly,22.557067085263203,1021912060000,,0.12444747,7498531000,14.760248,1.5282309,,14339475000,1.9123045,,,,,,169144880000,11.795751,0.1,0.1,1.9123045
2021-12-31,yearly,22.3724219968202,976336959000,,0.19951096,7498531000,14.132702,1.5830251,,15559323000,2.074983,0.67581606,,,,,167760300000,10.781979,0.13,0.13,2.074983
2020-12-31,yearly,31.057284630707503,1042846914000,,0.21426947,7498531000,14.1480875,2.1951578,,13418529000,1.7894877,,,,,,232884010000,17.355406,0.09,0.09,1.7894877
2019-12-31,yearly,32.072333165368,795861617000,,0.2283252,7498531000,12.96376,2.4739993,,16406932000,2.1880195,0.48225415,,,,,240495400000,14.658157,0.07,0.07,2.1880195
2018-12-31,yearly,28.329676422136004,699502564000,,0.18161479,7498531000,12.21512,2.3192303,,12582477000,1.6779922,0.41183347,,,,,212430960000,16.88308,0.06,0.06,1.6779922
2017-12-31,yearly,19.234646687694003,462025910000,,0.12795098,7498531000,11.613955,1.6561668,,8924064000,1.1901083,0.7457807,,,,,144231600000,16.162098,0.08,0.08,1.1901083
2016-12-31,yearly,16.503671341493703,418329180000,,0.09676341,7563082000,11.214021,1.4716997,,7334563000,0.9697849,,,,,,123753300000,17.017868,0.01,0.01,0.9697849
2015-12-31,yearly,8.4609512027678,378978005000,,0.14074421,7563082000,10.555919,0.8015362,,9783740000,1.2936181,0.08865155,,,,,63444705000,6.540532,0.19,0.19,1.2936181
2014-12-31,yearly,6.588867053039281,302875953000,,0.09686688,9090909000,8.655162,0.76126444,,5630023000,0.6193025,,,,,,49406824000,10.6391735,0.31,0.31,0.6193025
2013-12-31,yearly,6.453202714355,290268560000,,0.07389455,399044120000,0.20462725,31.53638,,5723494000,0.01434301,89.19782,,,,,48389540000,449.91968,0.14,0.14,0.01434301
2012-12-31,yearly,6.607223143162501,256512870000,,0.10366896,399044120000,0.20440374,32.324375,,5448660000,0.0136542795,,,,,,49544470000,483.89395,0.14,0.14,0.0136542795
