endDate,type,price,enterpriseValue,forwardPE,profitMargins,sharesOutstanding,bookValue,priceToBook,earningsQuarterlyGrowth,netIncomeToCommon,trailingEps,pegRatio,enterpriseToRevenue,enterpriseToEbitda,lastDividendValue,lastDividendDate,marketCap,trailingPE,dividendYield,yield,earningsPerShare
2025-12-31,yearly,39.627583375284,63368020000.0,,0.28859934,1511205500,8.170815,4.8498936,,2079568000,1.3760988,0.8330155,8.794119,21.380976,,,59885425000.0,28.79705,0.05,0.05,1.3760988
2024-12-31,yearly,25.63466739481224,45351997000.0,,0.22565678,1511205500,7.1656084,3.5774586,,1545347000,1.0225922,8.976463,6.6224513,15.44391,,,38739250000.0,25.06832,0.06,0.06,1.0225922
2023-12-31,yearly,25.39426955904036,44851530000.0,,0.2389045,1511205500,6.4479647,3.9383388,,1503363000,0.99481046,0.835501,7.1275086,15.863183,,,38375960000.0,25.526743,0.06,0.06,0.99481046
2022-12-31,yearly,14.425191018206641,27407798000.0,,0.20296258,1511205500,5.8144884,2.4809046,,1151538000,0.7619996,,4.8307195,12.334937,,,21799428000.0,18.930706,0.1,0.1,0.7619996
2021-12-31,yearly,14.38172394118975,26575370000.0,,0.22627552,1511205500,5.1788735,2.7769985,,1177631000,0.77926594,1.0142968,5.1063156,11.690659,,,21733740000.0,18.455475,0.08,0.08,0.77926594
2020-12-31,yearly,18.67305920129262,32664848000.0,,0.20758638,1511205500,4.5944533,4.0642614,,996343000,0.6593034,,6.805666,16.9038,,,28218830000.0,28.322407,0.05,0.05,0.6593034
2019-12-31,yearly,23.520898391275097,40102375000.0,,0.22868384,1511205500,4.085423,5.7572737,,1080034000,0.7146837,1.5661445,8.491182,20.338705,,,35544910000.0,32.91092,0.18,0.18,0.7146837
2018-12-31,yearly,13.635626687718,24463682000.0,,0.21442649,503735170,11.34959,1.2014202,,892487000,1.7717385,0.25596333,5.8775773,14.898457,,,20606235000.0,7.6961846,0.25,0.25,1.7717385
2017-12-31,yearly,12.4095070120398,22495350000.0,,0.17733288,503735170,10.228894,1.2131817,,686172030,1.3621682,0.96260345,5.813652,16.259481,,,18753317000.0,9.110114,0.13,0.13,1.3621682
2016-12-31,yearly,,,,0.18025665,503735170,9.546034,,,626847000,1.2443979,,,,,,,,,,1.2443979
2015-12-31,yearly,,,,0.14756536,476620220,8.770729,,,438444000,0.9199022,,,,,,,,,,0.9199022
2014-12-31,yearly,,,,0.16109268,476620220,7.9750814,,,421585980,0.8845323,,,,,,,,,,0.8845323
2013-12-31,yearly,,,,0.16998886,476620200,7.483615,,,402904000,0.84533554,,,,,,,,,,0.84533554
2012-12-31,yearly,,,,0.15812226,414082180,5.865575,,,335756000,0.8108439,,,,,,,,,,0.8108439
