endDate,type,price,enterpriseValue,forwardPE,profitMargins,sharesOutstanding,bookValue,priceToBook,earningsQuarterlyGrowth,netIncomeToCommon,trailingEps,pegRatio,enterpriseToRevenue,enterpriseToEbitda,lastDividendValue,lastDividendDate,marketCap,trailingPE,dividendYield,yield,earningsPerShare
2025-12-31,yearly,26.489861554504003,69417880000,,0.22214764,1187144800,35.716892,0.741662,,0,0.0,,1.8223718,4.687742,,,31447304000,,0.24,0.24,0.0
2024-12-31,yearly,16.2034502650065,49052520000,,0.265028,1187144800,31.106613,0.5209005,,0,0.0,,1.3570861,2.697105,,,19235842000,,0.09,0.09,0.0
2023-12-31,yearly,,22556908000,,0.13778834,0,,,,0,,,0.8820921,2.4688606,,,0,,,,
2022-12-31,yearly,,21917491000,,0.14151734,0,,,,3121267000,,,0.9937328,3.088705,,,0,,,,
2021-12-31,yearly,,21820000000,,0.11830392,0,,,,2305869000,,,1.1194875,3.435733,,,0,,,,
2020-12-31,yearly,,20951704000,,0.05468834,0,,,,973318000,,,1.1772245,3.2087834,,,0,,,,
2019-12-31,yearly,,18975228000,,0.18725432,0,,,,3367517000,,,1.0551375,2.5328276,,,0,,,,
2018-12-31,yearly,5.26193671316153,21285804000,,0.17625436,683509900,28.604837,0.18395269,,2835068000,4.147808,0.10121717,1.3233249,3.240245,,,3596585700,1.2686065,0.2,0.2,4.147808
2017-12-31,yearly,5.14434829818825,20241478000,,0.17245823,683509900,25.622175,0.20077719,,2519310000,3.6858428,,1.3856212,3.8455832,,,3516212700,1.3957047,0.23,0.23,3.6858428
2016-12-31,yearly,4.1233310127604,19201999000,,0.20904061,683509900,22.55887,0.18278092,,2947098000,4.3117123,0.0021272798,1.3620169,4.1960273,,,2818337500,0.95630944,0.05,0.05,4.3117123
2015-12-31,yearly,2.68589342168776,17972574000,,0.045790534,683509900,20.067896,0.13384031,,536279000,0.7845958,,1.5346001,4.36437,,,1835834800,3.423283,0.14,0.14,0.7845958
2014-12-31,yearly,2.36608570789944,14671839000,,0.08052846,683509900,19.464828,0.12155698,,902983000,1.3210971,,1.3084416,5.0329103,,,1617243000,1.7910006,0.33,0.33,1.3210971
2013-12-31,yearly,3.54552657956812,13653454000,,0.16999228,683509900,18.918236,0.18741317,,1923559000,2.814237,2.0659695,1.2066079,3.4049208,,,2423402500,1.2598535,0.66,0.66,2.814237
2012-12-31,yearly,3.78394065229726,13195420000,,0.17777781,683509900,17.140318,0.22076257,,1911900000,2.7971797,0.024038492,1.2269747,3.6803129,,,2586360800,1.35277,0.67,0.67,2.7971797
