endDate,type,price,enterpriseValue,forwardPE,profitMargins,sharesOutstanding,bookValue,priceToBook,earningsQuarterlyGrowth,netIncomeToCommon,trailingEps,pegRatio,enterpriseToRevenue,enterpriseToEbitda,lastDividendValue,lastDividendDate,marketCap,trailingPE,dividendYield,yield,earningsPerShare
2025-12-31,yearly,14.2666661215298,16390913000,,0.057915833,506545920,11.164703,1.2778366,,555573000,1.0967871,1.4354016,1.6795322,7.4737434,,,7226721300,13.00769,0.1,0.1,1.0967871
2024-12-31,yearly,14.343251736631302,13500517000,,0.061730653,451129730,9.098363,1.5764651,,509409980,1.1291873,,1.7300311,7.5029926,,,6470667300,12.702278,0.06,0.06,1.1291873
2023-12-31,yearly,14.386043408028,12863956000,,0.10282474,451129730,11.61942,1.2381034,,895600000,1.9852383,,1.4101931,5.969716,,,6489972000,7.2465076,0.18,0.18,1.9852383
2022-12-31,yearly,17.233817647553,9088882000,,0.13939244,212422590,23.05043,0.7476571,,1267459000,5.9666867,0.14939645,0.94777435,3.3874464,,,3660852200,2.8883398,0.16,0.16,5.9666867
2021-12-31,yearly,15.66562787934975,9115975000,,0.17879397,212422590,17.776245,0.88126755,,1062115970,5.0000143,0.026699694,1.4414047,4.4268703,,,3327733200,3.1331165,0.07,0.07,5.0000143
2020-12-31,yearly,9.3520315287366,3657480400,,0.13192289,190595010,16.532742,0.5656673,,488673980,2.563939,0.06413722,0.94433355,4.0610876,,,1782450400,3.6475248,0.11,0.11,2.563939
2019-12-31,yearly,8.121645795376,3292838100,,0.103609554,190595010,15.6584425,0.5186752,,311513980,1.6344289,,1.0829368,4.9551983,,,1547945200,4.9691033,0.23,0.23,1.6344289
2018-12-31,yearly,6.939819110636581,2489263900,,0.14397223,190595010,14.663306,0.47327793,,381249980,2.0003147,0.49631763,0.88163346,3.2370648,,,1322694900,3.469364,0.31,0.31,2.0003147
2017-12-31,yearly,4.112752503829061,1433209100,,0.16634166,95297504,28.351498,0.14506297,,356341000,3.739248,0.0010090851,0.64561844,2.0924013,,,391935040,1.0998876,0.54,0.54,3.739248
2016-12-31,yearly,1.9567510881888561,1270766800,,0.009424282,98897504,26.581924,0.073612094,,29945000,0.30278823,,0.76568407,5.9227467,,,193517790,6.462441,0.31,0.31,0.30278823
2015-12-31,yearly,2.13857428294892,1611171700,,0.06878537,98897504,24.189316,0.08840987,,122528000,1.2389393,0.021453599,0.9146169,4.106979,,,211499660,1.7261333,0.13,0.13,1.2389393
2014-12-31,yearly,1.803761442305,1349504500,,0.046787735,98897504,24.19685,0.0745453,,67898000,0.6865492,,0.9001648,4.641987,,,178387500,2.6272867,0.22,0.22,0.6865492
2013-12-31,yearly,2.5574789530175,1480689300,,0.08176163,98897504,21.60835,0.11835605,,95573000,0.96638435,0.017547615,1.2532071,5.5665846,,,252928300,2.646441,0.06,0.06,0.96638435
2012-12-31,yearly,2.4220657904816703,1439463300,,0.034351055,98897504,20.158497,0.12015111,,38105000,0.3852979,,1.2866791,5.9191623,,,239536260,6.286216,0.26,0.26,0.3852979
