endDate,type,price,enterpriseValue,forwardPE,profitMargins,sharesOutstanding,bookValue,priceToBook,earningsQuarterlyGrowth,netIncomeToCommon,trailingEps,pegRatio,enterpriseToRevenue,enterpriseToEbitda,lastDividendValue,lastDividendDate,marketCap,trailingPE,dividendYield,yield,earningsPerShare
2025-12-31,yearly,23.1373012022782,23956790000.0,,0.08845085,616129860,9.191903,2.5171394,,638688000,1.0366126,0.4816555,3.3081748,6.9338555,,,14255582000.0,22.320105,0.05,0.05,1.0366126
2024-12-31,yearly,16.134962326626,17535826000.0,,0.07895197,597250050,9.16162,1.7611473,,436440000,0.7307492,,3.14245,6.5533032,,,9636607000.0,22.080027,0.03,0.03,0.7307492
2023-12-31,yearly,22.970796117669096,18337853000.0,,0.24599275,586242300,8.692027,2.6427433,,1036554000,1.7681324,0.010318506,4.3201327,8.3268,,,13466453000.0,12.99156,0.02,0.02,1.7681324
2022-12-31,yearly,12.32066298830262,10880835000.0,,-0.029364552,586242300,7.1781154,1.7164203,,-89431000,-0.15254955,-0.9401436,3.7130404,9.318408,,,7222893600.0,-80.76499,,,-0.15254955
2021-12-31,yearly,14.50556356002754,11069129000.0,,-0.37086836,586242300,7.5553946,1.9198949,,-634581000,-1.0824552,,6.485117,25.648273,,,8503775000.0,-13.400615,,,-1.0824552
2020-12-31,yearly,,,,-0.48113903,22282732,110.79436,,,-598584000,-26.863132,,,,,,,,,,-26.863132
2019-12-31,yearly,,,,-0.1710086,21066188,107.63461,,,-347980000,-16.518414,,,,,,,,,,-16.518414
2018-12-31,yearly,,,,0.30771193,18371956,65.67216,,,351529000,19.133999,,,,,,,,,,19.133999
2017-12-31,yearly,,,,-0.015543958,15702116,26.234745,,,-14839000,-0.9450319,,,,,,,,,,-0.9450319
2016-12-31,yearly,,,,-0.033651177,616129860,0.7194928,,,-22225000,-0.03607194,,,,,,,,,,-0.03607194
