endDate,type,price,enterpriseValue,forwardPE,profitMargins,sharesOutstanding,bookValue,priceToBook,earningsQuarterlyGrowth,netIncomeToCommon,trailingEps,pegRatio,enterpriseToRevenue,enterpriseToEbitda,lastDividendValue,lastDividendDate,marketCap,trailingPE,dividendYield,yield,earningsPerShare
2025-03-31,yearly,20.1886437345545,18504331000,,0.07773364,372000000,18.009037,1.1210285,,556731000,1.4965887,,2.5836697,4.720992,,,7510176300,13.489776,0.07,0.07,1.4965887
2024-03-31,yearly,28.2644302460338,19053281000,,0.21420997,346375070,19.811966,1.4266343,,1476279000,4.262082,0.14626488,2.7646554,3.9044178,,,9790094000,6.6316013,0.04,0.04,4.262082
2023-03-31,yearly,24.245337181388802,17514703000,,0.15326048,354011330,16.701056,1.4517248,,1015744000,2.8692415,,2.642705,4.16905,,,8583124000,8.450086,0.05,0.05,2.8692415
2022-03-31,yearly,38.352073039175195,21634333000,,0.25889513,354011330,15.023318,2.5528364,,1480868000,4.1831093,0.15350355,3.782257,5.356404,,,13577069000,9.168318,0.06,0.06,4.1831093
2021-03-31,yearly,24.057786950549996,14781995000,,0.21535565,354011330,11.26119,2.136345,,927123970,2.6189106,0.20374097,3.4336145,5.0326757,,,8516729300,9.186182,0.02,0.02,2.6189106
2020-03-31,yearly,11.702047399645501,10084489000,,0.17299248,354011330,9.453585,1.2378423,,639010000,1.8050553,0.0626508,2.730068,4.1401987,,,4142657300,6.48293,0.08,0.08,1.8050553
2019-03-31,yearly,13.880911151887199,8871986000,,0.0934557,364011330,9.315672,1.4900601,,314045000,0.86273414,,2.6401877,5.114589,,,5052808700,16.089441,0.04,0.04,0.86273414
2018-03-31,yearly,12.896499753305598,8523123000,,0.14311668,364011330,9.037562,1.4269888,,491705980,1.3507986,0.13039747,2.480753,5.0276113,,,4694472000,9.547316,0.02,0.02,1.3507986
2017-03-31,yearly,12.5111439885026,8181944300,,0.10878135,364011330,9.349489,1.3381634,,283867000,0.7798301,0.3482102,3.1354222,6.2901597,,,4554198000,16.043423,0.04,0.04,0.7798301
2016-03-31,yearly,11.54640636104472,4526142000,,0.08309254,113329210,23.368776,0.49409547,,194331010,1.7147478,,1.9352992,4.2019806,,,1308545200,6.733589,0.05,0.05,1.7147478
2015-03-31,yearly,9.08877746449834,4015278000,,0.15047514,113329210,23.083942,0.39372727,,286057980,2.5241327,0.03218025,2.0956085,4.3163567,,,1030024000,3.6007526,0.04,0.04,2.5241327
2014-03-31,yearly,7.21149453299112,2971658000,,0.08802451,113000000,18.371256,0.39254227,,135000990,1.194699,0.070964865,1.937606,5.403771,,,814898940,6.036244,0.04,0.04,1.194699
2013-03-31,yearly,6.5353645382574,3336282400,,0.04459169,113000000,18.58953,0.35156158,,72950000,0.6455752,,2.0393484,5.1175313,,,738496260,10.123321,0.05,0.05,0.6455752
