endDate,type,price,enterpriseValue,forwardPE,profitMargins,sharesOutstanding,bookValue,priceToBook,earningsQuarterlyGrowth,netIncomeToCommon,trailingEps,pegRatio,enterpriseToRevenue,enterpriseToEbitda,lastDividendValue,lastDividendDate,marketCap,trailingPE,dividendYield,yield,earningsPerShare
2025-12-31,yearly,51.4447759907667,128235930000,,0.26813337,780119700,56.340294,0.91310805,,13408189000,17.187347,0.010337822,2.5587986,5.8431773,,,40133083000,2.993177,0.02,0.02,17.187347
2024-12-31,yearly,60.46364282691,144722500000,,-0.1486122,780119700,41.55205,1.4551302,,-7074198000,-9.068093,,3.0530057,5.808629,,,47168880000,-6.6677356,0.03,0.03,-9.068093
2023-12-31,yearly,52.26061184925,108345704000,,0.35482773,780119700,57.44029,0.909825,,14084848000,18.054728,,2.725296,5.5455546,,,40769530000,2.8945668,0.02,0.02,18.054728
2022-12-31,yearly,44.676131048356496,132637490000,,0.46948513,1361263600,24.364395,1.8336647,,23381617000,17.176407,0.015206389,2.6617494,4.4735065,,,60815990000,2.6010172,0.07,0.07,17.176407
2021-12-31,yearly,52.487166463627204,146254170000,,0.21080047,1361263600,11.147826,4.7082872,,8626386000,6.337043,0.0459038,3.570185,5.799528,,,71448870000,8.282597,,,6.337043
2020-12-31,yearly,51.116272028606,148869510000,,-0.35176748,1361263600,5.390123,9.483322,,-10724828000,-7.878583,,4.887333,9.820044,,,69582720000,-6.4880033,,,-7.878583
2019-12-31,yearly,34.6479934611363,112334310000,,-0.108205415,1361263600,13.287631,2.6075373,,-2817518000,-2.0697813,,4.3183994,15.889937,,,47165055000,-16.73993,0.01,0.01,-2.0697813
2018-12-31,yearly,33.3396452728116,59172753000,,0.02369965,1361263600,8.834391,3.7738476,,318339000,0.23385552,,4.4036098,9.007903,,,45384045000,142.56514,0.01,0.01,0.23385552
2017-12-31,yearly,16.1513330590824,30460360000,,0.17179632,1105826200,10.509386,1.5368484,,1807433000,1.6344639,1.4484229,2.8952541,6.5356,,,17860567000,9.881731,0.01,0.01,1.6344639
2016-12-31,yearly,11.270752523732,25788846000,,0.17121477,1105826200,9.172774,1.228718,,1691998000,1.5300759,0.026042683,2.6095963,9.479064,,,12463494000,7.36614,0.03,0.03,1.5300759
2015-12-31,yearly,18.179520426144,35065900000,,-0.090504825,1107738600,8.298059,2.190816,,-925354000,-0.8353541,,3.4296424,7.810715,,,20138158000,-21.762653,0.01,0.01,-0.8353541
2014-12-31,yearly,11.3282325165933,25394639000,,-0.03599731,1107738600,9.311883,1.2165351,,-261506000,-0.23607194,,3.4956698,10.383378,,,12548720000,-47.986355,0.02,0.02,-0.23607194
2013-12-31,yearly,9.5386380134346,22065934000,,-0.03875436,1107738600,9.647799,0.9886854,,-220459010,-0.19901718,,3.8789575,11.831899,,,10566317000,-47.92872,0.02,0.02,-0.19901718
2012-12-31,yearly,8.2773604917262,17948453000,,-0.035076223,1107677300,9.932566,0.8333557,,-182126000,-0.16442153,,3.4567494,14.11458,,,9168645000,-50.342316,,,-0.16442153
