endDate,type,price,enterpriseValue,forwardPE,profitMargins,sharesOutstanding,bookValue,priceToBook,earningsQuarterlyGrowth,netIncomeToCommon,trailingEps,pegRatio,enterpriseToRevenue,enterpriseToEbitda,lastDividendValue,lastDividendDate,marketCap,trailingPE,dividendYield,yield,earningsPerShare
2025-12-31,yearly,40.6545157013285,55227870000,,0.34165752,1033496700,7.362367,5.5219355,,1579863000,1.528658,,11.943452,19.727474,,,42016305000,26.594904,0.08,0.08,1.528658
2024-12-31,yearly,29.09148569143092,41827240000,,0.45558152,1033496700,6.7145877,4.3325796,,1693915000,1.6390134,0.7445456,11.249513,14.4827,,,30065955000,17.749388,0.12,0.12,1.6390134
2023-12-31,yearly,30.5946144397179,42487747000,,0.40683725,1033496700,6.4628267,4.733937,,1367834000,1.3235011,,12.637203,18.0568,,,31619430000,23.116425,0.1,0.1,1.3235011
2022-12-31,yearly,25.63505915984,35765580000,,0.5538718,1033496700,6.35752,4.032242,,1449215000,1.4022444,,13.669157,14.501916,,,26493747000,18.281446,0.28,0.28,1.4022444
2021-12-31,yearly,22.691698844475,31818766000,,0.63758147,1033496700,6.4680963,3.50825,,2213714000,2.1419652,,9.164262,9.201747,,,23451795000,10.593868,0.2,0.2,2.1419652
2020-12-31,yearly,18.56221493622144,25975566000,,0.63542414,1033496700,5.8305984,3.1835866,,2262927000,2.1895833,0.067349814,7.293873,8.092114,,,19183987000,8.47751,0.18,0.18,2.1895833
2019-12-31,yearly,15.54758257000611,22035495000,,0.5584055,1033496700,4.7671123,3.2614257,,1001859000,0.9693877,,12.276322,15.537705,,,16068376000,16.03856,0.12,0.12,0.9693877
2018-12-31,yearly,11.2731358934446,15455597000,,0.6551375,1033496700,4.423867,2.5482538,,1071305000,1.036583,0.16666552,9.451594,10.76104,,,11650748000,10.875286,0.25,0.25,1.036583
2017-12-31,yearly,8.765335746027,12466534000,,0.60190296,1033496700,4.206643,2.083689,,648285000,0.62727344,,11.574607,13.402196,,,9058946000,13.973709,0.2,0.2,0.62727344
2016-12-31,yearly,7.81675483647125,11915118000,,0.61971253,1033496700,4.1679745,1.8754325,,862066000,0.8341255,,8.565409,8.668396,,,8078590500,9.371197,0.35,0.35,0.8341255
2015-12-31,yearly,5.52235266656,9916415000,,0.58959067,1033496700,4.2352,1.3039178,,909423000,0.87994766,12.404111,6.42894,6.4421835,,,5707332600,6.275773,0.48,0.48,0.87994766
2014-12-31,yearly,5.410777421607999,9778362000,,0.6049222,1033496700,4.0877075,1.3236704,,904845000,0.875518,4.600924,6.5371947,6.4458804,,,5592020000,6.180086,0.54,0.54,0.875518
2013-12-31,yearly,4.49794876633216,9221080000,,0.61667395,1033496700,4.1655326,1.0798016,,892851970,0.8639137,0.101016365,6.3688045,6.9706163,,,4648615000,5.206479,0.49,0.49,0.8639137
2012-12-31,yearly,4.8326934014653995,7828293600,,0.4814853,1033496700,3.964447,1.2190082,,589182000,0.570086,0.44779566,6.3973584,7.188331,,,4994573000,8.477131,1.23,1.23,0.570086
