endDate,type,price,enterpriseValue,forwardPE,profitMargins,sharesOutstanding,bookValue,priceToBook,earningsQuarterlyGrowth,netIncomeToCommon,trailingEps,pegRatio,enterpriseToRevenue,enterpriseToEbitda,lastDividendValue,lastDividendDate,marketCap,trailingPE,dividendYield,yield,earningsPerShare
2025-12-31,yearly,24.5600004888,4746614000.0,,0.116076164,80000000,15.0608,1.6307235,,505670020,6.320875,0.0103560295,1.1373523,8.096542,,,1964800000.0,3.8855379,0.05,0.05,6.320875
2024-12-31,yearly,11.82100468235962,3170155500.0,,0.03066343,80000000,11.954437,0.98883826,,106413000,1.3301625,0.04211343,0.9652157,8.715851,,,945680400.0,8.886888,0.01,0.01,1.3301625
2023-12-31,yearly,13.272511204298699,2929571800.0,,-0.03531069,80000000,10.805463,1.2283149,,-95848000,-1.1981,,1.009123,21.796923,,,1061800830.0,-11.077965,,,-1.1981
2023-03-31,yearly,4.492955691171024,2393713200.0,,-0.067058824,104344250,6.4857144,0.69274646,,0,0.0,,3.6744783,66.839226,,,468814080.0,,,,0.0
2022-12-31,yearly,3.9583033830964,2266115000.0,,-0.23033914,104344250,6.877351,0.5755564,,-547302000,-5.2451572,,0.93928885,-8.724183,,,413026180.0,-0.75465864,,,-5.2451572
2021-12-31,yearly,15.6737574600903,2863439400.0,,-0.07739864,104344250,11.621417,1.3486959,,-191476990,-1.8350507,,1.1273588,-62.414215,,,1635466400.0,-8.541321,0.01,0.01,-1.8350507
2020-12-31,yearly,28.1234729468628,3730966800.0,,0.08750557,104344250,14.549158,1.9329966,,200316990,1.9197702,,1.6346905,12.65992,,,2934523000.0,14.649395,0.02,0.02,1.9197702
2019-12-31,yearly,27.6783935183012,3379549000.0,,0.13558958,104344250,12.954322,2.1366146,,263544000,2.5257165,0.34701288,1.733015,10.48309,,,2888081200.0,10.95863,0.02,0.02,2.5257165
2018-12-31,yearly,14.4494032577751,1625923100.0,,0.11975942,104344250,11.536563,1.2524877,,200292000,1.9195307,0.08579433,0.96708953,6.6775765,,,1507712100.0,7.5275702,0.04,0.04,1.9195307
2017-12-31,yearly,8.7065028080844,569438800.0,,0.077057,54035100,21.536724,0.4042631,,106686000,1.9743834,0.049928207,0.41935128,4.014203,,,470456770.0,4.409733,,,1.9743834
2016-12-31,yearly,,,,0.044902205,54000000,19.918926,,,56651000,1.0490927,,,,,,,,,,1.0490927
2015-12-31,yearly,,,,0.03489815,633037800,1.7800106,,,30320000,0.047896035,,,,,,,,,,0.047896035
2014-12-31,yearly,,,,-0.24973954,633037800,1.7097652,,,-141644000,-0.22375283,,,,,,,,,,-0.22375283
2013-12-31,yearly,,,,-0.10351686,633136960,1.9235728,,,-90926000,-0.1436119,,,,,,,,,,-0.1436119
2012-12-31,yearly,,,,-0.108169354,633136960,2.9170213,,,-122858000,-0.19404648,,,,,,,,,,-0.19404648
