endDate,type,price,enterpriseValue,forwardPE,profitMargins,sharesOutstanding,bookValue,priceToBook,earningsQuarterlyGrowth,netIncomeToCommon,trailingEps,pegRatio,enterpriseToRevenue,enterpriseToEbitda,lastDividendValue,lastDividendDate,marketCap,trailingPE,dividendYield,yield,earningsPerShare
2025-12-31,yearly,41.608789709976,25327737000,,0.15952238,599401600,9.081486,4.581716,,891741000,1.4877187,1.1517973,4.388136,17.30259,,,24940376000,27.968184,0.01,0.01,1.4877187
2024-12-31,yearly,26.0632359657792,16201563000,,0.1407814,599401600,8.320167,3.1325376,,717513000,1.1970489,,3.101367,13.461614,,,15622344000,21.772907,0.02,0.02,1.1970489
2023-12-31,yearly,31.621523383593402,19000480000,,0.16998671,617183170,8.121853,3.8933878,,734819970,1.1906028,0.5589784,4.225119,19.319324,,,19516273000,26.559256,0.02,0.02,1.1906028
2022-12-31,yearly,25.7388830582728,15960975000,,0.13796741,617183170,7.428668,3.4648046,,498136000,0.8071121,0.90641475,4.2080836,18.195303,,,15885606000,31.890099,0.01,0.01,0.8071121
2021-12-31,yearly,26.592715572948,15835110000,,0.11477531,617183170,7.26852,3.6586149,,368491000,0.5970529,1.7866321,4.859091,20.46853,,,16412576000,44.539963,0.01,0.01,0.5970529
2020-12-31,yearly,26.403459460852652,14700881000,,0.1136172,577913150,4.5061545,5.8594217,,294959000,0.5103864,1.2744067,5.6627293,24.578276,,,15258907000,51.732296,0.01,0.01,0.5103864
2019-12-31,yearly,19.6151945388382,10408284000,,0.092303485,577913150,4.2885494,4.573853,,209796000,0.3630234,0.2141492,4.560788,22.040384,,,11335879000,54.032864,0.02,0.02,0.3630234
2018-12-31,yearly,8.646428520231401,1616293900,,0.026136193,165637730,7.777334,1.1117471,,59548000,0.35950747,,0.69659764,6.229957,,,1432174800,24.050764,0.04,0.04,0.35950747
2017-12-31,yearly,9.001451320698898,1940629000,,0.041869864,165637730,7.616483,1.1818383,,92981000,0.5613516,,0.87128043,6.5897284,,,1490980000,16.035318,0.04,0.04,0.5613516
2016-12-31,yearly,7.0944804139749245,1767263600,,0.06972706,165637730,7.3710017,0.96248525,,152658000,0.92163783,,0.809266,5.138634,,,1175113600,7.697688,0.13,0.13,0.92163783
2015-12-31,yearly,8.85570534301412,1970299900,,0.102133505,165637730,7.4725246,1.1851022,,195528990,1.1804616,,1.0322533,5.93521,,,1466838900,7.5018997,0.13,0.13,1.1804616
2014-12-31,yearly,,-27729000,,0.14826846,0,,,,262960000,,,-0.015644474,-0.06359804,,,0,,,,
2013-12-31,yearly,9.901032721928319,1541689900,,0.1384172,163467070,6.5446696,1.5128392,,222512000,1.3612038,0.98069465,0.95650554,3.8390412,,,1618492800,7.2737327,0.07,0.07,1.3612038
2012-12-31,yearly,10.78415191035,1597433600,,0.14650035,162202980,5.62965,1.915599,,207148000,1.2770913,0.37292966,1.1297458,4.225478,,,1749221600,8.444308,0.06,0.06,1.2770913
