endDate,type,price,enterpriseValue,forwardPE,profitMargins,sharesOutstanding,bookValue,priceToBook,earningsQuarterlyGrowth,netIncomeToCommon,trailingEps,pegRatio,enterpriseToRevenue,enterpriseToEbitda,lastDividendValue,lastDividendDate,marketCap,trailingPE,dividendYield,yield,earningsPerShare
2025-12-31,yearly,20.9000019939816,40653107000,,0.017854298,1115507200,15.894669,1.3149064,,2453853000,2.1997645,2.4638014,0.2855464,6.1919985,,,23314100000,9.501018,0.08,0.08,2.1997645
2024-12-31,yearly,14.47931527275,28637827000,,0.018920753,1115507200,14.184977,1.02075,,2362740000,2.1180859,,0.21451731,4.6518793,,,16151781000,6.836038,0.04,0.04,2.1180859
2023-12-31,yearly,23.6496533744228,35457475000,,0.019974446,1115404300,12.578242,1.8802034,,2439795000,2.1873639,0.30472472,0.2812998,6.194417,,,26378926000,10.811943,0.01,0.01,2.1873639
2022-12-31,yearly,10.9880939629917,21197343000,,0.012810755,1115204400,10.917253,1.0064889,,1800839000,1.6148062,0.060892228,0.14757814,4.8511024,,,12253969000,6.8045893,0.05,0.05,1.6148062
2021-12-31,yearly,12.140561424881202,28410139000,,0.008054817,1115151600,9.388177,1.2931756,,850463000,0.7626434,,0.2589028,10.5881,,,13538565000,15.919052,0.05,0.05,0.7626434
2020-12-31,yearly,19.119535138080003,34240182000,,0.01141906,1115076600,8.88752,2.151279,,893383000,0.8011853,0.1714673,0.42146376,11.27954,,,21319746000,23.86406,0.01,0.01,0.8011853
2019-12-31,yearly,20.2636999617,34875855000,,0.004512353,1114918800,8.821427,2.2971,,373526020,0.3350253,,0.39055592,14.333846,,,22592380000,60.484085,0.04,0.04,0.3350253
2018-12-31,yearly,21.07570087392,33297760000,,0.012484511,1112810200,8.80656,2.393182,,1150421000,1.033798,,0.36712793,12.345929,,,23453254000,20.38667,0.07,0.07,1.033798
2017-12-31,yearly,29.1125355028017,25022040000,,0.019671526,556405100,17.470781,1.6663557,,1574306000,2.8294241,12.63067,0.3127465,6.1576886,,,16198364000,10.289209,0.06,0.06,2.8294241
2016-12-31,yearly,25.2386428484256,20945934000,,0.020304564,556405100,15.381883,1.6408032,,1561585000,2.8065612,2.3263066,0.2707839,4.9673476,,,14042909000,8.992728,0.06,0.06,2.8065612
2015-12-31,yearly,21.7801150671696,18868754000,,0.019998236,556405100,14.331516,1.5197356,,1503466000,2.7021067,0.38210785,0.24940434,4.7729206,,,12118567000,8.06042,0.07,0.07,2.7021067
2014-12-31,yearly,18.096043367454,15303618000,,0.018471824,556405100,13.886636,1.3031265,,1241563000,2.2314012,6.0508947,0.22592935,4.8460836,,,10068731000,8.109722,0.08,0.08,2.2314012
2013-12-31,yearly,19.1616397824492,15133590000,,0.020162586,556405100,11.766402,1.6285046,,1225143000,2.2018902,0.41087186,0.24833488,5.1863294,,,10661634000,8.702359,0.07,0.07,2.2018902
2012-12-31,yearly,15.297159405619999,16401377000,,0.0188775,800000000,7.51967,2.034286,,1011009000,1.2637613,0.63323,0.3041831,6.785473,,,12237727000,12.104469,0.07,0.07,1.2637613
