endDate,type,price,enterpriseValue,forwardPE,profitMargins,sharesOutstanding,bookValue,priceToBook,earningsQuarterlyGrowth,netIncomeToCommon,trailingEps,pegRatio,enterpriseToRevenue,enterpriseToEbitda,lastDividendValue,lastDividendDate,marketCap,trailingPE,earningsPerShare,dividendYield,yield
2025-12-31,yearly,5.949999828583,8601389000,,-0.11080167,1253079200,18.91451,0.3145733,,-3078192100,-2.4565024,,0.32750416,-96.54177,,,7455821300,-2.422143,-2.4565024,,
2024-12-31,yearly,5.32000006578585,9268240000,,0.00012995848,1253079200,21.294495,0.24982983,,-145946000,-0.11646989,,0.35826486,5.370891,,,6666381300,-45.67704,-0.11646989,0.05,0.05
2023-12-31,yearly,8.825604152028498,13270159000,,0.05935116,1253079200,21.187357,0.4165505,,1390926000,1.1100065,,0.48013577,7.1291056,,,11059181000,7.950948,1.1100065,0.04,0.04
2022-12-31,yearly,6.601692840155001,12051132000,,0.06445507,1253079200,20.65931,0.3195505,,1615538000,1.2892545,,0.37114087,3.3765168,,,8272444000,5.1205506,1.2892545,0.1,0.1
2021-12-31,yearly,13.2617715231843,18557403000,,0.29818788,1253079200,19.438917,0.6822279,,9070524000,7.238588,0.001467794,0.55006146,1.4877818,,,16618050000,1.8320936,7.238588,0.11,0.11
2020-12-31,yearly,11.81158397399475,18703567000,,0.08029207,1253079200,13.437435,0.87900585,,672790000,0.5369094,0.10209807,1.162575,4.7607665,,,14800850000,21.999212,0.5369094,0.0,0.0
2019-12-31,yearly,7.617516703740325,15627154000,,0.025198882,1253079200,12.4219475,0.61323047,,213264990,0.17019275,,1.0453842,8.037436,,,9545352000,44.758175,0.17019275,0.02,0.02
2018-12-31,yearly,7.687065714456099,15896979000,,0.06032673,1253079200,12.527054,0.61363715,,726658000,0.5798979,0.062571995,1.1572566,7.319705,,,9632503000,13.255896,0.5798979,0.01,0.01
2017-12-31,yearly,7.52804708936294,15863021000,,0.029353134,1253079200,12.117322,0.62126327,,233015010,0.18595393,0.30036458,1.4778131,7.716524,,,9433239000,40.483395,0.18595393,,
2016-12-31,yearly,3.2151033804284603,11149900000,,-0.06823153,1253079200,12.123443,0.26519722,,-669952000,-0.5346446,-0.07583503,1.3188593,11.2070675,,,4028779300,-6.013534,-0.5346446,,
2015-12-31,yearly,1.215465896952588,9678671000,,-0.36178407,250689310,59.810516,0.020321943,,-3236105000,-12.908827,,0.95023364,-4.1763287,,,1523075100,-0.09415773,-12.908827,0.03,0.03
2014-12-31,yearly,3.9382505918166606,10741948000,,0.017755544,1013786200,18.506481,0.21280386,,129552000,0.12779026,0.16097939,0.9148602,5.897811,,,4934939600,30.81808,0.12779026,,
2013-12-31,yearly,11.08169108287911,19184148000,,0.0013087839,1013786200,18.577827,0.59650093,,-141678000,-0.13975136,-1.0185964,1.4953192,10.818253,,,13886237000,-79.29577,-0.13975136,,
2012-12-31,yearly,10.333034395744498,18775085000,,-0.04180568,1013786200,18.261318,0.56584275,,-639574000,-0.6308766,,1.4773297,21.850729,,,12948110000,-16.37885,-0.6308766,0.01,0.01
