endDate,type,price,enterpriseValue,forwardPE,profitMargins,sharesOutstanding,bookValue,priceToBook,earningsQuarterlyGrowth,netIncomeToCommon,trailingEps,pegRatio,enterpriseToRevenue,enterpriseToEbitda,lastDividendValue,lastDividendDate,marketCap,trailingPE,dividendYield,yield,earningsPerShare
2025-12-31,yearly,71.9599996250072,481391970000,,0.05529624,4439160000,42.558952,1.6908311,,13814000000,3.11185,,2.2537603,9.769497,,,319441960000,23.124508,0.11,0.11,3.11185
2024-12-31,yearly,48.228801025970604,396681870000,,0.14771971,4539007500,47.085182,1.0242883,,31592000000,6.960112,,1.9255935,5.5106955,,,218910880000,6.929314,0.11,0.11,6.960112
2023-12-31,yearly,62.35025969694501,456935300000,,0.1949093,4539007500,43.693474,1.4269925,,39940000000,8.79928,,2.1961074,5.6711426,,,283008300000,7.0858364,0.1,0.1,8.79928
2022-12-31,yearly,66.28539578844399,464405920000,,0.4253139,4539007500,42.93758,1.5437618,,95924000000,21.133255,,2.0502849,4.351956,,,300869940000,3.136545,0.11,0.11,21.133255
2021-12-31,yearly,53.082634821566,422901220000,,0.41340062,4999040000,39.41917,1.3466198,,121228000000,24.250256,0.006186601,1.4407722,2.6814437,,,265362210000,2.1889515,0.32,0.32,24.250256
2020-12-31,yearly,49.631844102273604,419400060000,,0.11941922,5284475000,34.248623,1.4491632,,26712713000,5.0549417,0.019621117,2.0112338,6.100645,,,262278230000,9.8184805,0.05,0.05,5.0549417
2019-12-31,yearly,29.048193209648797,286397500000,,-0.058504067,5284475000,29.73793,0.97680616,,-6671445000,-1.2624613,,1.9267873,16.856323,,,153504450000,-23.009176,0.05,0.05,-1.2624613
2018-12-31,yearly,27.124989479375404,257333300000,,0.19165058,5284475000,32.866497,0.8253082,,25656527000,4.855076,0.12265292,1.9134988,4.643775,,,143341320000,5.586934,0.07,0.07,4.855076
2017-12-31,yearly,21.2895844357644,240453680000,,0.16280901,5284475000,28.026558,0.7596218,,17627202000,3.335658,0.19685896,2.2155092,5.184869,,,112504270000,6.3824234,0.06,0.06,3.335658
2016-12-31,yearly,12.547324946627999,209706160000,,0.14050552,5244316000,25.4946,0.49215618,,13311455000,2.5382633,0.03799357,2.215988,5.640356,,,65802138000,4.9432716,0.01,0.01,2.5382633
2015-12-31,yearly,6.3293098194464,193907470000,,-0.53797734,5244316000,26.584892,0.2380792,,-44212187000,-8.430496,,2.2679453,-13.059387,,,33192905000,-0.75076365,0.15,0.15,-8.430496
2014-12-31,yearly,10.09831527940928,177471750000,,0.0024875568,5244316000,28.526432,0.35399854,,954384000,0.18198445,0.07609259,2.0104516,6.4110765,,,52958757000,55.489986,0.19,0.19,0.18198445
2013-12-31,yearly,15.43427203869252,191743130000,,-0.002541774,5365304300,28.352922,0.54436266,,115091000,0.021450974,,1.8892858,4.523304,,,82809570000,719.51385,0.12,0.12,0.021450974
2012-12-31,yearly,18.078861333561598,177793900000,,0.09873583,5365304300,29.007343,0.6232512,,9733695000,1.8141925,,1.9013054,7.600102,,,96998590000,9.965239,0.18,0.18,1.8141925
