endDate,type,price,enterpriseValue,forwardPE,profitMargins,sharesOutstanding,bookValue,priceToBook,earningsQuarterlyGrowth,netIncomeToCommon,trailingEps,pegRatio,enterpriseToRevenue,enterpriseToEbitda,lastDividendValue,lastDividendDate,marketCap,trailingPE,dividendYield,yield,earningsPerShare
2025-12-31,yearly,25.064137271240003,56079962000.0,,0.010466747,1198563600,17.30488,1.4483855,,2004000000,1.6720014,,0.29660168,9.514754,,,30040963000.0,14.9905,0.06,0.06,1.6720014
2024-12-31,yearly,15.29758160082145,29513994000.0,,0.036958996,1119000100,18.217157,0.83973485,,6367000000,5.6899014,0.08003514,0.17132206,3.1657186,,,17117995000.0,2.6885495,0.08,0.08,5.6899014
2023-12-31,yearly,18.5602991003794,33326977000.0,,0.029248774,1119000100,14.058086,1.3202579,,4766000000,4.2591596,0.020742776,0.20452648,4.1159663,,,20768977000.0,4.3577375,0.04,0.04,4.2591596
2022-12-31,yearly,12.068499067977,30589798000.0,,0.008470839,1164999900,10.826611,1.114707,,1536999900,1.3193133,,0.168589,6.7766504,,,14059799000.0,9.14756,0.07,0.07,1.3193133
2021-12-31,yearly,15.808628264703199,30486050000.0,,0.01918983,1164999900,10.564808,1.4963479,,2497000000,2.1433477,,0.23429,9.632243,,,18417050000.0,7.375671,0.14,0.14,2.1433477
2020-12-31,yearly,,,,0.04791352,1164999900,10.478112,,,3905000000,3.3519316,,,,,,,,,,3.3519316
2019-12-31,yearly,,,,0.02327736,1164999900,7.524464,,,2211000000,1.8978542,,,,,,,,,,1.8978542
2018-12-31,yearly,,,,0.03265828,1164999900,8.314164,,,3193000000,2.7407727,,,,,,,,,,2.7407727
2017-12-31,yearly,,,,0.013610511,1164999900,7.5759664,,,1151000100,0.987983,,,,,,,,,,0.987983
2016-12-31,yearly,,,,-0.00363586,1198563600,6.1824,,,-315000000,-0.26281458,,,,,,,,,,-0.26281458
