endDate,type,price,enterpriseValue,forwardPE,profitMargins,sharesOutstanding,bookValue,priceToBook,earningsQuarterlyGrowth,netIncomeToCommon,trailingEps,pegRatio,enterpriseToRevenue,enterpriseToEbitda,lastDividendValue,lastDividendDate,marketCap,trailingPE,dividendYield,yield,earningsPerShare
2025-12-31,yearly,32.5381119892875,137026000000,,0.10365874,3226546700,21.385935,1.5214725,,6167906000,1.9116122,1.5232202,2.2992868,5.5244217,,,104985740000,17.021294,0.08,0.08,1.9116122
2024-12-31,yearly,22.2133882438545,103084340000,,0.09951342,3261287400,21.402435,1.0378907,,5547948000,1.7011527,1.2664515,1.8458993,4.5062623,,,72444240000,13.057844,0.13,0.13,1.7011527
2023-12-31,yearly,24.0385608554154,70868560000,,0.09673633,1652588400,42.132282,0.5705497,,5029389000,3.0433404,0.3416697,1.3602372,3.3260074,,,39725850000,7.8987427,0.09,0.09,3.0433404
2022-12-31,yearly,16.26364554857516,59513140000,,0.084467195,1676938200,40.821926,0.39840466,,4085013000,2.4359949,,1.2387948,3.090342,,,27273128000,6.676387,0.19,0.19,2.4359949
2021-12-31,yearly,19.6359635313004,56830358000,,0.14147143,1690985000,41.399654,0.4743026,,6239364000,3.6897807,0.17284006,1.2906424,2.971609,,,33204120000,5.3217154,0.18,0.18,3.6897807
2020-12-31,yearly,17.56026962724309,48921076000,,0.11061714,1690985000,41.133873,0.42690533,,4770527000,2.8211527,,1.1343629,2.746961,,,29694153000,6.2245016,0.19,0.19,2.8211527
2019-12-31,yearly,16.9480226316683,49494020000,,0.11297087,1690985000,41.665405,0.40676486,,5001014000,2.957456,,1.1180499,2.729279,,,28658852000,5.7306085,0.2,0.2,2.957456
2018-12-31,yearly,13.614568510967999,34898338000,,0.20542327,1690985000,42.34634,0.3215052,,8928258000,5.2799153,0.027512722,0.8029484,1.9584948,,,23022030000,2.578558,0.28,0.28,5.2799153
2017-12-31,yearly,12.257785849443641,33769781000,,0.106668085,1690985000,41.077454,0.29840666,,4608790000,2.725506,0.35093457,0.7815843,2.3309517,,,20727732000,4.4974346,0.2,0.2,2.725506
2016-12-31,yearly,10.0409412347496,28920717000,,0.09610421,1690985000,40.94916,0.24520506,,4085242000,2.415895,0.21376523,0.68035203,2.062279,,,16979082000,4.1562,0.19,0.19,2.415895
2015-12-31,yearly,8.938269559664999,27256734000,,0.08489748,1690985000,40.5487,0.22043295,,3420249000,2.0226371,,0.67656714,2.260734,,,15114479000,4.4191165,0.65,0.65,2.0226371
2014-12-31,yearly,9.0011657370096,19786748000,,0.14104752,1123269200,40.017204,0.2249324,,4936659000,4.3949027,0.06234546,0.56533617,1.9004599,,,10110732000,2.0480921,0.3,0.3,4.3949027
2013-12-31,yearly,8.3860173139552,17297482000,,0.10702021,1125601900,38.108006,0.2200592,,3715945000,3.301296,,0.49817213,1.6441796,,,9439317000,2.5402198,0.56,0.56,3.301296
2012-12-31,yearly,8.44824289999264,16306894000,,0.13121115,1125601900,39.695312,0.21282722,,4453573000,3.9566147,0.94647217,0.48058385,1.2834568,,,9509359000,2.13522,0.3,0.3,3.9566147
