endDate,type,price,enterpriseValue,forwardPE,profitMargins,sharesOutstanding,bookValue,priceToBook,earningsQuarterlyGrowth,netIncomeToCommon,trailingEps,pegRatio,enterpriseToRevenue,enterpriseToEbitda,lastDividendValue,lastDividendDate,marketCap,trailingPE,dividendYield,yield,earningsPerShare
2025-12-31,yearly,48.4043248158925,206143060000,,0.16606067,4197318000,4.4202905,10.950485,,6376219000,1.5191175,5.771069,5.0520167,22.90469,,,203168330000,31.863451,0.03,0.03,1.5191175
2024-12-31,yearly,50.7710422872256,210867300000,,0.1663404,4197318000,5.5095224,9.215144,,6042593000,1.4396319,6.5011907,5.551047,24.799128,,,213102200000,35.26668,0.01,0.01,1.4396319
2023-12-31,yearly,34.566769377267,142598640000,,0.180522,4197318000,4.2538533,8.12599,,5731670000,1.3655553,0.6991445,4.387164,20.112167,,,145087730000,25.313343,0.02,0.02,1.3655553
2022-12-31,yearly,35.756167594069595,150028440000,,0.14288285,4197318000,3.6328804,9.842374,,4208084000,1.002565,2.0556839,5.016881,26.709024,,,150080010000,35.664692,0.01,0.01,1.002565
2021-12-31,yearly,30.0849856305996,126105395000,,0.1552191,4197318000,3.3380058,9.012862,,3585947000,0.85434246,0.6620648,5.351763,26.954115,,,126276256000,35.2142,0.02,0.02,0.85434246
2020-12-31,yearly,34.1534006832322,141625590000,,0.13715042,4197318000,2.8423622,12.015851,,2340873000,0.55770683,1.3613712,8.106994,43.341286,,,143352680000,61.238983,0.01,0.01,0.55770683
2019-12-31,yearly,15.496441136287121,32334473000,,0.12230478,2098659000,4.2550936,3.6418567,,1614581000,0.7693394,0.97578126,2.4225235,14.405982,,,32521742000,20.142529,0.02,0.02,0.7693394
2018-12-31,yearly,7.914804829526939,17642270000,,0.11229222,2098659000,3.7420359,2.1151066,,1338319000,0.637702,0.72262436,1.4738628,9.67201,,,16610476000,12.411448,0.04,0.04,0.637702
2017-12-31,yearly,8.3237822048,17725470000,,0.11979865,2098659000,3.2608,2.552681,,1142149000,0.544228,6.9699287,1.8611704,12.088677,,,17468780000,15.29466,0.04,0.04,0.544228
2016-12-31,yearly,5.05975377765375,8555356000,,0.120404735,1614353000,3.7605357,1.3454875,,1117624100,0.6923047,,0.9133499,6.080864,,,8168228000,7.3085647,0.07,0.07,0.6923047
2015-12-31,yearly,4.7582229768165,9141957000,,0.1194438,1614353000,3.8133295,1.247787,,1156065000,0.7161166,0.31507352,0.93664485,6.187018,,,7681451500,6.6444807,0.11,0.11,0.7161166
2014-12-31,yearly,4.757910477603,8217074000,,0.12273254,1614353000,3.1834815,1.494562,,954726000,0.59139854,0.60991454,1.0479951,6.110126,,,7680947000,8.045185,0.15,0.15,0.59139854
2013-12-31,yearly,4.7263761803017,4274994700,,0.1237834,807176500,5.7512417,0.821801,,843467000,1.0449598,0.15825053,0.6260155,3.475515,,,3815019500,4.5230217,0.15,0.15,1.0449598
2012-12-31,yearly,4.1607977719237,3374832100,,0.10768985,620905000,6.686411,0.6222767,,655979000,1.0564885,0.33479807,0.54663086,3.3192415,,,2583460400,3.9383278,0.13,0.13,1.0564885
