endDate,type,price,enterpriseValue,forwardPE,profitMargins,sharesOutstanding,bookValue,priceToBook,earningsQuarterlyGrowth,netIncomeToCommon,trailingEps,pegRatio,enterpriseToRevenue,enterpriseToEbitda,lastDividendValue,lastDividendDate,marketCap,trailingPE,dividendYield,yield,earningsPerShare
2025-12-31,yearly,12.1700003857494,8056430600.0,,0.032630473,274088860,10.828758,1.1238593,,181491010,0.66216123,,1.4590384,4.730823,,,3335661300.0,18.37921,0.09,0.09,0.66216123
2024-12-31,yearly,7.84352303974596,7281303000.0,,0.06375592,289088860,10.858114,0.72236514,,341377980,1.1808755,0.053529415,1.3605373,4.1795144,,,2267475200.0,6.6421247,0.03,0.03,1.1808755
2023-12-31,yearly,19.259612194448998,10862830000.0,,0.030043544,309088860,9.890635,1.9472574,,152344000,0.4928809,0.108074464,2.1102862,6.8326774,,,5952931300.0,39.07559,0.01,0.01,0.4928809
2022-12-31,yearly,9.0534192274625,7505763000.0,,-0.012145614,309088860,9.576725,0.9453565,,-58244000,-0.18843772,,1.6442194,5.660647,,,2798311000.0,-48.04462,0.01,0.01,-0.18843772
2021-12-31,yearly,18.1650644863896,9785048000.0,,0.036018535,309088860,10.487548,1.7320602,,158171010,0.5117331,0.58095425,2.228241,7.983858,,,5614619000.0,35.497143,0.03,0.03,0.5117331
2020-12-31,yearly,28.6284305222916,12572833000.0,,0.02547683,309088860,10.369086,2.7609406,,98181000,0.3176465,,3.262504,14.042915,,,8848729000.0,90.12669,0.02,0.02,0.3176465
2019-12-31,yearly,40.543467966842,13827746000.0,,0.18124361,309088860,10.037087,4.039366,,646140030,2.090467,98.710846,3.8787112,10.965985,,,12531534000.0,19.394455,0.01,0.01,2.090467
2018-12-31,yearly,,,,0.17817238,309088860,8.384026,,,644873000,2.0863676,,,,,,,,,,2.0863676
2017-12-31,yearly,,,,0.1256563,317896420,8.736359,,,424590020,1.3356237,,,,,,,,,,1.3356237
2016-12-31,yearly,,,,0.1155916,317896420,7.658699,,,368102020,1.1579307,,,,,,,,,,1.1579307
2015-12-31,yearly,,,,0.16488752,317178530,8.451366,,,484673980,1.5280794,,,,,,,,,,1.5280794
2014-12-31,yearly,,,,0.17702281,316646660,7.5568776,,,425645000,1.3442271,,,,,,,,,,1.3442271
2013-12-31,yearly,,,,0.1413666,297394500,5.1031275,,,244707010,0.82283634,,,,,,,,,,0.82283634
2012-12-31,yearly,,,,0.0792944,97899440,7.2220535,,,109687000,1.1204047,,,,,,,,,,1.1204047
