endDate,type,operatingCashFlow,incomeFromOperations,netIncomeBeforeTaxes,adjustmentsToProfitOrLoss,changesInAssetsAndLiabilities,otherOperatingActivities,cashGeneratedInOperations,investmentCashFlow,financingCashFlow,exchangeVariationWithoutCash,foreignExchangeRateWithoutCash,increaseOrDecreaseInCash,initialCashBalance,finalCashBalance,freeCashFlow
2025-12-31,yearly,24450284000,29746766000,,,-5296483000,0,,-4950160000,-26771546000,,-2686014000,-9957438000,28595667000,18638227000,19500122000
2024-12-31,yearly,26099034000,28967723000,,,-2868687000,0,,-5463488000,-10351988000,,2253104100,12536663000,16059003000,28595667000,20635548000
2023-12-31,yearly,24711428000,26039493000,,,-1328063000,0,,-5765984300,-16115207000,,-1623327000,1206911000,14852092000,16059003000,18945446000
2022-12-31,yearly,20642152000,23969878000,,,-3327725000,0,,-5004139000,-16337906000,,-1045200000,-1745092000,16597185000,14852092000,15638014000
2021-12-31,yearly,22900951000,21314703000,,,1586247000,0,,-7734882000,-16041823000,,382603000,-493151000,17090335000,16597185000,15166069000
2020-12-31,yearly,18855780000,20035408000,,,-1179628000,0,,-6799571000,-8601995000,,1735479000,5189693000,11900642000,17090335000,12056209000
2019-12-31,yearly,18381259000,20458162000,,,-2076903000,0,,-4838590000,-12283464000,,-822061000,437144000,11463498000,11900642000,13542669000
2018-12-31,yearly,17911196000,20181182000,,,-2269988000,0,,-3675706000,-13221612000,,96886000,1110763000,10352735000,11463498000,14235489000
2017-12-31,yearly,17874061000,20677947000,,,-2803886000,0,,-3073002000,-12864137000,,538963000,2475886000,7876849000,10352735000,14801060000
2016-12-31,yearly,12344513000,19283094000,,,-6938580000,0,,-5897908000,-11645142000,,-542236030,-5740773000,13617622000,7876849000,6446605000
2015-12-31,yearly,23580946000,21272320000,,,2308625000,0,,-5997067000,-15327939000,,1738704000,3994644000,9622978000,13617622000,17583878000
2014-12-31,yearly,15895673000,18294856000,,,-2399182000,0,,-4768077000,-13143763000,,100904000,-1915263000,11538241000,9622978000,11127596000
2013-12-31,yearly,15245896000,17706099000,,,-2460202000,0,,-3802025000,-9385263000,,253028000,2311636000,8974197000,11285833000,11443871000
2012-12-31,yearly,34738000,1568000,,,33170000,0,,0,-56037000,,0,-21299000,69454000,48155000,34738000
