endDate,type,operatingCashFlow,incomeFromOperations,netIncomeBeforeTaxes,adjustmentsToProfitOrLoss,changesInAssetsAndLiabilities,otherOperatingActivities,cashGeneratedInOperations,investmentCashFlow,financingCashFlow,exchangeVariationWithoutCash,foreignExchangeRateWithoutCash,increaseOrDecreaseInCash,initialCashBalance,finalCashBalance,freeCashFlow
2025-12-31,yearly,1726228000,1910592000,,,-184364000,0,,1363778000,-3077207000,,0,12799000,47771000,60570000,3090006000
2024-12-31,yearly,1679910000,1851047000,,,-171136990,0,,87783000,-1764239000,,0,3454000,44317000,47771000,1767693000
2023-12-31,yearly,1441890000,1914745000,,,-472855000,0,,359540000,-1775369000,,0,26061000,18256000,44317000,1801430000
2022-12-31,yearly,929733000,1062141000,,,-132408000,0,,-1387546000,461207000,,0,3394000,14862000,18256000,-457813000
2021-12-31,yearly,600245000,628019000,,,-27774000,0,,-309219000,-289277000,,0,1749000,13113000,14862000,291025980
2020-12-31,yearly,303913000,416996000,,,-113083000,0,,-38928000,-284553980,,0,-19569000,32682000,13113000,264984990
2019-12-31,yearly,468296000,409223000,,,59073000,0,,-749733000,292229000,,0,10792000,21890000,32682000,-281437000
2018-12-31,yearly,187412000,293185000,,,-8352000,-97421000,,-49331000,-306365000,,0,-168284000,448429000,280145000,138080990
2017-12-31,yearly,170940990,279263000,,,-29595000,-78727000,,-16504000,37946000,,0,192383010,256046000,448429000,154436990
2016-12-31,yearly,162708000,283739000,,,-32775000,-88256000,,25947000,-197754000,,0,-9099000,265144990,256046000,188655010
2015-12-31,yearly,162575010,284662020,,,-27921000,-94166000,,-80585000,-132781000,,0,-50791000,315936000,265144990,81990000
2014-12-31,yearly,73214000,276123000,,,-122064000,-80845000,,-65850000,-115859000,,0,-108495000,424431000,315936000,7364000
2013-12-31,yearly,47551000,243600000,,,-62534000,-133515000,,-345342020,40246000,,0,-257544990,681976000,424431000,-297791000
2012-12-31,yearly,174708000,237548990,,,-62841000,0,,-156926000,273276000,,0,291057980,390918020,681976000,17782000
2011-12-31,yearly,167748000,188823010,,,-21075000,0,,-310045000,471649000,,0,329352000,61566000,390918020,-142296990
2010-12-31,yearly,106182000,128030000,,,-21848000,0,,-118958000,-11910000,,0,-24686000,86252000,61566000,-12776000
