endDate,type,operatingCashFlow,incomeFromOperations,netIncomeBeforeTaxes,adjustmentsToProfitOrLoss,changesInAssetsAndLiabilities,otherOperatingActivities,cashGeneratedInOperations,investmentCashFlow,financingCashFlow,exchangeVariationWithoutCash,foreignExchangeRateWithoutCash,increaseOrDecreaseInCash,initialCashBalance,finalCashBalance,freeCashFlow
2025-12-31,yearly,631870000,1782259000,,,-408417000,-741971970,,-584275970,72812000,,0,120406000,99601000,220007010,47594000
2024-12-31,yearly,608360000,1575595000,,,-329707000,-637528000,,-495455000,-152715010,,0,-39810000,139411010,99601000,112905000
2023-12-31,yearly,500769980,1434287000,,,-206060000,-727457000,,509000,-784299000,,0,-283020000,422431000,139411010,501279000
2022-12-31,yearly,227952990,1270156000,,,-448416000,-593787000,,38269000,-13039000,,0,253183010,169248000,422431000,266222000
2021-12-31,yearly,377174020,844251000,,,-187584000,-279493000,,-2323202000,2042093000,,0,96065000,73183000,169248000,-1946028000
2020-12-31,yearly,124528000,427390020,,,-272934020,-29928000,,-1677326000,1594429000,,0,41631000,31552000,73183000,-1552798000
2019-12-31,yearly,160138000,276479000,,,-97961000,-18380000,,-374991000,146898000,,0,-67955000,99507000,31552000,-214852990
2018-12-31,yearly,165747010,145088000,,,40210000,-19551000,,-139730000,39572000,,0,65589000,33918000,99507000,26017000
2017-12-31,yearly,157251010,193514000,,,-3432000,-32831000,,-16487000,-146414000,,0,-5650000,39568000,33918000,140764000
2016-12-31,yearly,122084000,198164000,,,-50089000,-25991000,,-42444000,-65552000,,0,14088000,25480000,39568000,79640000
2015-12-31,yearly,-35768000,171202000,,,-190272000,-16698000,,-95754000,141135010,,0,9613000,15867000,25480000,-131522000
2014-12-31,yearly,87513000,211964000,,,-108459000,-15992000,,-1090000,-82758000,,0,3665000,12202000,15867000,86423000
2013-12-31,yearly,65992000,125506000,,,-38782000,-20732000,,-515612000,456352000,,0,6732000,5470000,12202000,-449620000
2012-12-31,yearly,46989000,85289000,,,-25461000,-12839000,,-34376000,-7959000,,0,4654000,816000,5470000,12613000
