endDate,type,operatingCashFlow,incomeFromOperations,netIncomeBeforeTaxes,adjustmentsToProfitOrLoss,changesInAssetsAndLiabilities,otherOperatingActivities,cashGeneratedInOperations,investmentCashFlow,financingCashFlow,exchangeVariationWithoutCash,foreignExchangeRateWithoutCash,increaseOrDecreaseInCash,initialCashBalance,finalCashBalance,freeCashFlow
2025-12-31,yearly,14509829000,6012103000,,,1115078000,7382648000,,-5573299000,-19091192000,,0,-10154662000,26572521000,16417860000,8936530000
2024-12-31,yearly,12385583000,2873650000,,,907552000,8604381000,,-8660321000,9800889000,,0,13526151000,13046371000,26572521000,3725262000
2023-12-31,yearly,8242958000,2382264000,,,-1908810000,7769503700,,819418000,-6755131000,,0,2307245000,10739126000,13046371000,9062376000
2022-12-31,yearly,9275733000,4666544000,,,2794290000,1814899000,,-28801653000,30072386000,,0,10546467000,192659010,10739126000,-19525919000
2021-12-31,yearly,8230605000,4465680000,,,374294020,3390631000,,123987000,-8448540000,,0,-93948000,286607000,192659010,8354591700
2020-12-31,yearly,4198719000,15267168000,,,-3016793000,-8051656000,,2441551900,-6688971000,,0,-48700000,335307000,286607000,6640271000
2019-12-31,yearly,-86329000,4824216000,,,-4456386000,-454159000,,3270029000,-3390681000,,0,-206980990,583352000,376371000,3183700000
2018-12-31,yearly,2410161000,4424394000,,,-2023292000,9059000,,421308000,-3068044000,,0,-236575010,792252030,555677000,2831469000
2017-12-31,yearly,2385569000,4012081000,,,-362895000,-1263617000,,-147791010,-1941381000,,0,296397000,495855000,792252030,2237778000
2016-12-31,yearly,1888738000,3224282000,,,2352229000,-3687773000,,-5473806000,2870763000,,0,-714305000,1393973000,679667970,-3585068000
2015-12-31,yearly,6980475000,3744393000,,,2868405000,367677000,,-9012552000,2018972000,,0,-13105000,1407078000,1393973000,-2032077000
2014-12-31,yearly,5192461000,1789216000,,,4225499000,-822254000,,-10637002000,3254036000,,0,-2190505000,3597583000,1407078000,-5444541000
2013-12-31,yearly,9329355000,-1145949000,,,1972914000,8502390000,,-8155408000,-77879000,,0,1096068000,2501515000,3597583000,1173947000
2012-12-31,yearly,13826591000,6397447000,,,5896312000,1532832000,,-13455412000,-901591000,,0,-530412000,4959787000,4429375000,371179000
2011-12-31,yearly,4286868000,6778416000,,,-2995487000,503939000,,-10904111000,2356861000,,0,-4260382000,9220169000,4959787000,-6617243000
2010-12-31,yearly,7643911000,9568397000,,,961090000,-2885576000,,-7134923000,93887000,,0,602875000,8617294000,9220169000,508988000
