endDate,type,operatingCashFlow,incomeFromOperations,netIncomeBeforeTaxes,adjustmentsToProfitOrLoss,changesInAssetsAndLiabilities,otherOperatingActivities,cashGeneratedInOperations,investmentCashFlow,financingCashFlow,exchangeVariationWithoutCash,foreignExchangeRateWithoutCash,increaseOrDecreaseInCash,initialCashBalance,finalCashBalance,freeCashFlow
2025-12-31,yearly,1074977000,1576142000,,,-224628990,-276536000,,-534387000,-398115000,,-3002000,139472990,181160000,320633000,540590000
2024-12-31,yearly,363955000,1005954000,,,-472747000,-169252000,,525068000,-791771000,,10592000,107844000,73316000,181160000,889023000
2023-12-31,yearly,412592000,608510000,,,-108762000,-87156000,,-613989000,242930000,,2957000,44490000,28826000,73316000,-201396990
2022-12-31,yearly,138250000,649935000,,,-412649000,-99036000,,-507248000,362425980,,1648000,-4924000,33750000,28826000,-368998020
2021-12-31,yearly,241938000,547327000,,,-275316000,-30073000,,-10772000,-233512990,,-2200000,-4547000,38297000,33750000,231166000
2020-12-31,yearly,220316000,198434000,,,50373000,-28491000,,-297281980,101451000,,4000,24489000,13808000,38297000,-76966000
2019-12-31,yearly,204882000,290593980,,,-50887000,-34825000,,-85409000,-114281000,,115000,5307000,8501000,13808000,119473000
2018-12-31,yearly,117836000,212752000,,,-66170000,-28746000,,72236000,-192556000,,829000,-1655000,10156000,8501000,190072000
2017-12-31,yearly,173887010,216007010,,,3346000,-45466000,,-91697000,-77107000,,53000,5136000,5020000,10156000,82190000
2016-12-31,yearly,101709000,161695010,,,-23444000,-36542000,,-20958000,-84024000,,-529000,-3802000,8822000,5020000,80751000
2015-12-31,yearly,91247000,179007010,,,-48317000,-39443000,,-30407000,-62076000,,-773000,-2009000,10831000,8822000,60840000
2014-12-31,yearly,109965000,173904990,,,-9760000,-54180000,,-48021000,-64899000,,0,-2955000,13786000,10831000,61944000
2013-12-31,yearly,71734000,175391010,,,-57351000,-46306000,,-11860000,-57606000,,0,2268000,11518000,13786000,59874000
2012-12-31,yearly,51222000,132667000,,,-43737000,-37708000,,-78264000,23032000,,0,-4010000,15528000,11518000,-27042000
2011-12-31,yearly,43038000,119035000,,,-47449000,-28548000,,-168294000,132780000,,0,7524000,8004000,15528000,-125256000
