endDate,type,operatingCashFlow,incomeFromOperations,netIncomeBeforeTaxes,adjustmentsToProfitOrLoss,changesInAssetsAndLiabilities,otherOperatingActivities,cashGeneratedInOperations,investmentCashFlow,financingCashFlow,exchangeVariationWithoutCash,foreignExchangeRateWithoutCash,increaseOrDecreaseInCash,initialCashBalance,finalCashBalance,freeCashFlow
2025-12-31,yearly,4358630000,7947882000,,,-2049506000,-1539746000,,-326752000,-3991436000,,-6746000,33696000,317709000,351405000,4031878000
2024-12-31,yearly,9297325000,6765982000,,,3966688000,-1435345000,,-290519000,-8996122000,,28688000,39372000,278337000,317709000,9006806000
2023-12-31,yearly,3755446000,6351951000,,,-1419363000,-1177142000,,-827814000,-3009699000,,-1838000,-83905000,362241980,278337000,2927631900
2022-12-31,yearly,9887484000,7085400000,,,4089387000,-1287303000,,-264190000,-9558764000,,0,64530000,297712000,362241980,9623294000
2021-12-31,yearly,3213723000,7342860000,,,-3258792000,-870345000,,-2200854000,-1119934000,,0,-107065000,404777000,297712000,1012869000
2020-12-31,yearly,2753083000,6281618000,,,-2935026000,-593509000,,664477000,-3252762000,,0,164798000,239979010,404777000,3417560000
2019-12-31,yearly,3219991000,4788043000,,,-1568052000,0,,-345131000,-2755881000,,0,118979000,121000000,239979010,2874860000
2018-12-31,yearly,3666514000,3973055000,,,-306541000,0,,-281622020,-3429212000,,0,-44320000,165320000,121000000,3384892000
2017-12-31,yearly,11191051000,3078675000,,,8112376000,0,,-9057502000,-2124398000,,0,9151000,156168990,165320000,2133549000
2016-12-31,yearly,-7087411000,2305435000,,,-9392846000,0,,4293784000,2684667000,,0,-108960000,265128990,156168990,-2793627000
2015-12-31,yearly,969329000,2143531000,,,-1174202000,0,,1064515970,-1884102000,,0,149743010,115386000,265128990,2033845000
2014-12-31,yearly,1854498000,1588529000,,,265968990,0,,-55597000,-1725202000,,0,73699000,41687000,115386000,1798901000
2013-12-31,yearly,1918028000,1697149000,,,220879010,0,,-246639010,-1673344000,,0,-1955000,43642000,41687000,1671389000
2012-12-31,yearly,1327666000,1653535000,,,-325869000,0,,-132799000,-1215873000,,0,-21006000,64648000,43642000,1194867000
2011-12-31,yearly,1684313000,1525342000,,,158971010,0,,-176520000,-1547162000,,0,-39369000,104017000,64648000,1507793000
2010-12-31,yearly,1709949000,1669868000,,,40081000,0,,-1325769000,-330942020,,0,53238000,50779000,104017000,384180000
