endDate,type,operatingCashFlow,incomeFromOperations,netIncomeBeforeTaxes,adjustmentsToProfitOrLoss,changesInAssetsAndLiabilities,otherOperatingActivities,cashGeneratedInOperations,investmentCashFlow,financingCashFlow,exchangeVariationWithoutCash,foreignExchangeRateWithoutCash,increaseOrDecreaseInCash,initialCashBalance,finalCashBalance,freeCashFlow
2025-12-31,yearly,159254090000,91661844000,16781938000,74879910000,67592245000,0,,-168393030000,-6842512000,-7550260000,,-23531719000,83167240000,59635524000,-9138946000
2024-12-31,yearly,127208096000,75294450000,29171565000,46122885000,51913646000,0,,-93492810000,-21361234000,13813379000,,26167430000,56999813000,83167240000,33715284000
2023-12-31,yearly,14740786000,88811830000,33165590000,55646245000,-74071050000,0,,21641070000,-34341950000,-15866370000,,-13826464000,68826276000,54999814000,36381856000
2022-12-31,yearly,66057340000,69581150000,29849336000,39731823000,-3523819000,0,,-18010230000,-28214362000,-5501147000,,14331598000,54494680000,68826276000,48047110000
2021-12-31,yearly,-44779880000,52610703000,19722870000,32887833000,-97390580000,0,,-53486273000,-24982150000,1553477000,,-121694830000,176189500000,54494680000,-98266150000
2020-12-31,yearly,206975320000,43332870000,13292883000,30039986000,163642460000,0,,-95707600000,-17334909000,10320668000,,104253480000,71936025000,176189500000,111267725000
2019-12-31,yearly,58542666000,40007960000,18888319000,158784990,18534707000,0,,-30587075000,-16165987000,-158784990,,11630820000,60305203000,71936025000,27955591000
2018-12-31,yearly,28442399000,38655377000,15086102000,-2522422000,-10212977000,0,,-5255804000,-12577971000,2522422000,,13131046000,47174156000,60305203000,23186596000
2017-12-31,yearly,-46925242000,41046830000,12275303000,-36146000,-87972070000,0,,-6381485000,-2671366000,36146000,,-55941947000,103116100000,47174156000,-53306724000
2016-12-31,yearly,4385042000,49785745000,8659577000,9361703000,-45400703000,0,,6578879000,-1185581000,-9361703000,,416637000,102699470000,103116100000,10963921000
2015-12-31,yearly,28068706000,19533412000,15798039000,-4343112000,8535293000,0,,-1274198000,9483264000,4343112000,,40620884000,62078583000,102699470000,26794508000
2014-12-31,yearly,-26775724000,23971572000,13343496000,-4859370000,-50747298000,0,,1601887000,13551411000,4859370000,,-6763056000,68841636000,62078583000,-25173838000
2013-12-31,yearly,-10716026000,17373602000,11288834000,-3440862000,-28089629000,0,,907069000,18203017000,3440862000,,11834922000,57006715000,68841636000,-9808957000
2012-12-31,yearly,8734426000,36034535000,11438200000,-1632620000,-27300108000,0,,-13657895000,17166854000,1632620000,,13876005000,44309890000,58185890000,-4923469000
2011-12-31,yearly,27764200000,31358532000,12736912000,-2372270000,-3594333000,0,,-14467116000,3420835000,2372270000,,19090188000,25219700000,44309890000,13297083000
2010-12-31,yearly,-23183892000,27908006000,11330345000,966275000,-51091900000,0,,-11279463000,29611450000,-966275000,,-5818181000,31037880000,25219700000,-34463355000
