endDate,type,operatingCashFlow,incomeFromOperations,netIncomeBeforeTaxes,adjustmentsToProfitOrLoss,changesInAssetsAndLiabilities,otherOperatingActivities,cashGeneratedInOperations,investmentCashFlow,financingCashFlow,exchangeVariationWithoutCash,foreignExchangeRateWithoutCash,increaseOrDecreaseInCash,initialCashBalance,finalCashBalance,freeCashFlow
2025-12-31,yearly,-62534000000,102986690000.0,21024584000,81962100000,-171767250000,6246573000,,59830215000,-11714849000,-88334000,,-14506967000,208023800000,193516830000,-2703784000
2024-12-31,yearly,50228486000,91656724000.0,16900515000,74756210000,-56086550000,14658312000,,-5013549000,-23676490000,-305225000,,21233222000,186790580000,208023800000,45214937000
2023-12-31,yearly,-177628000,93265175000.0,10208351000,83056830000,-99715514000,6272713000,,83606230000,-23062770000,239324990,,60605157000,126185420000,186790580000,83428610000
2022-12-31,yearly,41766350000,89691100000.0,24209949000,65481150000,-67677086000,19752335000,,-17778682000,21917788000,892293000,,46797746000,71386320000,118184070000,23987667000
2021-12-31,yearly,-92899320000,,24527501000,-668710000,114846460000,0,23858790000.0,-29457322000,-2611761000,0,,-124968400000,193705980000,68737580000,-122356646000
2020-12-31,yearly,142432580000,63735263000.0,4075295000,59659970000,38917350000,39779980000,,20462492000,-36405980000,2452395000,,128941500000,61879493000,190820990000,162895090000
2019-12-31,yearly,-19453968000,73933920000.0,13381078000,0,-93387890000,0,,-15326749000,-14318248000,0,,-49098965000,110225630000,61126664000,-34780717000
2018-12-31,yearly,-6497318000,72068910000.0,19442014000,0,-78566220000,0,,-34485023000,-5598241000,0,,-46580580000,156054440000,109473860000,-40982340000
2017-12-31,yearly,35551790000,80644300000.0,23743560000,16860835000,-45092510000,0,,-18229963000,-43304120000,0,,-25982296000,181230420000,155248130000,17321824000
2016-12-31,yearly,53959217000,92417490000.0,31905456000,15350278000,-38458274000,0,,9152341000,-23524819000,0,,39586740000,147261440000,186848170000,63111557000
2015-12-31,yearly,-58443010000,58615640000.0,9603583000,14721152000,-117058650000,0,,-11961302000,12994265000,0,,-57410050000,204671480000,147261440000,-70404310000
2014-12-31,yearly,81417350000,58624350000.0,19330791000,10291386000,22793003000,0,,-3443356000,8999501000,0,,86973500000,117697990000,204671480000,77973996000
2013-12-31,yearly,99832510000,52814090000.0,14319169000,9623870000,47018420000,0,,-23186678000,-6375062000,0,,70270770000,47427220000,117697990000,76645835000
2012-12-31,yearly,51612398000,54350100000.0,15502232000,11510179000,-2737700000,0,,-44797250000,3850139000,0,,10665285000,36853125000,47518413000,6815146000
2011-12-31,yearly,-37060630000,42643080000.0,14683469000,8296151000,-79703710000,0,,16682701000,20965444000,0,,587515000,36265610000,36853125000,-20377930000
2010-12-31,yearly,-27846457000,36450620000.0,15324117000,5756125000,-64297075000,0,,-29802110000,4555029000,0,,-53093540000,89359155000,36265610000,-57648570000
