endDate,type,operatingCashFlow,incomeFromOperations,netIncomeBeforeTaxes,adjustmentsToProfitOrLoss,changesInAssetsAndLiabilities,otherOperatingActivities,cashGeneratedInOperations,investmentCashFlow,financingCashFlow,exchangeVariationWithoutCash,foreignExchangeRateWithoutCash,increaseOrDecreaseInCash,initialCashBalance,finalCashBalance,freeCashFlow
2025-12-31,yearly,3710770000,,,,-1446631900,0,5157402000.0,5628199000,-8273740000,0.0,,1065229000,7789875000,8855103000,9338969000
2024-12-31,yearly,4223583000,,,,-602181000,0,4825764000.0,5173520000,-6359970000,0.0,,3037133000,4752742000,7789875000,9397103000
2023-12-31,yearly,3697841000,,,,696083000,0,3001758000.0,2563562000,-7585279000,0.0,,-1323876000,6076618000,4752742000,6261403000
2022-12-31,yearly,3275011000,2703724000.0,,,571287000,0,,2636797000,-3925751000,,0.0,1986057000,4090561000,6076618000,5911808000
2021-12-31,yearly,2825755000,2098604000.0,,,727151000,0,,1060035970,-1990675000,,0.0,1895116000,2195445000,4090561000,3885791000
2020-12-31,yearly,2284693000,1978933000.0,,,305760000,0,,792022000,-8262562000,,0.0,-5185847000,7381292000,2195445000,3076715000
2019-12-31,yearly,925384000,842073000.0,,,83311000,0,,6259800000,-5860139000,,0.0,1325045000,6056247000,7381292000,7185183700
2018-12-31,yearly,1470424100,1642296100.0,,,-171872000,0,,4427189000,-3485545000,,0.0,2412068000,3644179000,6056247000,5897613000
2017-12-31,yearly,1671071000,1674937000.0,,,-3866000,0,,3084094000,-3285900000,,0.0,1469265000,2174914000,3644179000,4755165000
2016-12-31,yearly,1667507000,1760532000.0,,,-93025000,0,,2322652000,-3376323000,,0.0,613836030,1561078000,2174914000,3990159000
2015-12-31,yearly,1024983000,1492787000.0,,,-467804000,0,,1852149000,-3410481000,,0.0,-533349000,2094427000,1561078000,2877132000
2014-12-31,yearly,1525207000,1957047000.0,,,-431840000,0,,1178825000,-2394889000,,0.0,309143000,1785284000,2094427000,2704032000
2013-12-31,yearly,1116481000,1323020000.0,,,-206539010,0,,799011970,-1458140000,,0.0,457353000,1327931000,1785284000,1915493000
2012-12-31,yearly,0,0.0,,,0,0,,0,1327931000,,0.0,1327931000,0,1327931000,0
