endDate,type,operatingCashFlow,incomeFromOperations,netIncomeBeforeTaxes,adjustmentsToProfitOrLoss,changesInAssetsAndLiabilities,otherOperatingActivities,cashGeneratedInOperations,investmentCashFlow,financingCashFlow,exchangeVariationWithoutCash,foreignExchangeRateWithoutCash,increaseOrDecreaseInCash,initialCashBalance,finalCashBalance,freeCashFlow
2025-12-31,yearly,4702753000,3808114000,,,894639000,0,,-1202715000,-2574322000,,-355246020,570470000,14460929000,15031399000,3500038000
2024-12-31,yearly,6556461000,5622267000,,,934194000,0,,-6465920000,799694000,,892105000,1782340000,12678589000,14460929000,90541000
2023-12-31,yearly,2697487900,2577638000,,,119850000,0,,-2483869000,5354032000,,39475000,5607126000,7071463000,12678589000,213619010
2022-12-31,yearly,3134692000,2256264000,,,878428030,0,,-1658144000,-1451922000,,-255172000,-230546000,7302009000,7071463000,1476548000
2021-12-31,yearly,2594661000,2579679000,,,14982000,0,,-568521000,-1972380000,,856819970,910579970,6391429000,7302009000,2026140000
2020-12-31,yearly,3223827000,2913669000,,,310158020,0,,-376097980,-1828340000,,902353000,1921742000,4469687000,6391429000,2847729000
2019-12-31,yearly,1757892000,1387017000,,,370875000,0,,-247063010,-1268825000,,-169302000,72702000,4396985000,4469687000,1510829000
2018-12-31,yearly,1329883000,516278020,,,813605000,0,,-189090000,-606106000,,54956000,589643000,3807342000,4396985000,1140793000
2017-12-31,yearly,588213000,991475970,,,-410089000,6826000,,-1384089000,1205348000,,0,409472000,3397870000,3807342000,-795875970
2016-12-31,yearly,582107000,552675970,,,-28326000,57757000,,-179600990,245436000,,0,647942000,2749928000,3397870000,402505980
2015-12-31,yearly,959266000,1308384000,,,-166166000,-182952000,,-361795000,-321923000,,0,275548000,2474380000,2749928000,597471000
2014-12-31,yearly,341415000,537122000,,,-195707010,0,,-353131000,922247000,,0,910531000,1563849000,2474380000,-11716000
2013-12-31,yearly,474788000,480445000,,,-5657000,0,,-178038000,-21655000,,0,275095000,1288754000,1563849000,296750020
2012-12-31,yearly,417300000,357304000,,,59996000,0,,-221156990,346229000,,0,542371970,746382000,1288754000,196143010
2011-12-31,yearly,-10586000,18963000,,,-29549000,0,,-178655010,359159000,,0,169918000,576464000,746382000,-189240990
2010-12-31,yearly,-49437000,-148272000,,,98835000,0,,-206175010,465805000,,-57738000,152455010,424009000,576464000,-255612000
