endDate,type,operatingCashFlow,incomeFromOperations,netIncomeBeforeTaxes,adjustmentsToProfitOrLoss,changesInAssetsAndLiabilities,otherOperatingActivities,cashGeneratedInOperations,investmentCashFlow,financingCashFlow,exchangeVariationWithoutCash,foreignExchangeRateWithoutCash,increaseOrDecreaseInCash,initialCashBalance,finalCashBalance,freeCashFlow
2025-12-31,yearly,-26619144000,21543682000.0,16663803000.0,-884114000.0,-48162830000,0,,-2185392100,14565482000,889275000,,-13349780000,102620770000,89270985000,-28804536000
2024-12-31,yearly,7819027000,14746109000.0,11080445000.0,-1371504000.0,-6927082000,0,,-5535870000,27737756000,-373895000,,29647018000,72878825000,102525846000,2283157000
2023-12-31,yearly,-16500346000,12488246000.0,10254760000.0,-1076706000.0,-28988592000,0,,-659470000,13584040000,-101835000,,-3677611000,76556435000,72878825000,-17159816000
2022-12-31,yearly,21105717000,13855901000.0,8020194000.0,-748437000.0,1338967000,5910850000,,-2152572000,203366000,55676000,,19212188000,57344250000,76556435000,18953146000
2021-12-31,yearly,16275980000,18565550000.0,7064470000.0,-1639716000.0,-6588528000,4298957000,,-11000618000,7662490000,0,,12937852000,44406400000,57344250000,5275362000
2020-12-31,yearly,-22779673000,4189447000.0,4280921000.0,165112000.0,-26969120000,0,,280733000,56161477000,0,,33662536000,15777634000,49440170000,-22498940000
2019-12-31,yearly,-9567473000,4965609000.0,,,-14533082000,0,,2672844000,5661688000,0,,-1232941000,16977394000,15744453000,-6894629000
2018-12-31,yearly,-6703540000,2556755000.0,,,-9260295000,0,,37304000,12415865000,0,,5749629000,11227765000,16977394000,-6666236000
2017-12-31,yearly,3868837000,2251400000.0,2375259000.0,78525000.0,1617437000,0,,1041122000,-2463520000,0,,2446439000,8781326000,11227765000,4909959000
2016-12-31,yearly,18479660000,5439492000.0,4714958000.0,10161000.0,13040168000,0,,5599788000,-29293021000,0,,-5213573000,13994899000,8781326000,24079448000
2015-12-31,yearly,-8771932000,-908443000.0,576018000.0,42832000.0,-7863489000,0,,4810609000,-4915231700,0,,-8876555000,22422310000,13545755000,-3961323000
2014-12-31,yearly,711899000,2064874000.0,1901148000.0,84268000.0,-1352975000,0,,-1559851000,12515097000,0,,11667145000,10755165000,22422310000,-847952000
2013-12-31,yearly,-19929256000,2733725000.0,2584821000.0,191656990.0,-22662980000,0,,699267000,12539392000,0,,-6690596000,17445761000,10755165000,-19229989000
2012-12-31,yearly,-4385573000,1840773000.0,2154126000.0,29304000.0,-6226346000,0,,-557795970,9901713000,0,,4958344000,12487417000,17445761000,-4943369000
2011-12-31,yearly,-16713051000,859872000.0,1339564000.0,20071000.0,-17572923000,0,,-356764000,10631862000,0,,-6437953000,18925370000,12487417000,-17069815000
2010-12-31,yearly,-17471486000,,-360473000.0,10864000.0,-17932782000,810906000,-349609000.0,-431085000,21771160000,0,,3868589000,7773647000,11642236000,-17902570000
