endDate,type,operatingCashFlow,incomeFromOperations,netIncomeBeforeTaxes,adjustmentsToProfitOrLoss,changesInAssetsAndLiabilities,otherOperatingActivities,cashGeneratedInOperations,investmentCashFlow,financingCashFlow,exchangeVariationWithoutCash,foreignExchangeRateWithoutCash,increaseOrDecreaseInCash,initialCashBalance,finalCashBalance,freeCashFlow
2025-12-31,yearly,670015000,-43326000,,,713341000,0,,0,-939563000,,0,-269548000,287950020,18402000,670015000
2024-12-31,yearly,790041000,-8219000,,,798259970,0,,-1099000,-747196030,,0,41746000,246204000,287950020,788942000
2023-12-31,yearly,989166000,-8338000,,,997504000,0,,-4000,-1151658000,,0,-162496000,408700000,246204000,989162000
2022-12-31,yearly,1259442000,8727000,,,1250715000,0,,-129000,-1145322000,,0,113991000,294709000,408700000,1259313000
2021-12-31,yearly,4252450000,-6260000,,,4258710000,0,,0,-4020303900,,0,232146000,62563000,294709000,4252450000
2020-12-31,yearly,978546000,-37892000,,,1016438000,0,,0,-1117168000,,0,-138622000,201184990,62563000,978546000
2019-12-31,yearly,121191000,-40757000,,,161948000,0,,-117000,-379700000,,0,-258626000,459811000,201184990,121074000
2018-12-31,yearly,-782477000,-1555748000,,,773271000,0,,1926295000,-2355668000,,0,-1211850000,1671661000,459811000,1143818000
2017-12-31,yearly,-55862000,-54263000,,,-1599000,0,,1480425000,-191962000,,0,1232601000,439060000,1671661000,1424563000
2016-12-31,yearly,61083000,34262000,,,26821000,0,,0,0,,0,61083000,377977000,439060000,61083000
2015-12-31,yearly,386756000,-31482000,,,418238020,0,,0,-320782020,,0,65974000,312003000,377977000,386756000
2014-12-31,yearly,597955000,90167000,,,507788000,0,,0,-544630000,,0,53325000,258678000,312003000,597955000
2013-12-31,yearly,414729000,99938000,,,314791000,0,,0,-410256000,,0,4473000,254204990,258678000,414729000
2012-12-31,yearly,557132030,143115010,,,414017000,0,,0,-566910000,,0,-9778000,263983010,254204990,557132030
2011-12-31,yearly,637709000,140960990,,,496748000,0,,-10000,-547245000,,0,90454000,173528990,263983010,637699000
2010-12-31,yearly,2101464100,2160335900,,,-58872000,0,,-1829025000,-374395000,,0,-101956000,1057682000,955726000,272439000
