endDate,type,operatingCashFlow,incomeFromOperations,netIncomeBeforeTaxes,adjustmentsToProfitOrLoss,changesInAssetsAndLiabilities,otherOperatingActivities,cashGeneratedInOperations,investmentCashFlow,financingCashFlow,exchangeVariationWithoutCash,foreignExchangeRateWithoutCash,increaseOrDecreaseInCash,initialCashBalance,finalCashBalance,freeCashFlow
2025-12-31,yearly,4871974000,5072886000,,,41780000,-242692000,,-5433609000,-1721847000,,915000,-2282567000,3171958000,889391000,-561635000
2024-12-31,yearly,1854060000,2872028000,,,-774534000,-243434000,,975610000,-1456986000,,45168000,1417852000,1754106000,3171958000,2829670000
2023-12-31,yearly,1008698000,1772173000,,,-554087000,-209388000,,-8618745000,8691277000,,-127566000,953664000,800442000,1754106000,-7610047000
2022-12-31,yearly,90305000,591448000,,,-414401980,-86741000,,-357041000,957331000,,-8878000,681717000,118725000,800442000,-266736000
2021-12-31,yearly,62839000,256276000,,,-156838000,-36599000,,-2329389000,2092691000,,4642000,-169216990,287942020,118725000,-2266550000
2020-12-31,yearly,55547000,86042000,,,-28157000,-2338000,,-1375696000,1552383000,,-7864000,224370000,63573000,287943000,-1320149000
2019-12-31,yearly,-6363000,-22797000,,,16434000,0,,-9615000,-629000,,-2577000,-19184000,82757000,63573000,-15978000
2018-12-31,yearly,588467000,685594000,,,-185204000,88077000,,-155888990,-436278020,,44923000,41223000,18815000,60038000,432577980
2017-12-31,yearly,428777000,513824000,,,-47600000,-37447000,,-355427000,-74806000,,2533000,1077000,17738000,18815000,73350000
2016-12-31,yearly,341772000,338380000,,,-9047000,12439000,,-427345980,-50669000,,-26691000,-162934000,180672000,17738000,-85574000
2015-12-31,yearly,431472000,554739970,,,-47938000,-75330000,,-485109000,79159000,,37959000,63481000,117191000,180672000,-53637000
2014-12-31,yearly,348468000,442677000,,,-184324990,90116000,,-617267000,25006000,,3219000,-240574000,357765000,117191000,-268799000
2013-12-31,yearly,376440000,418662020,,,99819000,-142040990,,-1036219000,144031010,,2191000,-513557000,871322000,357765000,-659779000
2012-12-31,yearly,254332000,324621000,,,-64390000,-5899000,,-262931010,-142030000,,0,-150628990,1021951000,871322000,-8599000
2011-12-31,yearly,194219010,252438000,,,-56668000,-1551000,,-607250000,1297757000,,0,884726000,137224990,1021951000,-413031000
2010-12-31,yearly,90086000,108118000,,,-17580000,-452000,,-79398000,126537000,,0,137224990,0,137224990,10688000
