endDate,type,operatingCashFlow,incomeFromOperations,netIncomeBeforeTaxes,adjustmentsToProfitOrLoss,changesInAssetsAndLiabilities,otherOperatingActivities,cashGeneratedInOperations,investmentCashFlow,financingCashFlow,exchangeVariationWithoutCash,foreignExchangeRateWithoutCash,increaseOrDecreaseInCash,initialCashBalance,finalCashBalance,freeCashFlow
2025-12-31,yearly,-4200000000,2182000100,,,-1740000000,-4642000000,,-2947000000,3175000000,,-513000000,-4485000000,14986000000,10501000000,-7147000000
2024-12-31,yearly,2435000000,6774000000,,,557000000,-4896000000,,-3485000000,469000000,,1380000000,799000000,14187000000,14986000000,-1050000000
2023-12-31,yearly,-2272000000,4081000000,,,-1936999900,-4416000000,,-4525000000,8873000000,,-355000000,1720999900,12466000000,14187000000,-6797000000
2022-12-31,yearly,8951739000,9507890000,,,3969475000,-4525626000,,-4947273000,225092000,,-443769980,3785788000,8680686000,12466474000,4004466000
2021-12-31,yearly,14786485000,29698140000,,,-9321366000,-5590289000,,-3380676000,-16965504000,,377529000,-5182166000,13862852000,8680686000,11405809000
2020-12-31,yearly,6292991000,11833122000,,,-2545768000,-2994363000,,-2721827000,2173222000,,1314586000,7058972000,6803880000,13862852000,3571164000
2019-12-31,yearly,2265275000,5195662000,,,-279991000,-2650396000,,-2666419000,1636768000,,20619000,1256243000,5547637000,6803880000,-401144000
2018-12-31,yearly,9250370000,12186510000,,,-81508000,-2854632000,,-2488317000,-4603400000,,-386109000,1772544000,3775093000,5547637000,6762053000
2017-12-31,yearly,2461620000,11939694000,,,-6403415000,-3074659000,,-2406401000,-2988465000,,6475000,-2926771000,6701864000,3775093000,55219000
2016-12-31,yearly,4746292000,8474026000,,,-1036369000,-2691365000,,-2840874000,-2757312000,,586642000,-265252000,7043262000,6778010000,1905418000
2015-12-31,yearly,8125397000,10052711000,,,-608846000,-1318468000,,-4073506000,-97491000,,-508036000,3446364000,3993359000,7439723000,4051891000
2014-12-31,yearly,3791866000,5147361000,,,-172758000,-1182737000,,-4977076000,894400000,,-51690000,-342500000,4335859000,3993359000,-1185210000
2013-12-31,yearly,2457791000,4374204000,,,-737894000,-1178519000,,-4954200000,3614240000,,-69594000,1048237000,3287622000,4335859000,-2496409000
2012-12-31,yearly,2571811000,3304792000,,,311142020,-1044123000,,-2834307000,633883000,,-36037000,335350020,2952271900,3287622000,-262496000
2011-12-31,yearly,2777500000,3142653000,,,519969000,-885122000,,-2866470000,494744000,,-117030000,288744000,2698075000,2986819000,-88970000
2010-12-31,yearly,2720367000,2958610000,,,749855000,-988098000,,-2387581000,-388331000,,-3253000,-58798000,2683068000,2624270000,332785980
