endDate,type,operatingCashFlow,incomeFromOperations,netIncomeBeforeTaxes,adjustmentsToProfitOrLoss,changesInAssetsAndLiabilities,otherOperatingActivities,cashGeneratedInOperations,investmentCashFlow,financingCashFlow,exchangeVariationWithoutCash,foreignExchangeRateWithoutCash,increaseOrDecreaseInCash,initialCashBalance,finalCashBalance,freeCashFlow
2025-12-31,yearly,4076534000,5630410000,,,-163410000,-1390466000,,-6662914000,2589792000,,0,3412000,1898224000,1901636000,-2586380000
2024-12-31,yearly,5496902000,6003630000,,,803610000,-1310338000,,-2376700000,-2759460000,,0,360742020,1537482000,1898224000,3120202000
2023-12-31,yearly,6644278000,6270257000,,,1653609000,-1279588000,,-3967244000,-2580213000,,0,96821000,1440661000,1537482000,2677034000
2022-12-31,yearly,6613083000,3475243000,,,4726659000,-1588819000,,-3206095900,-2791534000,,0,615453000,825208000,1440661000,3406987000
2021-12-31,yearly,3683357000,1536732000,,,3218439000,-1071814000,,1371198000,-5909744000,,0,-855189000,1680397000,825208000,5054555000
2020-12-31,yearly,8609107000,3829783000,,,5643468000,-864144000,,-5076987000,-2387480000,,0,1144640000,535757000,1680397000,3532120000
2019-12-31,yearly,2036945000,3933977000,,,1264287000,-3161319000,,-1188695000,-1203297000,,0,-355047000,890803970,535757000,848250000
2018-12-31,yearly,1007811970,1779997000,,,1130799000,-1902983900,,-211003010,-936262000,,0,-139452990,1030257000,890803970,796809000
2017-12-31,yearly,579575000,2899463000,,,-296717000,-2023171000,,-386087000,-158363010,,0,35125000,995132030,1030257000,193488000
2016-12-31,yearly,1213383000,5477199000,,,-1605452000,-2658364000,,-613532030,-529351000,,0,70500000,924632000,995132030,599851000
2015-12-31,yearly,3007236000,3998363000,,,1081580000,-2072707000,,-3216837000,247090000,,0,37489000,887143000,924632000,-209600990
2014-12-31,yearly,3733930000,5643103000,,,179992990,-2089166000,,-4298842000,-749772030,,0,-1314684000,2201827000,887143000,-564912000
2013-12-31,yearly,3515260000,5437066000,,,-153167010,-1768639000,,2502729000,-5735287000,,0,282702020,1919125000,2201827000,6017989000
2012-12-31,yearly,3114458000,5030426000,,,660750000,-2576718000,,-2100484000,-1390654000,,0,-376680000,2862490000,2485810000,1013974000
2011-12-31,yearly,3898189000,3137923000,,,760266000,0,,-4016723000,1331000,,0,-117203000,2979693000,2862490000,-118534000
2010-12-31,yearly,3456805000,3114967000,,,341838020,0,,-4525042000,-377029000,,0,-1445266000,4424959000,2979693000,-1068237000
