endDate,type,operatingCashFlow,incomeFromOperations,netIncomeBeforeTaxes,adjustmentsToProfitOrLoss,changesInAssetsAndLiabilities,otherOperatingActivities,cashGeneratedInOperations,investmentCashFlow,financingCashFlow,exchangeVariationWithoutCash,foreignExchangeRateWithoutCash,increaseOrDecreaseInCash,initialCashBalance,finalCashBalance,freeCashFlow
2025-12-31,yearly,1285616000,2989173000,,,-842706000,-860851000,,-753101000,-549027970,,0,-16513000,94965000,78452000,532515000
2024-12-31,yearly,867436030,2607540000,,,-773059970,-967043970,,-238900000,-1158054000,,0,-529518020,624483000,94965000,628536000
2023-12-31,yearly,679847000,2103182000,,,-416497980,-1006837000,,505861000,-682997000,,0,502711000,121772000,624483000,1185708000
2022-12-31,yearly,117347000,2018242000,,,-828370000,-1072525000,,439780000,-2036823000,,0,-1479696000,0,-1479696000,557127000
2021-12-31,yearly,503600000,1586723000,,,-502257000,-580866000,,-393601000,-713877000,,0,-603878000,2205346000,1601468000,109999000
2020-12-31,yearly,256343010,2121147000,,,-1006003970,-858800000,,-1533908000,3269197000,,0,1991632000,371683000,2363315000,-1277565000
2019-12-31,yearly,419220000,3215203000,,,-1781881000,-1014102000,,21386000,-1554534000,,0,-1113927900,1485611000,371683000,440606020
2018-12-31,yearly,1129440000,2766682000,,,-1531463000,-105779000,,-4789687000,4224530000,,0,564283000,921328000,1485611000,-3660247000
2017-12-31,yearly,1826404000,2936473000,,,-949320000,-160748990,,-1067811000,-777632000,,0,-19039000,940367000,921328000,758593000
2016-12-31,yearly,1820112000,2556288000,,,-548557000,-187619010,,-149327010,-725035000,,0,945750000,398232000,1343982000,1670785000
2015-12-31,yearly,911322000,2211852000,,,-1151418000,-149112000,,-419630020,-544224000,,0,-52532000,450764000,398232000,491692000
2014-12-31,yearly,1204899000,1592764000,,,-251403010,-136462000,,-219612000,-953455000,,0,31832000,418932000,450764000,985287000
2013-12-31,yearly,559596030,802494000,,,-169856000,-73042000,,-175286000,-180998000,,0,203312000,215620000,418932000,384310020
2012-12-31,yearly,314151000,423296000,,,-37121000,-72024000,,-831309000,581431000,,0,64273000,151347010,215620000,-517158020
2011-12-31,yearly,-2661000,133859000,,,-126662000,-9858000,,-692136000,819976000,,0,125179000,26168000,151347010,-694797000
2010-12-31,yearly,-67999000,36174000,,,-96512000,-7661000,,154584990,-77682000,,0,8904000,17264000,26168000,86586000
