endDate,type,operatingCashFlow,incomeFromOperations,netIncomeBeforeTaxes,adjustmentsToProfitOrLoss,changesInAssetsAndLiabilities,otherOperatingActivities,cashGeneratedInOperations,investmentCashFlow,financingCashFlow,exchangeVariationWithoutCash,foreignExchangeRateWithoutCash,increaseOrDecreaseInCash,initialCashBalance,finalCashBalance,freeCashFlow
2025-12-31,yearly,7162797000,13055906000,,,-2249102000,-3644007000,,-4399571000,-2507307000,,0,255919010,1973401000,2229320000,2763226000
2024-12-31,yearly,6788942000,12470994000,,,-620383000,-5061669000,,-5531381000,-3719346000,,0,-2461785000,4435186000,1973401000,1257561000
2023-12-31,yearly,8899917000,12761527000,,,333960000,-4195570000,,-4640793000,-3570096100,,0,689027970,3746158000,4435186000,4259124000
2022-12-31,yearly,8980126000,11853580000,,,300748000,-3174202000,,-6259031000,-1174889000,,0,1546206000,2199951900,3746158000,2721095000
2021-12-31,yearly,3861591000,8955773000,,,-2976860000,-2117322000,,-4206517000,-1373917000,,0,-1718843000,3918795000,2199951900,-344926020
2020-12-31,yearly,6361434000,7192272000,,,648547970,-1479386000,,-3123532000,-1256269000,,0,1981633000,1937163000,3918796000,3237902000
2019-12-31,yearly,5788532000,6978359000,,,906458000,-2096285000,,-3068691000,-2674135000,,0,45706000,1891457000,1937163000,2719841000
2018-12-31,yearly,856686000,5919953000,,,-2893526000,-2169741000,,-1850687000,-364185000,,0,-1358186000,3249643000,1891457000,-994001000
2017-12-31,yearly,2034023900,5506768000,,,-3472744000,0,,-2509321000,-2440057000,,0,-2915354000,6164997000,3249643000,-475297000
2016-12-31,yearly,4634026000,5015992000,,,-381966020,0,,-3815219000,-336612000,,0,482195000,5682802000,6164997000,818807000
2015-12-31,yearly,2557974000,4551471000,,,-1993497000,0,,-1524894000,292267000,,0,1325347000,4357455000,5682802000,1033080000
2014-12-31,yearly,1592573000,4462978000,,,-2870405000,0,,-933007000,-508533000,,0,151032990,4206422000,4357455000,659566000
2013-12-31,yearly,2517546000,4226977000,,,-1709431000,0,,-1694539000,948381000,,0,1771388000,2435034000,4206422000,823007000
2012-12-31,yearly,2144084000,4485779000,,,-2341695000,0,,-3368260000,1002233000,,0,-221943010,2699837000,2477894000,-1224176000
2011-12-31,yearly,2488652000,4294159900,,,-1805508000,0,,-2487531000,1135819000,,0,1136940000,1562897000,2699837000,1121000
2010-12-31,yearly,2029213000,3584715000,,,-1555502000,0,,-1801887000,-151674000,,0,75652000,1487243000,1562895000,227326000
