endDate,type,operatingCashFlow,incomeFromOperations,netIncomeBeforeTaxes,adjustmentsToProfitOrLoss,changesInAssetsAndLiabilities,otherOperatingActivities,cashGeneratedInOperations,investmentCashFlow,financingCashFlow,exchangeVariationWithoutCash,foreignExchangeRateWithoutCash,increaseOrDecreaseInCash,initialCashBalance,finalCashBalance,freeCashFlow
2025-12-31,yearly,3028446000,3883779000,,,1349117000,-2204450000,,-1759364000,-2300671000,,0,-1031589000,4161939000,3130350000,1269082000
2024-12-31,yearly,3393536000,4903214000,,,299502020,-1809180000,,-5739414000,803856000,,0,-1542022000,5634623000,4092601000,-2345878000
2023-12-31,yearly,3518476000,4775315000,,,585388030,-1842227000,,-3135091000,2696572000,,0,3079957000,2678457000,5758414000,383385000
2022-12-31,yearly,3902649000,3442439000,,,1883234000,-1423024000,,-2774996000,-1922041000,,0,-794387970,3472845000,2678457000,1127653000
2021-12-31,yearly,3386831900,1879180000,,,2675188000,-1167536000,,31908000,-2884427000,,0,534313000,3222768100,3757081000,3418740000
2020-12-31,yearly,3940844000,3577975000,,,1405351900,-1042483000,,-1667571000,-1715113000,,0,558160000,2941727000,3499887000,2273273000
2019-12-31,yearly,2945006000,4479534000,,,75908000,-1610436000,,-1663651000,-288037000,,0,993318000,1948409000,2941727000,1281355000
2018-12-31,yearly,1770971000,2648146000,,,381473980,-1258649000,,-2149153000,1286516000,,0,908334000,1040075000,1948409000,-378182020
2017-12-31,yearly,989206000,2185496000,,,293645000,-1489935000,,-1581173000,649969000,,0,58002000,982073000,1040075000,-591967000
2016-12-31,yearly,1476818000,4159878000,,,-913177000,-1769883000,,-2511075000,535603000,,0,-498654020,1480727000,982073000,-1034257000
2015-12-31,yearly,1320728100,2406363000,,,-1085635000,0,,-1951618000,1371486000,,0,740595970,740131000,1480727000,-630890000
2014-12-31,yearly,1091372000,3130341000,,,-2038969000,0,,-2562676000,469803000,,0,-1001501000,1741632000,740131000,-1471303900
2013-12-31,yearly,1337611000,2532976100,,,-1195365000,0,,-1864114000,808918000,,0,282415000,1459217000,1741632000,-526503000
2012-12-31,yearly,1395216000,1952223000,,,-557007000,0,,-1780354000,819150000,,0,434012000,1049125000,1483137000,-385137980
2011-12-31,yearly,1147896100,2404509000,,,-1256613000,0,,-1629054000,-264132990,,0,-745291000,1794416000,1049125000,-481158020
2010-12-31,yearly,1247742000,2041090000,,,-793347970,0,,-1131838000,159988990,,0,275893000,1518523000,1794416000,115904000
