endDate,type,operatingCashFlow,incomeFromOperations,netIncomeBeforeTaxes,adjustmentsToProfitOrLoss,changesInAssetsAndLiabilities,otherOperatingActivities,cashGeneratedInOperations,investmentCashFlow,financingCashFlow,exchangeVariationWithoutCash,foreignExchangeRateWithoutCash,increaseOrDecreaseInCash,initialCashBalance,finalCashBalance,freeCashFlow
2025-12-31,yearly,13026784000,16270189000,,,-3243405000,0,,-76072000,-2351940000,,-258631010,10340141000,16903542000,27243684000,12950712000
2024-12-31,yearly,13081286000,15734938000,,,-2653652000,0,,-4488257000,-6605868000,,257900000,2245061000,14658481000,16903542000,8593029000
2023-12-31,yearly,10276444000,12727039000,,,-2450595000,0,,-4303092000,-4516583000,,-100004000,1356765000,13301716000,14658481000,5973352000
2022-12-31,yearly,9972232000,10680428000,,,-708195970,0,,-20609423000,8169118000,,-404341000,-2872414000,16174130000,13301716000,-10637191000
2021-12-31,yearly,5221982000,6480083000,,,-1258101000,0,,5005204000,1049226000,,283665000,11560077000,4614053000,16174130000,10227186000
2020-12-31,yearly,2142815000,3208442000,,,-1065627000,0,,-2340738000,-1537196000,,272528000,-1462591000,6076644000,4614053000,-197923010
2019-12-31,yearly,2807999000,2846051000,,,-38052000,0,,686154000,-148224990,,33769000,3379697000,2696947000,6076644000,3494153000
2018-12-31,yearly,2693814000,1732596000,,,961218000,0,,-88018000,-3147327000,,88150000,-453381000,3150328000,2696947000,2605796000
2017-12-31,yearly,1792909000,1974070000,,,-181160990,0,,205056990,-2849309000,,10741000,-840602000,3990930000,3150328000,1997966000
2016-12-31,yearly,2235238000,2338103000,,,-102865000,0,,1171617000,-2512676000,,-32779000,861400000,3129530000,3990930000,3406855000
2015-12-31,yearly,1863183000,1800233000,,,62950000,0,,79870000,-407087000,,53372000,1589338000,1540192000,3129530000,1943053000
2014-12-31,yearly,1000248000,1488892000,,,-488644000,0,,-54850000,-881240000,,1481000,65639000,1474553000,1540192000,945398000
2013-12-31,yearly,1151222000,1581006000,,,-429784000,0,,-523080000,-692342000,,0,-64200000,1538753000,1474553000,628142000
2013-03-31,yearly,2350102000,3121421000,,,-771319000,0,,-4803540000,3325129000,,0,871691000,1616169000,2487860000,-2453438000
2012-03-31,yearly,1961456000,2104805000,,,-143348990,0,,-2242775000,643418000,,0,362099000,1254070000,1616169000,-281319000
2011-03-31,yearly,2337098000,2295143000,,,41955000,0,,-3145732000,984338000,,0,175704000,1078366000,1254070000,-808634000
