endDate,type,operatingCashFlow,incomeFromOperations,netIncomeBeforeTaxes,adjustmentsToProfitOrLoss,changesInAssetsAndLiabilities,otherOperatingActivities,cashGeneratedInOperations,investmentCashFlow,financingCashFlow,exchangeVariationWithoutCash,foreignExchangeRateWithoutCash,increaseOrDecreaseInCash,initialCashBalance,finalCashBalance,freeCashFlow
2025-12-31,yearly,2331554000,2996340000,,,360041000,-1024827000,,-2815771000,345789000,,0,-138428000,642082000,503654020,-484217000
2024-12-31,yearly,2050527000,2830937000,,,120543000,-900953000,,-2270202000,-169668000,,0,-389343000,1031425000,642082000,-219675010
2023-12-31,yearly,1734308000,2482466000,,,37127000,-785285000,,-1566556000,-258626000,,0,-90874000,1122299000,1031425000,167752000
2022-12-31,yearly,1117315000,2088028000,,,-409593980,-561119000,,-1238749000,-65988000,,0,-187422000,1309721000,1122299000,-121434000
2021-12-31,yearly,1674905000,1888439000,,,312279000,-525813000,,-901896000,-268907000,,0,504102020,805619000,1309721000,773009000
2020-12-31,yearly,1739882000,2108306000,,,182195010,-550619000,,-678147000,-780263000,,0,281472000,524147000,805619000,1061735000
2019-12-31,yearly,1239933000,1730291000,,,86133000,-576491000,,-611345000,-417812000,,0,210776000,313371000,524147000,628588030
2018-12-31,yearly,913464000,1531292000,,,-617827970,0,,-892622000,-128329000,,0,-107487000,420857980,313371000,20842000
2017-12-31,yearly,1014711000,1625004000,,,-610293000,0,,-603277000,-629319000,,0,-217884990,638743000,420857980,411433980
2016-12-31,yearly,780435970,1506018000,,,-725582000,0,,-514081000,-209466000,,0,56889000,581854000,638743000,266355010
2015-12-31,yearly,733481000,1088007900,,,-354527000,0,,-450973000,-31693000,,0,250815010,331039000,581854000,282508000
2014-12-31,yearly,841913000,1159055000,,,-317142020,0,,-863646000,90834000,,0,69101000,261938000,331039000,-21733000
2013-12-31,yearly,664649000,1136931000,,,-472281980,0,,-796828030,-103584000,,0,-235763010,497701000,261938000,-132179000
2012-12-31,yearly,961154000,1074289000,,,-113135000,0,,-577107000,-128717000,,0,255330000,242371010,497701000,384047000
2011-12-31,yearly,759266000,1034147970,,,-274881980,0,,-810570000,216022000,,0,164718000,77652000,242370000,-51304000
2010-12-31,yearly,1054403000,953711000,,,100692000,0,,-933195000,-301407000,,0,-180199010,257851010,77652000,121208000
