endDate,type,operatingCashFlow,incomeFromOperations,netIncomeBeforeTaxes,adjustmentsToProfitOrLoss,changesInAssetsAndLiabilities,otherOperatingActivities,cashGeneratedInOperations,investmentCashFlow,financingCashFlow,exchangeVariationWithoutCash,foreignExchangeRateWithoutCash,increaseOrDecreaseInCash,initialCashBalance,finalCashBalance,freeCashFlow
2025-12-31,yearly,-973179000,4830076000,,,-5803255000,0,,-6123369000,-1776251000,,-16376000,-8889175000,23310197000,14421022000,-7096548000
2024-12-31,yearly,8650505000,8289410000,,,361095000,0,,-1119735000,-103832000,,-162959010,7263979000,16046218000,23310197000,7530770000
2023-12-31,yearly,7292608000,6994314000,,,298294020,0,,-4589126000,1323583000,,27797000,4054862000,11991356000,16046218000,2703482000
2022-12-31,yearly,2042793000,7948386000,,,-5905593000,0,,-11454532000,4747026000,,9589000,-4655124000,16646480000,11991356000,-9411739000
2021-12-31,yearly,14793263000,16431213000,,,-1637950000,0,,447928000,-8529859000,,-9438000,6701894000,9944586000,16646480000,15241191000
2020-12-31,yearly,9576874000,7504197000,,,2072677000,0,,-1863655000,1185072000,,-42660000,8855631000,1088955000,9944586000,7713219000
2019-12-31,yearly,4871879000,3714351000,,,1157528100,0,,-2236367000,-3788864000,,-5697000,-1159049000,2248004000,1088955000,2635512000
2018-12-31,yearly,2208105000,3583993000,,,-1375888000,0,,-98459000,-3257186000,,-16028000,-1163568000,3411572000,2248004000,2109646000
2017-12-31,yearly,571851000,3338379000,,,-2766528000,0,,-1049224000,-993755000,,11538000,-1459590000,4871162000,3411572000,-477373000
2016-12-31,yearly,275918020,2291521000,,,-2015603000,0,,-2305167900,-883011970,,-77628000,-2989890000,7861052000,4871162000,-2029250000
2015-12-31,yearly,5069163000,4828950000,,,240212990,0,,-2864993000,-3090767900,,61629000,-824969000,8686021000,7861052000,2204170000
2014-12-31,yearly,1188385000,4368382000,,,-3179997000,0,,-1657743000,-896015000,,55722000,-1309651000,9995672000,8686021000,-469358020
2013-12-31,yearly,2198079000,4147256000,,,-1949177000,0,,-2245806000,-1881419000,,32997000,-1896149000,11891821000,9995672000,-47727000
2012-12-31,yearly,3487500000,5246849000,,,-1759349000,0,,-3539653000,-748879000,,-171486000,-972518000,15417393000,14444875000,-52153000
2011-12-31,yearly,4201780000,6461926000,,,-2260146000,0,,-5275011000,4740715000,,1510631000,5178115000,10239278000,15417393000,-1073231000
2010-12-31,yearly,2482535000,5340886000,,,-2858351000,0,,-4635797000,4650582000,,-228832990,2268487000,7970791000,10239278000,-2153262000
