endDate,type,operatingCashFlow,incomeFromOperations,netIncomeBeforeTaxes,adjustmentsToProfitOrLoss,changesInAssetsAndLiabilities,otherOperatingActivities,cashGeneratedInOperations,investmentCashFlow,financingCashFlow,exchangeVariationWithoutCash,foreignExchangeRateWithoutCash,increaseOrDecreaseInCash,initialCashBalance,finalCashBalance,freeCashFlow
2025-12-31,yearly,351411000,445261000,,,-93850000,0,,-121775000,-321699000,,-21443000,-113506000,400233000,286727000,229636000
2024-12-31,yearly,382454020,368103000,,,14351000,0,,-86643000,-410224000,,31816000,-82597000,482830020,400233000,295811000
2023-12-31,yearly,-570479000,320033000,,,-890512000,0,,-88867000,461621000,,-6990000,-204715010,687545000,482830020,-659346000
2022-12-31,yearly,118325000,131631000,,,-13306000,0,,-244783010,29104000,,-10940000,-108294000,795839000,687545000,-126458000
2021-12-31,yearly,-104441000,-284333000,,,179892000,0,,-133634000,110586000,,12499000,-114990000,910829000,795839000,-238075010
2020-12-31,yearly,848619000,-558623000,,,1407242000,0,,-115629000,-226980000,,39095000,545105000,365724000,910829000,732990000
2019-12-31,yearly,260696990,408849980,,,-148152990,0,,-356033000,117851000,,-1288000,21227000,344497000,365724000,-95336000
2018-12-31,yearly,-48044000,704817000,,,-752861000,0,,-199408000,251064990,,10541000,14154000,332020000,346174020,-247452000
2017-12-31,yearly,50570000,421537000,,,-370967000,0,,-124309000,339263000,,10966000,276489980,55530000,332020000,-73739000
2016-12-31,yearly,160036990,407948000,,,-247911010,0,,-93182000,-48178000,,-11824000,6853000,48677000,55530000,66855000
2015-12-31,yearly,163836990,362575000,,,-198738000,0,,-113551000,-51009000,,-1099000,-1822000,50499000,48677000,50286000
2014-12-31,yearly,222079010,266152990,,,-44074000,0,,-43073000,-177456990,,4290000,5839000,44660000,50499000,179006000
