endDate,type,operatingCashFlow,incomeFromOperations,netIncomeBeforeTaxes,adjustmentsToProfitOrLoss,changesInAssetsAndLiabilities,otherOperatingActivities,cashGeneratedInOperations,investmentCashFlow,financingCashFlow,exchangeVariationWithoutCash,foreignExchangeRateWithoutCash,increaseOrDecreaseInCash,initialCashBalance,finalCashBalance,freeCashFlow
2025-12-31,yearly,-358387000,2547252000,,,-1977770000,-927869000,,-394345000,947557000,,0,194824990,531729000,726554000,-752732030
2024-12-31,yearly,63449000,2384903000,,,-1575803000,-745651000,,-84877000,311365000,,0,289937000,241792000,531729000,-21428000
2023-12-31,yearly,-615686000,1386262000,,,-1308610000,-693338000,,577189000,151276000,,0,112779000,129013000,241792000,-38497000
2022-12-31,yearly,-402798020,1076001000,,,-1012393000,-466406020,,-757644030,1083511000,,0,-76931000,205944000,129013000,-1160442000
2021-12-31,yearly,-396758020,1104988000,,,-1290516000,-211230000,,-471955000,874574000,,0,5861000,200083010,205944000,-868713000
2020-12-31,yearly,2129879000,2027133000,,,400143000,-297397000,,-1569839000,-572394000,,0,-12354000,212436990,200083010,560040000
2019-12-31,yearly,689361000,581103000,,,262319010,-154060990,,79981000,-730735000,,0,38607000,173830000,212436990,769342000
2018-12-31,yearly,864384000,-81327000,,,1195551000,-249840000,,-151314000,-734870000,,0,-21800000,195630000,173830000,713070000
2017-12-31,yearly,579420030,103055000,,,867202000,-390837000,,283379000,-1180926000,,0,-318127000,513757000,195630000,862799000
2016-12-31,yearly,6233000,684137000,,,-222784990,-455119000,,280534020,-601522000,,0,-314755000,828512000,513757000,286767000
2015-12-31,yearly,648988030,923425000,,,215782000,-490219000,,-322990020,-416646020,,0,-90648000,919160000,828512000,325998020
2014-12-31,yearly,1036089000,1435980000,,,77942000,-477833000,,-419750020,-1027315000,,0,-410976000,1330136100,919160000,616339000
2013-12-31,yearly,267471010,1421290000,,,-735961000,-417857980,,109042000,-203796000,,0,172716990,1157419000,1330136100,376513000
2012-12-31,yearly,754190000,1596455000,,,-308713980,-533551000,,929097000,-704289000,,0,978998000,265494000,1244492000,1683287000
2011-12-31,yearly,-154286000,1106623000,,,-1187408000,-73501000,,-186319010,363543000,,0,22938000,242556000,265494000,-340605000
2010-12-31,yearly,-243663010,1092218000,,,-1252615900,-83265000,,-276708000,549741000,,0,29370000,213186000,242556000,-520371000
