endDate,type,operatingCashFlow,incomeFromOperations,netIncomeBeforeTaxes,adjustmentsToProfitOrLoss,changesInAssetsAndLiabilities,otherOperatingActivities,cashGeneratedInOperations,investmentCashFlow,financingCashFlow,exchangeVariationWithoutCash,foreignExchangeRateWithoutCash,increaseOrDecreaseInCash,initialCashBalance,finalCashBalance,freeCashFlow
2025-12-31,yearly,398423000,1436907000,,,-987271000,-51213000,,-92478000,101344000,,0,407289000,792054000,1199343000,305945000
2024-12-31,yearly,76254000,872694000,,,-745701000,-50739000,,-92583000,174404990,,0,158076000,633978000,792054000,-16329000
2023-12-31,yearly,-171010000,494580000,,,-618121000,-47469000,,-38873000,110737000,,0,-99146000,733123970,633978000,-209883010
2022-12-31,yearly,220356990,393629000,,,-135944000,-37328000,,-49134000,-162052990,,0,9170000,723954000,733123970,171223010
2021-12-31,yearly,103610000,399809000,,,-263232990,-32966000,,-100947000,-10278000,,0,-7615000,731569000,723954000,2663000
2020-12-31,yearly,285348000,283137000,,,32062000,-29851000,,-30684000,-56890000,,0,197774000,533795000,731569000,254664000
2019-12-31,yearly,240516990,225262000,,,45958000,-30703000,,-23732000,-398284000,,0,-181499010,715294000,533795000,216784990
2018-12-31,yearly,266942000,40902000,,,261124990,-35085000,,132257000,-96953000,,0,302246020,413048000,715294000,399199000
2017-12-31,yearly,38593000,26351000,,,32369000,-20127000,,53469000,-111749000,,0,-19687000,432735000,413048000,92062000
2016-12-31,yearly,125916000,174738000,,,-25570000,-23252000,,-61965000,-67840000,,0,-3889000,436624000,432735000,63951000
2015-12-31,yearly,196772000,317478020,,,-95214000,-25492000,,-55929000,-340329000,,0,-199486000,636110000,436624000,140843010
2014-12-31,yearly,320671000,320262020,,,28589000,-28180000,,332000,-174668990,,0,146334000,489776000,636110000,321003000
2013-12-31,yearly,287275000,292579000,,,15931000,-21235000,,-34730000,-137348990,,0,115196000,374580000,489776000,252544990
2012-12-31,yearly,-83421000,270777000,,,-333311000,-20887000,,-97873000,191744990,,0,10451000,351112000,361563000,-181294000
2011-12-31,yearly,-201780990,208952990,,,-385636000,-25098000,,-19576000,381617980,,0,160260990,190851010,351112000,-221356990
2010-12-31,yearly,-257584990,239027010,,,-496612000,0,,-25665000,160220990,,0,-123029000,313881000,190852000,-283249980
