endDate,type,operatingCashFlow,incomeFromOperations,netIncomeBeforeTaxes,adjustmentsToProfitOrLoss,changesInAssetsAndLiabilities,otherOperatingActivities,cashGeneratedInOperations,investmentCashFlow,financingCashFlow,exchangeVariationWithoutCash,foreignExchangeRateWithoutCash,increaseOrDecreaseInCash,initialCashBalance,finalCashBalance,freeCashFlow
2025-12-31,yearly,4808677000,6174784000,,,-1366107000,0,,-8948965000,2988883000,,0,-1151405000,2337602000,1186197000,-4140288000
2024-12-31,yearly,3935501000,5284097000,,,-1348596000,0,,-4564701000,-557439000,,0,-1186639000,3524241000,2337602000,-629200000
2023-12-31,yearly,3551004000,4303620000,,,-752616000,0,,-5817695000,4411473000,,0,2144782000,1379459000,3524241000,-2266691000
2022-12-31,yearly,1885829000,2579626000,,,-693797000,0,,-2604681000,28040000,,0,-690812030,2070271000,1379459000,-718851970
2021-12-31,yearly,1873082000,2572633000,,,-699551000,0,,-3468200000,2323170000,,0,728051970,1342219000,2070271000,-1595118000
2020-12-31,yearly,1471177000,2177495000,,,-706318000,0,,-1052048000,-933158000,,0,-514029000,1856248100,1342219000,419129000
2019-12-31,yearly,1403711000,2244599000,,,-840888000,0,,-1643883000,-554069000,,0,-794241000,2650489000,1856248100,-240172000
2018-12-31,yearly,1343746000,1852288000,,,-508542020,0,,-807779000,506543000,,0,1042510000,1607979000,2650489000,535967000
2017-12-31,yearly,1285785000,1798995000,,,-513209980,0,,-590619000,323309000,,0,1018475000,589504000,1607979000,695166000
2016-12-31,yearly,1100030000,1502876000,,,-402846020,0,,-491119000,-792310000,,0,-183399010,772903000,589504000,608911000
2015-12-31,yearly,1161024000,1292988000,,,-131964000,0,,-758914000,-234322000,,0,167788000,605115000,772903000,402110020
2014-12-31,yearly,1253485000,1431801000,,,-178316000,0,,-938158000,-781255000,,0,-465928000,1071043000,605115000,315327000
2013-12-31,yearly,1032947000,1037513000,,,-4566000,0,,-577713000,-163172000,,0,292062020,778981000,1071043000,455233980
2012-12-31,yearly,698375000,1290662000,,,-592287000,0,,-1084011000,728001000,,0,342365000,604551000,946915970,-385636000
2011-12-31,yearly,620795000,1150585000,,,-529790020,0,,-310133000,-578765000,,0,-268103010,872654000,604551000,310662020
2010-12-31,yearly,549177000,1015890000,,,-466713000,0,,-353599000,287552000,,0,483129980,389524000,872654000,195578000
