endDate,type,operatingCashFlow,incomeFromOperations,netIncomeBeforeTaxes,adjustmentsToProfitOrLoss,changesInAssetsAndLiabilities,otherOperatingActivities,cashGeneratedInOperations,investmentCashFlow,financingCashFlow,exchangeVariationWithoutCash,foreignExchangeRateWithoutCash,increaseOrDecreaseInCash,initialCashBalance,finalCashBalance,freeCashFlow
2025-12-31,yearly,3345511000,4617157000,,,986167000,-2257813000,,-3679998000,-265719010,,0,-600206000,3958758000,3358552000,-334487000
2024-12-31,yearly,4154242000,5207967000,,,1331764000,-2385489000,,-5910504000,459253000,,0,-1297009000,5255767000,3958758000,-1756262000
2023-12-31,yearly,4585942000,5198355000,,,869168000,-1481581000,,-2042414000,476352000,,0,3019880000,2235887000,5255767000,2543528000
2022-12-31,yearly,3337493000,4725226000,,,166170000,-1553903000,,-1784437000,-4473575000,,0,-2920519000,5156406000,2235887000,1553056000
2021-12-31,yearly,1989161000,3930417000,,,-735934000,-1205322000,,-339053000,-1033475970,,0,617459970,4538946000,5156406000,1650108000
2020-12-31,yearly,1342251000,4699848000,,,-2461622000,-895975000,,-996938000,323372000,,0,668685000,3870261000,4538946000,345313000
2019-12-31,yearly,3621266000,4768427000,,,-78821000,-1068339970,,-4229792000,2062995000,,0,1454469000,2415792100,3870261000,-608526000
2018-12-31,yearly,3146706000,4062737000,,,-916031000,0,,-3212655000,551671000,,0,485721980,1930070000,2415792100,-65949000
2017-12-31,yearly,331801980,3325447000,,,-2993645000,0,,-2808980000,2591908000,,0,114730000,1815340000,1930070000,-2477178000
2016-12-31,yearly,2524794000,3495857000,,,-971063000,0,,-1272113000,-1834195000,,0,-581514000,2396854000,1815340000,1252681000
2015-12-31,yearly,2578612000,3398289000,,,-819677000,0,,-778931000,-1007558000,,0,792123000,1604731000,2396854000,1799681000
2014-12-31,yearly,1676903000,2987706000,,,-1310803000,0,,-588220030,-708227970,,0,380455000,1224276000,1604731000,1088683000
2013-12-31,yearly,2315937000,3125739000,,,-809802000,0,,-558903000,-1712734000,,0,44300000,1179975900,1224276000,1757034000
2012-12-31,yearly,2359306000,3187318000,,,-828012030,0,,-334988000,-1626150000,,0,398168000,781808000,1179975900,2024318000
2011-12-31,yearly,2053674000,2899101000,,,-845427000,0,,-361078020,-1993368100,,0,-300772000,1082580000,781808000,1692596000
2010-12-31,yearly,1680481000,1807591900,,,-127111000,0,,-1094891000,-757650000,,0,-172060000,1254640000,1082580000,585590000
