endDate,type,operatingCashFlow,incomeFromOperations,netIncomeBeforeTaxes,adjustmentsToProfitOrLoss,changesInAssetsAndLiabilities,otherOperatingActivities,cashGeneratedInOperations,investmentCashFlow,financingCashFlow,exchangeVariationWithoutCash,foreignExchangeRateWithoutCash,increaseOrDecreaseInCash,initialCashBalance,finalCashBalance,freeCashFlow
2025-12-31,yearly,4483900000,3878680000,,,605219970,0,,-2582411000,787541000,,-1638935000,1050095000,9678721000,10728816000,1901489000
2024-12-31,yearly,5532441000,5819306000,,,-286865000,0,,-3214108000,-1911350000,,1398210000,1805193000,7873528000,9678721000,2318333000
2023-12-31,yearly,2827132000,2310190000,,,516942020,0,,-2249964000,-1723124000,,-453811000,-1599767000,9473295000,7873528000,577168000
2022-12-31,yearly,3840872000,1972759000,,,1868113000,0,,-594629000,-3374198000,,-659214000,-787169000,10260464000,9473295000,3246243000
2021-12-31,yearly,2853204000,368243000,,,2484961000,0,,-790111000,-2379941000,,791170000,474321980,9786142000,10260464000,2063093000
2020-12-31,yearly,-6512364000,-781840000,,,-5730524000,0,,-943297000,5241843000,,2698318000,484500000,9301642000,9786142000,-7455661000
2019-12-31,yearly,3749394000,48696000,,,3700698000,0,,1588652000,-1026415000,,26970000,4338601000,4963041000,9301642000,5338046000
2018-12-31,yearly,4012758000,604811000,,,3407947000,0,,-1915381000,-1885826000,,547771000,759322000,4203719000,4963041000,2097377000
2017-12-31,yearly,2505920000,2063552000,,,442368000,0,,-3478510000,1103954000,,26170000,157534000,4046185000,4203719000,-972590000
2016-12-31,yearly,-309017980,1670703000,,,-1979721000,0,,-3382188000,14651000,,-733031000,-4409586000,8455771000,4046185000,-3691206000
2015-12-31,yearly,3632763000,1800034000,,,1832729000,0,,-5157132000,3887158000,,1542782000,3905571000,4550200000,8455771000,-1524369000
2014-12-31,yearly,1275434000,1816532000,,,-541098000,0,,-1589877000,788749000,,131571000,605877000,3944323000,4550200000,-314443000
2013-12-31,yearly,1354603000,1929639900,,,-575037000,0,,-1687481000,336071000,,268920000,272113000,3672210000,3944323000,-332878020
2012-12-31,yearly,1590416000,1541369000,,,-86514000,135560990,,-1189879000,747525000,,0,1148062000,2532671000,3680733000,400537000
2011-12-31,yearly,1145446000,753026000,,,106119000,286301000,,-1001983000,68009000,,0,211472000,2321199000,2532671000,143463010
2010-12-31,yearly,1465035000,1169010000,,,332532000,-36507000,,-505411000,-1411043000,,0,-451419000,2772618000,2321199000,959624000
