endDate,type,operatingCashFlow,incomeFromOperations,netIncomeBeforeTaxes,adjustmentsToProfitOrLoss,changesInAssetsAndLiabilities,otherOperatingActivities,cashGeneratedInOperations,investmentCashFlow,financingCashFlow,exchangeVariationWithoutCash,foreignExchangeRateWithoutCash,increaseOrDecreaseInCash,initialCashBalance,finalCashBalance,freeCashFlow
2025-12-31,yearly,5135586000,5820626000,,,-427324000,-257716000,,-5077839000,-1103690000,,0,-1045943000,3194255000,2148312000,57747000
2024-12-31,yearly,4155634000,5004418000,,,-701139000,-147644990,,-3405202000,101762000,,0,852194000,2342061000,3194255000,750432000
2023-12-31,yearly,2790182000,3699048000,,,-691783000,-217083010,,-1730000000,-9416000,,0,1050766000,1291295000,2342061000,1060182000
2022-12-31,yearly,1268090000,1742015000,,,-398741000,-75184000,,-9089333000,8120248000,,0,299005000,992290000,1291295000,-7821243000
2021-12-31,yearly,1232792100,2098665000,,,-770877000,-94996000,,-1245682000,-379753000,,0,-392643000,1384933000,992290000,-12890000
2020-12-31,yearly,1245953000,1518135000,,,-226792990,-45389000,,-2266266000,887663000,,0,-132650000,1517583000,1384933000,-1020313000
2019-12-31,yearly,1366246000,1413803000,,,-15633000,-31924000,,-848221000,-152708000,,0,365317000,1152266000,1517583000,518025000
2018-12-31,yearly,1527405000,1433958000,,,154580990,-61134000,,-704307000,-437716000,,0,385382020,766883970,1152266000,823098000
2017-12-31,yearly,1009715000,1198445000,,,-128383000,-60347000,,-383265980,-353561980,,0,272887000,493997000,766883970,626449000
2016-12-31,yearly,664977000,867784000,,,76063000,-278870020,,-228167010,-190228000,,0,246582000,247415010,493997000,436809980
2015-12-31,yearly,146664000,414517000,,,-284271000,16418000,,-43185000,-13382000,,0,90097000,157318000,247415010,103479000
2014-12-31,yearly,590533000,858028030,,,44210000,-311705000,,-694571000,-16227000,,0,-120265000,277583000,157318000,-104038000
2013-12-31,yearly,-510869000,-205894000,,,-304975000,0,,-1572611000,1841786000,,0,-241694000,519277000,277583000,-2083480100
2012-12-31,yearly,-586175000,-337179000,,,-248996000,0,,-1959853000,1694082000,,0,-851946000,1442415000,590469000,-2546028000
2011-12-31,yearly,-239023010,-268481980,,,-54184000,83643000,,-1973877000,3350848000,,0,1137948000,304467000,1442415000,-2212900000
2010-12-31,yearly,-319411000,-30409000,,,-293360000,4358000,,-1855333000,935004030,,661000,-1239079000,1543546000,304467000,-2174744000
