endDate,type,operatingCashFlow,incomeFromOperations,netIncomeBeforeTaxes,adjustmentsToProfitOrLoss,changesInAssetsAndLiabilities,otherOperatingActivities,cashGeneratedInOperations,investmentCashFlow,financingCashFlow,exchangeVariationWithoutCash,foreignExchangeRateWithoutCash,increaseOrDecreaseInCash,initialCashBalance,finalCashBalance,freeCashFlow
2025-12-31,yearly,6065954000,8555800000,,,-2489846000,0,,-6198303000,619215000,,0,486865980,899139000,1386005000,-132349000
2024-12-31,yearly,7218141000,7410523000,,,-192382000,0,,-7787530000,170104000,,0,-399285000,1298424100,899139000,-569389000
2023-12-31,yearly,6682422000,6777091000,,,-94669000,0,,-6521501000,221296000,,0,382217000,916207000,1298424100,160920990
2022-12-31,yearly,5685800000,5936232000,,,-250432000,0,,-5094117000,-448981000,,0,142702000,773505000,916207000,591683000
2021-12-31,yearly,881740030,5184201000,,,-4302461000,0,,-2793622000,1623285000,,0,-288597000,1062102000,773505000,-1911882000
2020-12-31,yearly,4806513000,4243973000,,,562540030,0,,-5374480000,966966000,,0,398999000,663103000,1062102000,-567967000
2019-12-31,yearly,2582319000,3334056000,,,-751737000,0,,-1396810000,-1229144100,,0,-43635000,706738000,663103000,1185509000
2018-12-31,yearly,-968278000,2754913000,,,-3723191000,0,,-3231188000,3984723000,,0,-214743010,921481000,706738000,-4199466000
2017-12-31,yearly,1249281000,2154222000,,,-904941000,0,,-980821000,-144179010,,0,124281000,797200000,921481000,268460000
2016-12-31,yearly,1765051000,1782540000,,,-17489000,0,,-2128233000,76755000,,0,-286427000,1083627000,797200000,-363182020
2015-12-31,yearly,1058652030,1399079900,,,-340428000,0,,799481000,-1350578000,,0,507555000,576072000,1083627000,1858133000
2014-12-31,yearly,739546000,1088741000,,,-349195000,0,,-1112534000,696875000,,0,323887000,252184990,576072000,-372988000
2013-12-31,yearly,698171000,678803000,,,19368000,0,,-447924000,-211244000,,0,39003000,213171010,252174000,250247010
