endDate,type,operatingCashFlow,incomeFromOperations,netIncomeBeforeTaxes,adjustmentsToProfitOrLoss,changesInAssetsAndLiabilities,otherOperatingActivities,cashGeneratedInOperations,investmentCashFlow,financingCashFlow,exchangeVariationWithoutCash,foreignExchangeRateWithoutCash,increaseOrDecreaseInCash,initialCashBalance,finalCashBalance,freeCashFlow
2025-12-31,yearly,3973867000,8934261000,,,-816780030,-4143614000,,-2865070000,-1755334000,,0,-646537000,3306364000,2659827000,1108797000
2024-12-31,yearly,4251208000,8298061000,,,-665192000,-3381661000,,-14190999000,8633907000,,0,-1305884000,4612248000,3306364000,-9939791000
2023-12-31,yearly,3139179000,8407226000,,,-773709000,-4494338000,,-7492329000,5799036000,,0,1445886000,3166362000,4612248000,-4353150000
2022-12-31,yearly,3467507000,5145042000,,,555350000,-2232885000,,-8738771000,5441037000,,0,169772990,2996589000,3166362000,-5271264300
2021-12-31,yearly,1304261000,1004055000,,,1147981000,-847775000,,-4740537000,4213319000,,0,777043000,2219546000,2996589000,-3436276000
2020-12-31,yearly,3480740000,4143015000,,,407484000,-1069759000,,-2438112000,-608285000,,0,434343000,1785203000,2219546000,1042627970
2019-12-31,yearly,-651155000,4074869000,,,-3921402000,-804622000,,-5769955000,3462323000,,0,-2958787000,4743990000,1785203000,-6421110000
2018-12-31,yearly,1839009000,3013602000,,,-525687000,-648906000,,-2384019000,1116526000,,0,571516030,4172474000,4743990000,-545010000
2017-12-31,yearly,1057111000,2180188000,,,-521435000,-601642000,,628673000,1565906000,,0,3251690000,920784000,4172474000,1685784100
2016-12-31,yearly,867699000,1921303000,,,-715520000,-338084000,,-944426000,599645000,,0,522918020,397865980,920784000,-76727000
2015-12-31,yearly,1197712000,2334850000,,,-905817000,-231320990,,-963587000,-116357000,,0,117768000,280097980,397865980,234124990
2014-12-31,yearly,-374076000,740282000,,,-842194000,-272164000,,-656201000,959490000,,0,-70787000,350885000,280097980,-1030277000
2013-12-31,yearly,-42626000,644875000,,,-646619000,-40882000,,219902000,40508000,,0,217784000,133101000,350885000,177276000
2012-12-31,yearly,-199284000,642623000,,,-673293000,-168614000,,-1528533000,1620308000,,0,-107509000,242655010,135146000,-1727817000
2011-12-31,yearly,311561000,604208000,,,-153564990,-139082000,,-443297000,-175686000,,0,-307422020,550077000,242655010,-131736000
2010-12-31,yearly,257404000,664946000,,,-176754000,-230788000,,-201283010,53449000,,0,109570000,440507000,550077000,56121000
