endDate,type,operatingCashFlow,incomeFromOperations,netIncomeBeforeTaxes,adjustmentsToProfitOrLoss,changesInAssetsAndLiabilities,otherOperatingActivities,cashGeneratedInOperations,investmentCashFlow,financingCashFlow,exchangeVariationWithoutCash,foreignExchangeRateWithoutCash,increaseOrDecreaseInCash,initialCashBalance,finalCashBalance,freeCashFlow
2025-12-31,yearly,503785000,414344000,,,89441000,0,,-719602000,212914000,,0,-2903000,69477000,66574000,-215816990
2024-12-31,yearly,-28991000,293185980,,,-322177000,0,,30404000,-3932000,,0,-2519000,71996000,69477000,1413000
2023-12-31,yearly,-228599010,117886000,,,-346485000,0,,65178000,193528000,,0,30107000,41889000,71996000,-163420990
2022-12-31,yearly,-349661000,156822000,,,-506483000,0,,130836000,203214000,,0,-15611000,57500000,41889000,-218824990
2021-12-31,yearly,8992000,224600990,,,-215608990,0,,167583010,-191880990,,0,-15306000,77351000,62045000,176575010
2020-12-31,yearly,-59681000,215862000,,,-275543000,0,,149068000,-86919000,,0,2468000,74883000,77351000,89387000
2019-12-31,yearly,83760000,176760990,,,-93001000,0,,-885820030,847586000,,0,45526000,29357000,74883000,-802060030
2018-12-31,yearly,139639010,-17791000,,,157430000,0,,37392000,-218523010,,0,-41492000,70849000,29357000,177031010
2017-12-31,yearly,735306000,247063010,,,488243000,0,,-36032000,-732300030,,0,-33026000,103875000,70849000,699274000
2016-12-31,yearly,117762000,172632990,,,-54871000,0,,-97115000,4388000,,0,25035000,78840000,103875000,20647000
2015-12-31,yearly,74057000,307223000,,,-233166000,0,,-194632990,71005000,,0,-49571000,128411000,78840000,-120576000
2014-12-31,yearly,4646000,362921980,,,-358276000,0,,-1925000,62882000,,0,65603000,62808000,128411000,2721000
2013-12-31,yearly,23603000,490305000,,,-466702020,0,,-109671000,110406000,,0,24338000,38470000,62808000,-86068000
2012-12-31,yearly,-135546000,299433000,,,-434979000,0,,-42410000,1916000,,0,-176040000,228391010,52351000,-177956000
2011-12-31,yearly,109467000,328073000,,,-218606000,0,,-38205000,-6197000,,0,65065000,163326000,228391010,71262000
2010-12-31,yearly,113244000,248219010,,,-134975010,0,,-33049000,-45316000,,0,34879000,128447000,163326000,80195000
