endDate,type,operatingCashFlow,incomeFromOperations,netIncomeBeforeTaxes,adjustmentsToProfitOrLoss,changesInAssetsAndLiabilities,otherOperatingActivities,cashGeneratedInOperations,investmentCashFlow,financingCashFlow,exchangeVariationWithoutCash,foreignExchangeRateWithoutCash,increaseOrDecreaseInCash,initialCashBalance,finalCashBalance,freeCashFlow
2025-12-31,yearly,2133775000,2494230000,,,-284243000,-76212000,,-516132000,-1617659000,,0,-16000,21788000,21772000,1617643000
2024-12-31,yearly,1930488100,2234272000,,,-198692990,-105091000,,-2056630000,126010000,,0,-132000,21920000,21788000,-126142000
2023-12-31,yearly,1439303900,1906081000,,,-340296000,-126481000,,2413000,-1437053000,,0,4664000,17256000,21920000,1441717000
2022-12-31,yearly,987133000,1380124000,,,-203848990,-189142000,,-1384473000,380873980,,0,-16466000,33722000,17256000,-397340000
2021-12-31,yearly,1018669000,1168706000,,,-7299000,-142738000,,-591363000,-421768000,,0,5538000,28184000,33722000,427305980
2020-12-31,yearly,647141000,916594000,,,-127658000,-141795010,,-507180000,-120743000,,0,19218000,8966000,28184000,139960990
2019-12-31,yearly,732317000,983328000,,,-143951010,-107060000,,-542627000,-235955010,,0,-46265000,55231000,8966000,189690000
2018-12-31,yearly,701485000,799651970,,,-8109000,-90058000,,-805731970,-177876000,,0,-282123000,337353980,55231000,-104247000
2017-12-31,yearly,529607000,709370000,,,-144831010,-34932000,,-520956000,14869000,,0,23520000,313833980,337353980,8651000
2016-12-31,yearly,513870020,592786000,,,-27489000,-51427000,,-65953000,-648969000,,0,-201052000,514886020,313833980,447917000
2015-12-31,yearly,368921980,468455000,,,-75650000,-23883000,,-128385000,-121225000,,0,119312000,505273980,624586000,240536990
2014-12-31,yearly,285709000,354045000,,,-64426000,-3910000,,-120472000,-199906000,,0,-34669000,539943000,505273980,165236990
2013-12-31,yearly,209584990,357029000,,,-139774000,-7670000,,-164635010,314195000,,0,359145000,180798000,539943000,44950000
2012-12-31,yearly,167054000,407699000,,,-236352990,-4292000,,-371377000,-100885000,,0,-305208000,486006020,180798000,-204323010
2011-12-31,yearly,145960000,209464000,,,-88908000,25404000,,-644659970,441255000,,0,-57445000,543451000,486006020,-498700000
2010-12-31,yearly,112919000,179576990,,,-95526000,28868000,,-107983000,10687000,,0,15623000,527828000,543451000,4936000
