endDate,type,operatingCashFlow,incomeFromOperations,netIncomeBeforeTaxes,adjustmentsToProfitOrLoss,changesInAssetsAndLiabilities,otherOperatingActivities,cashGeneratedInOperations,investmentCashFlow,financingCashFlow,exchangeVariationWithoutCash,foreignExchangeRateWithoutCash,increaseOrDecreaseInCash,initialCashBalance,finalCashBalance,freeCashFlow
2025-12-31,yearly,7987454000,9590066000,,,1102183900,-2704796000,,-7573666000,-1716161000,,-536270020,-1838643000,7767813000,5929170000,413788000
2024-12-31,yearly,11381243000,9972686000,,,3884143000,-2475586000,,-5034350000,-2687204000,,1102479000,4762168000,3005645000,7767813000,6346893000
2023-12-31,yearly,11138710000,12296282000,,,1388653000,-2546225000,,-5772841000,-4125428000,,-710659000,529782020,2475863000,3005645000,5365869000
2022-12-31,yearly,11150338000,19829590000,,,-4266389000,-4412864000,,-4459684000,-8256287000,,-119158000,-1684791000,4160654000,2475863000,6690654000
2021-12-31,yearly,12516933000,22688150000,,,-6108481000,-4062735000,,-2996103000,-9982642000,,5262000,-456550020,4617204000,4160654000,9520830000
2020-12-31,yearly,6407906000,6764244000,,,1406403000,-1762741000,,-2229077000,-2493789000,,290512000,1975552000,2641652000,4617204000,4178829000
2019-12-31,yearly,1642791900,4782445000,,,-1939947000,-1199706000,,-1899451000,-9596000,,17763000,-248492000,2890144000,2641652000,-256659010
2018-12-31,yearly,1999683000,6022949000,,,-2562239000,-1461027000,,2383473000,-4256384000,,208034000,334806020,2555338000,2890144000,4383156000
2017-12-31,yearly,2076128000,3928951000,,,-396684000,-1456139000,,-535481000,-4056130000,,7438000,-2508045000,5063383000,2555338000,1540647000
2016-12-31,yearly,3516366000,4184095000,,,740467970,-1408197000,,-1069241000,-2337832000,,-693990000,-584697000,5648080000,5063383000,2447125000
2015-12-31,yearly,7162318000,5072814000,,,3672939000,-1583435000,,-2421657000,-2841842000,,699290000,2598109000,3049971000,5648080000,4740661000
2014-12-31,yearly,2570861000,5154173000,,,-1271412000,-1311900000,,-1340720000,-523423000,,244028990,950747000,2099224100,3049971000,1230141000
2013-12-31,yearly,4098412000,4982069000,,,334038020,-1217695000,,-2703565000,-804533000,,71675000,661989000,1437235000,2099224100,1394847000
2012-12-31,yearly,4344047000,4544480300,,,832965000,-1033398000,,-3438025000,-1036294000,,90908000,-39364000,1476599000,1437235000,906022000
2011-12-31,yearly,1710018000,4892439000,,,-1973993000,-1208428000,,-2111158000,727064000,,89641000,415565000,1061034000,1476599000,-401140000
2010-12-31,yearly,4139120100,5400438000,,,76529000,-1337847000,,-1603062000,-3498601000,,-68367000,-1030910000,2091943900,1061034000,2536058000
