endDate,type,operatingCashFlow,incomeFromOperations,netIncomeBeforeTaxes,adjustmentsToProfitOrLoss,changesInAssetsAndLiabilities,otherOperatingActivities,cashGeneratedInOperations,investmentCashFlow,financingCashFlow,exchangeVariationWithoutCash,foreignExchangeRateWithoutCash,increaseOrDecreaseInCash,initialCashBalance,finalCashBalance,freeCashFlow
2025-12-31,yearly,7983723000,9583345000,,,1105174000,-2704796000,,-7570429000,-1780814000,,-536270020,-1903790000,7861818000,5958028000,413294020
2024-12-31,yearly,11688689000,9960567000,,,4203708000,-2475586000,,-5032012000,-2903026000,,1102479000,4856130000,3005688000,7861818000,6656677000
2023-12-31,yearly,11854805000,12250438000,,,2176004000,-2571637000,,-5770375000,-4843979000,,-710659000,529792000,2475896000,3005688000,6084430000
2022-12-31,yearly,10980478000,19767192000,,,-4373827000,-4412887000,,-4459684000,-8088488000,,-119158000,-1686852000,4162748000,2475896000,6520794000
2021-12-31,yearly,13193250000,22647433000,,,-5342166000,-4112017000,,-2993415000,-10659623000,,5262000,-454526020,4617274000,4162748000,10199835000
2020-12-31,yearly,4927433000,6742339000,,,-29689000,-1785217000,,-2226611000,-1015773000,,290512000,1975561000,2641713000,4617274000,2700822000
2019-12-31,yearly,1601423000,4772826000,,,-1937045000,-1234358000,,-1899451000,30761000,,17763000,-249504000,2891217000,2641713000,-298028000
2018-12-31,yearly,2041565000,5989281000,,,-2458060000,-1489656100,,2383473000,-4297288000,,208034000,335784000,2555433000,2891217000,4425038000
2017-12-31,yearly,2050975000,3911080000,,,-308702020,-1551403000,,-535481000,-4107616000,,7438000,-2584684000,5140117000,2555433000,1515494000
2016-12-31,yearly,3325678000,4171704000,,,745174000,-1591200000,,-427953000,-2745396000,,-693990000,-541661000,5681778000,5140117000,2897725000
2015-12-31,yearly,6781077000,5053406000,,,3577366000,-1849695000,,-2421657000,-2488540000,,699290000,2570170000,3111608000,5681778000,4359420000
2014-12-31,yearly,2545147000,5123102000,,,-1124589000,-1453366000,,-1340720000,-436486020,,244028990,1011970000,2099638000,3111608000,1204427000
2013-12-31,yearly,3955631000,4946546000,,,322088000,-1313003000,,-2703565000,-661827000,,71675000,661914000,1437724000,2099638000,1252066000
2012-12-31,yearly,4272973000,4517450000,,,861785000,-1106262000,,-3438025000,-965152000,,90908000,-39296000,1477020000,1437724000,834947970
2011-12-31,yearly,1710695900,4885435000,,,-1977230000,-1197509000,,-2111158000,725602000,,89633000,414773000,1062247000,1477020000,-400462020
2010-12-31,yearly,4117285000,5371293000,,,81935000,-1335943000,,-1602936100,-3483883000,,-68361000,-1037895000,2100142000,1062247000,2514349000
