endDate,type,operatingCashFlow,incomeFromOperations,netIncomeBeforeTaxes,adjustmentsToProfitOrLoss,changesInAssetsAndLiabilities,otherOperatingActivities,cashGeneratedInOperations,investmentCashFlow,financingCashFlow,exchangeVariationWithoutCash,foreignExchangeRateWithoutCash,increaseOrDecreaseInCash,initialCashBalance,finalCashBalance,freeCashFlow
2025-12-31,yearly,2063160100,3416081000,,,-1185838000,-167083010,,1454560000,-3239029000,,0,278691000,611633000,890323970,3517720000
2024-12-31,yearly,2726232000,3243843000,,,-364221000,-153390000,,-2225363000,-1319380000,,0,-818511000,1430144000,611633000,500869000
2023-12-31,yearly,2334666000,2545505000,,,3799000,-214638000,,-877632000,-1278109000,,0,178924990,1267915000,1446840100,1457034000
2022-12-31,yearly,971907000,3138428000,,,-2094492000,-72029000,,2099888000,-2151136000,,0,920659000,347256000,1267915000,3071795000
2021-12-31,yearly,212410000,1707797000,,,-1113391000,-381996000,,-4338857000,4330491000,,0,204044000,143212000,347256000,-4126447000
2020-12-31,yearly,1325635000,2219061000,,,-319302020,-574124030,,-937773000,-468879000,,0,-81017000,224228990,143212000,387862020
2019-12-31,yearly,656779000,1413637000,,,-415073980,-341784000,,-4898696000,4280662000,,0,38745000,185484000,224228990,-4241917000
2018-12-31,yearly,516696000,1180658000,,,-327870020,-336092000,,-2138832000,1703411000,,0,81275000,104209000,185484000,-1622136100
2017-12-31,yearly,618547970,1017805000,,,-164263010,-234994000,,-408995000,-162195010,,0,47358000,56851000,104209000,209552990
