endDate,type,operatingCashFlow,incomeFromOperations,netIncomeBeforeTaxes,adjustmentsToProfitOrLoss,changesInAssetsAndLiabilities,otherOperatingActivities,cashGeneratedInOperations,investmentCashFlow,financingCashFlow,exchangeVariationWithoutCash,foreignExchangeRateWithoutCash,increaseOrDecreaseInCash,initialCashBalance,finalCashBalance,freeCashFlow
2025-12-31,yearly,2574431000,2221496000,,,352935000,0,,-689503000,-1978714000,,0,-93786000,1739327000,1645541000,1884928000
2024-12-31,yearly,2539599000,1906768000,,,632831000,0,,-592438000,-2788727000,,0,-841566000,2580893000,1739327000,1947161000
2023-12-31,yearly,2395993000,2834535000,,,-438542020,0,,-791187970,-1886385000,,0,-281580000,2862473000,2580893000,1604805000
2022-12-31,yearly,2038793000,2726003000,,,-687210000,0,,-1742337000,278955000,,0,575411000,2287062000,2862473000,296456000
2021-12-31,yearly,1399131000,2155030000,,,-755899000,0,,-4412425000,557058000,,0,-2456236000,4743298000,2287062000,-3013294000
2020-12-31,yearly,1183054000,1504963000,,,-321909000,0,,-1895113000,3208921000,,0,2496862000,2246436000,4743298000,-712059000
2019-12-31,yearly,823882000,1304732000,,,-480849980,0,,-306528000,82213000,,0,599567000,1646869000,2246436000,517353980
2018-12-31,yearly,1066494000,1397621000,,,-331127000,0,,-170528000,-771232000,,0,124734000,1522135000,1646869000,895966000
2017-12-31,yearly,932611970,1304635000,,,-372023000,0,,658977000,-1417462000,,0,174127010,1348007900,1522135000,1591589000
2016-12-31,yearly,881756030,1111239900,,,-229484000,0,,2449740000,-4739626000,,0,-1408130000,2756138000,1348007900,3331496000
2015-12-31,yearly,323692000,946730000,,,-623038000,0,,1596737000,-994195970,,0,926233000,1829905000,2756138000,1920429000
2014-12-31,yearly,664001000,1095636000,,,-431635000,0,,68221000,-61150000,,0,671072000,1158833000,1829905000,732222000
2013-12-31,yearly,665785000,938547000,,,-272761980,0,,-121709000,-1121645000,,0,-577569000,1736402000,1158833000,544076030
2012-12-31,yearly,713805000,872257000,,,-158452000,0,,-24714000,-1549014000,,0,-859923000,2596325000,1736402000,689091000
2011-12-31,yearly,580234000,527940000,,,52294000,0,,-531391000,137979010,,0,186822000,2409503000,2596325000,48843000
2010-12-31,yearly,67236000,668651000,,,-601415000,0,,-566861000,2409849000,,0,1910224000,499279000,2409503000,-499625000
