endDate,type,operatingCashFlow,incomeFromOperations,netIncomeBeforeTaxes,adjustmentsToProfitOrLoss,changesInAssetsAndLiabilities,otherOperatingActivities,cashGeneratedInOperations,investmentCashFlow,financingCashFlow,exchangeVariationWithoutCash,foreignExchangeRateWithoutCash,increaseOrDecreaseInCash,initialCashBalance,finalCashBalance,freeCashFlow
2025-12-31,yearly,328860000,877883000,,,49956000,-598979000,,-528254020,186367010,,0,-13027000,49040000,36013000,-199394000
2024-12-31,yearly,447107000,943439000,,,-22406000,-473926020,,-262688990,-194851010,,0,-10433000,59473000,49040000,184418000
2023-12-31,yearly,378103000,881833000,,,-14171000,-489559000,,-458185980,87392000,,0,7309000,52164000,59473000,-80083000
2022-12-31,yearly,192739010,730828030,,,-89996000,-448093000,,-410805000,231300000,,0,13234000,38930000,52164000,-218066000
2021-12-31,yearly,174439010,477393980,,,-83755000,-219200000,,-47254000,-116868000,,0,10317000,28613000,38930000,127185000
2020-12-31,yearly,123548000,317844000,,,-66986000,-127310000,,-1157671000,1015759000,,0,-18364000,46977000,28613000,-1034123000
2019-12-31,yearly,403155000,595726000,,,-4785000,-187786000,,-392649000,12170000,,0,22676000,24301000,46977000,10506000
2018-12-31,yearly,389229000,619315000,,,-26446000,-203640000,,-393414020,-24299000,,0,-28484000,52785000,24301000,-4185000
2017-12-31,yearly,308111000,542633000,,,45883000,-280405000,,-102082000,-339716000,,0,-133687000,186472000,52785000,206028990
2016-12-31,yearly,283641000,676334000,,,-56326000,-336367000,,-77874000,-152178000,,0,53589000,132883000,186472000,205767010
2015-12-31,yearly,242944990,442805000,,,133488000,-333348000,,-255856990,-113331000,,0,-126243000,259126000,132883000,-12912000
2014-12-31,yearly,100231000,419084000,,,15369000,-334222020,,-1229049000,1108551900,,0,-20266000,279392000,259126000,-1128818000
2013-12-31,yearly,-8595000,435571000,,,2795000,-446961000,,-1601125000,957566000,,0,-652154000,931546000,279392000,-1609720100
2012-12-31,yearly,349719000,2367544000,,,-1308426000,-709399000,,-1348569000,-449604000,,-673000,-1449127000,3161782000,1712655000,-998850000
2011-12-31,yearly,1207192100,2335311000,,,-504396000,-623723000,,-3411979000,2422508000,,4977000,222698000,2939084000,3161782000,-2204787000
2010-12-31,yearly,2076107000,3433644000,,,-369101000,-988435970,,-1352419000,-122919000,,0,600769000,2338315000,2939084000,723688000
