endDate,type,operatingCashFlow,incomeFromOperations,netIncomeBeforeTaxes,adjustmentsToProfitOrLoss,changesInAssetsAndLiabilities,otherOperatingActivities,cashGeneratedInOperations,investmentCashFlow,financingCashFlow,exchangeVariationWithoutCash,foreignExchangeRateWithoutCash,increaseOrDecreaseInCash,initialCashBalance,finalCashBalance,freeCashFlow
2025-12-31,yearly,-1215500000,-6515934000,,,5300434000,0,,373931000,-717116030,,0,-1558685000,2914747000,1356062000,-841569000
2024-12-31,yearly,-181476990,-5096144000,,,4914667000,0,,1317777000,1532628000,,0,2668928000,245819010,2914747000,1136300000
2023-12-31,yearly,589848000,-3247339000,,,3837187000,0,,-306390020,-374161980,,0,-90704000,336523000,245819010,283457980
2022-12-31,yearly,599693000,-3078493000,,,3678186000,0,,-99085000,-446717000,,0,53891000,282632000,336523000,500608000
2021-12-31,yearly,898925000,3907116000,,,-3008191000,0,,-1828794000,-854835970,,0,-1784705000,2067337000,282632000,-929869000
2020-12-31,yearly,1376437000,3725052000,,,-2348615000,0,,-191642000,286571000,,0,1471366000,595971000,2067337000,1184795000
2019-12-31,yearly,1350697000,1940756000,,,-590059000,0,,157179010,-928645000,,0,579231000,16740000,595971000,1507876000
2018-12-31,yearly,1314377000,1873707000,,,-559330000,0,,-102713000,-1201509000,,0,10155000,6585000,16740000,1211664000
2017-12-31,yearly,566858000,1690618000,,,-1123760000,0,,-381897980,-182899010,,0,2061000,4524000,6585000,184960000
2016-12-31,yearly,135026000,586529000,,,-451503000,0,,100999000,-237636000,,0,-1611000,6135000,4524000,236024990
2015-12-31,yearly,530891000,625306000,,,-94415000,0,,63838000,-593290000,,0,1439000,4696000,6135000,594729000
2014-12-31,yearly,495897980,502710020,,,-6812000,0,,-21887000,-473585000,,0,426000,4270000,4696000,474011000
2013-12-31,yearly,1949939000,526003000,,,1423936000,0,,-855041000,-1400231000,,0,-305333000,309603000,4270000,1094898000
2012-12-31,yearly,186300990,1870924000,,,-1684623000,0,,-177520000,98425000,,0,107206000,203918000,311124000,8781000
2011-12-31,yearly,-25396000,1353973000,,,-1379369000,0,,-17920000,195628000,,0,152312000,54983000,207295010,-43316000
2010-12-31,yearly,474288000,0,,,-569358000,1043646000,,-3605000,-458934020,,0,11749000,43234000,54983000,470683000
