endDate,type,operatingCashFlow,incomeFromOperations,netIncomeBeforeTaxes,adjustmentsToProfitOrLoss,changesInAssetsAndLiabilities,otherOperatingActivities,cashGeneratedInOperations,investmentCashFlow,financingCashFlow,exchangeVariationWithoutCash,foreignExchangeRateWithoutCash,increaseOrDecreaseInCash,initialCashBalance,finalCashBalance,freeCashFlow
2025-12-31,yearly,166000000,1927000100,,,-498000000,-1263000100,,18036000000,-19022000000,,7000000,-813000000,4851999700,4039000000,18202000000
2024-12-31,yearly,613000000,2071000100,,,-193000000,-1264999900,,6389000000,-8153000000,,26000000,-1124999900,5977000000,4851999700,7002000000
2023-12-31,yearly,298000000,2244000000,,,-110000000,-1836000000,,6627999700,-5431000000,,10000000,1504999900,4472000000,5977000000,6926000000
2022-12-31,yearly,-134000000,2083000100,,,-1023000000,-1194000000,,2132000000,-1370000000,,-32000000,596000000,3876000000,4472000000,1998000000
2021-12-31,yearly,1380000000,2200000000,,,-140000000,-680000000,,99000000,-486000000,,-4000000,989000000,2887000000,3876000000,1479000100
2020-12-31,yearly,1346000000,1222000000,,,468000000,-344000000,,2253000000,-3093000000,,12000000,518000000,2369000000,2887000000,3599000000
2019-12-31,yearly,802000000,1267000100,,,64000000,-529000000,,9437000000,-10293000000,,2000000,-52000000,2421000000,2369000000,10239000000
2018-12-31,yearly,-662000000,1151000100,,,-1140999900,-672000000,,8349000000,-6488000000,,4000000,1203000100,1218000000,2421000000,7687000000
2017-12-31,yearly,669000000,1187000100,,,-134000000,-384000000,,696000000,-2583000000,,2000000,-1216000000,2433999900,1218000000,1364999900
2016-12-31,yearly,475000000,891000000,,,-70000000,-346000000,,2292000000,-2499000000,,-8000000,260000000,2174000100,2433999900,2767000000
2015-12-31,yearly,986000000,932000000,,,318000000,-264000000,,1974000000,-2687000000,,4000000,277000000,1896999900,2174000100,2960000000
2014-12-31,yearly,805000000,1104999900,,,-29000000,-271000000,,1244000000,-1691000100,,0,358000000,1539000100,1896999900,2048999900
2013-12-31,yearly,518000000,962000000,,,-444000000,0,,1147000100,-1850000000,,2000000,-183000000,1382000000,1199000100,1664999900
2012-12-31,yearly,19611000000,19039000000,,,572000000,0,,-18752000000,2689999900,,570000000,4119000000,14097000000,18216000000,859000000
2011-12-31,yearly,-1734000000,17166000000,,,-18900000000,0,,-1143000100,-816000000,,800000000,-2893000000,16990000000,14097000000,-2877000000
2010-12-31,yearly,-9939000000,14951000000,,,-24890000000,0,,-2723000000,3768000000,,0,-8894000000,25883000000,16989000000,-12662000000
