endDate,type,operatingCashFlow,incomeFromOperations,netIncomeBeforeTaxes,adjustmentsToProfitOrLoss,changesInAssetsAndLiabilities,otherOperatingActivities,cashGeneratedInOperations,investmentCashFlow,financingCashFlow,exchangeVariationWithoutCash,foreignExchangeRateWithoutCash,increaseOrDecreaseInCash,initialCashBalance,finalCashBalance,freeCashFlow
2025-12-31,yearly,34466000000,88303000000,45849000000,178000000,-53837000000,0,,19440001000,-52511000000,-3791000000,,-2396000000,117286000000,114890000000,53906000000
2024-12-31,yearly,7069000000,38186000000,42128000000,217000000,-31117000000,0,,6968000000,-21698000000,8403999700,,743000000,116543000000,117286000000,14037000000
2023-12-31,yearly,77493000000,91638000000,33877000000,200000000,-14145000000,0,,-31230000000,-22448001000,-11529000000,,12286000000,104257000000,116543000000,46263000000
2022-12-31,yearly,129966000000,88266000000,30737000000,234000000,41700000000,0,,-73603000000,-31714000000,-24279000000,,370000000,103887000000,104257000000,56363000000
2021-12-31,yearly,60106000000,93298000000,28384000000,-20000000,-33192000000,0,,-4841000000,-31460000000,-19941000000,,3864000000,105823000000,109687000000,55265000000
2020-12-31,yearly,59491000000,60953000000,15064001000,217000000,-1462000000,0,,753000000,-13555000000,-11677000000,,35012000000,70811000000,105823000000,60244000000
2019-12-31,yearly,35224000000,61198000000,27813000000,-141000000,-25974000000,0,,-38723000000,-21302000000,54000000,,-24747000000,95558000000,70811000000,-3499000000
2018-12-31,yearly,23699000000,56831000000,25639000000,-98000000,-29253000000,-3879000000,,20129000000,-31584000000,0,,12244000000,83314000000,95558000000,43828000000
2017-12-31,yearly,7955000000,82679000000,24268000000,81000000,-70206000000,-4518000000,,-3838000100,-16922000000,0,,-12805000000,96119000000,83314000000,4117000000
2016-12-31,yearly,12370000000,79566000000,23582000000,69000000,-60773000000,-6423000000,,14429000000,-22329000000,0,,4470000000,91649000000,96119000000,26799000000
2015-12-31,yearly,-24778000000,66562000000,26156000000,180000000,-84858000000,-6482000000,,-360000000,-8529000000,0,,-33667000000,125318000000,91651000000,-25138000000
2014-12-31,yearly,88539000000,57044000000,21861000000,550000000,39216000000,-7721000000,,2677000000,-21688000000,0,,69528000000,55790000000,125318000000,91216000000
2013-12-31,yearly,35122000000,50297000000,16522000000,212000000,-8419000000,-6755999700,,-14500000000,-10607000000,0,,10015000000,45775000000,55790000000,20622000000
2012-12-31,yearly,50181000000,50682000000,13191000000,203000000,6142000000,-6643000000,,-37583000000,-4913000000,0,,7685000000,38105000000,45790000000,12598000000
2011-12-31,yearly,-5272000000,45350000000,14610000000,163000000,-46613000000,-4009000000,,-1311000100,-921000000,0,,-7504000000,45609000000,38105000000,-6583000000
2010-12-31,yearly,-31649000000,40261000000,12493000000,131000000,-71910000000,0,,-2324000000,6930000000,0,,-27043000000,72652000000,45609000000,-33973000000
