endDate,type,operatingCashFlow,incomeFromOperations,netIncomeBeforeTaxes,adjustmentsToProfitOrLoss,changesInAssetsAndLiabilities,otherOperatingActivities,cashGeneratedInOperations,investmentCashFlow,financingCashFlow,exchangeVariationWithoutCash,foreignExchangeRateWithoutCash,increaseOrDecreaseInCash,initialCashBalance,finalCashBalance,freeCashFlow
2025-12-31,yearly,3653063000,2372295000,,,1280768000,0,,-1750069000,632186000,,0,2535180000,1126004000,3661184000,1902994000
2024-12-31,yearly,330001000,812066000,,,-482065000,0,,-379919000,857795970,,0,807878000,318126020,1126004000,-49918000
2023-12-31,yearly,119859000,719375000,,,-599516030,0,,45102000,-115871000,,0,49090000,269036000,318126020,164960990
2022-12-31,yearly,-215131010,1005772030,,,-1220903000,0,,-758352000,820776000,,0,-152707010,421743000,269036000,-973483000
2021-12-31,yearly,391016000,1224892000,,,-833875970,0,,-303423000,-146010000,,0,-58417000,480160000,421743000,87593000
2020-12-31,yearly,173330000,652960000,,,-479630020,0,,-544435970,564931000,,0,193824990,286335000,480160000,-371105980
2019-12-31,yearly,97797000,43476000,,,54321000,0,,-357140000,503127000,,0,243784000,42551000,286335000,-259343010
2018-12-31,yearly,-108551000,-35646000,,,-72905000,0,,293341000,-151364990,,0,33425000,9126000,42551000,184790000
2017-12-31,yearly,-107779000,-103768000,,,-4011000,0,,250167010,-202915010,,0,-60527000,69653000,9126000,142388000
2016-12-31,yearly,-353945000,-184523010,,,-161900990,-7521000,,786377000,-514153980,,0,-81722000,151376990,69655000,432432000
2015-12-31,yearly,283149000,189579010,,,102269000,-8699000,,-268900000,-210808000,,42585000,-153974000,305351000,151376990,14249000
2014-12-31,yearly,235662000,184312000,,,68499000,-17149000,,-430070020,-30120000,,0,-224528000,529880000,305352000,-194408000
2013-12-31,yearly,-17796000,151975010,,,-129851000,-39920000,,-422759000,463507000,,0,22952000,506928000,529880000,-440555000
2012-12-31,yearly,1835000,390336000,,,-368160000,-20341000,,-464589000,408606020,,0,-54148000,561075970,506928000,-462753980
2011-12-31,yearly,81871000,401164000,,,-319293000,0,,-284353000,161428000,,0,-41054000,602130000,561075970,-202482000
2010-12-31,yearly,168510000,249132000,,,-80622000,0,,-24880000,62348000,,0,205978000,396152000,602130000,143630000
