endDate,type,operatingCashFlow,incomeFromOperations,netIncomeBeforeTaxes,adjustmentsToProfitOrLoss,changesInAssetsAndLiabilities,otherOperatingActivities,cashGeneratedInOperations,investmentCashFlow,financingCashFlow,exchangeVariationWithoutCash,foreignExchangeRateWithoutCash,increaseOrDecreaseInCash,initialCashBalance,finalCashBalance,freeCashFlow
2025-12-31,yearly,6396244000,7248286000,,,-852042000,0,,-1882013000,-1015009000,,-129377000,3369845000,6736171000,10106016000,4514231000
2024-12-31,yearly,7425327000,7301740000,,,123587000,0,,-8603683000,-2432792000,,788490000,-2822658000,9558829000,6736171000,-1178356000
2023-12-31,yearly,7592726000,7708789000,,,-116063000,0,,-4291404000,1573562000,,0,4874884000,4683945000,9558829000,3301322000
2022-12-31,yearly,8420814000,8060211000,,,360603000,0,,-7876677000,-2265392100,,0,-1721255000,6405200000,4683945000,544137000
2021-12-31,yearly,4891249000,6687489000,,,-1796240000,0,,-3675855000,-19024000,,0,1196370000,5208830000,6405200000,1215394000
2020-12-31,yearly,5791245000,3981613000,,,1809632000,0,,-5069428000,-3853373000,,0,-3131556000,8340386000,5208830000,721817000
2019-12-31,yearly,2953124000,4347942000,,,-1394818000,0,,-2367896000,2021304100,,0,2606532000,5733854000,8340386000,585228030
2018-12-31,yearly,2786976000,2800229000,,,-13253000,0,,-1049222000,-3032322000,,0,-1294567900,7028422000,5733854000,1737754000
2017-12-31,yearly,1792978000,2049877000,,,-256899010,0,,-838817000,201540990,,0,1155702000,5872720000,7028422000,954161000
2016-12-31,yearly,1202849000,1360848000,,,-157999010,0,,-2648153000,2264301000,,0,818997000,5053723000,5872720000,-1445304100
2015-12-31,yearly,1739996000,2167727000,,,-427731000,0,,-4595526000,2663420000,,0,-192110000,5245833000,5053723000,-2855530000
2014-12-31,yearly,1555391000,2208713000,,,-653322000,0,,-2909308000,3869878000,,0,2515961000,2729871900,5245833000,-1353917000
2013-12-31,yearly,1032322000,1064600000,,,-32278000,0,,-865358000,45596000,,0,212560000,2517312000,2729871900,166964000
2012-12-31,yearly,933894000,982556030,,,-48662000,0,,-604269000,-153376990,,0,176248000,2341064000,2517312000,329625000
2011-12-31,yearly,728920000,704972030,,,23948000,0,,-721237000,-197724000,,0,-190040990,2531105000,2341064000,7683000
2010-12-31,yearly,913535000,728744000,,,184791010,0,,-384913980,160832000,,0,689453000,1841652000,2531105000,528621000
