endDate,type,operatingCashFlow,incomeFromOperations,netIncomeBeforeTaxes,adjustmentsToProfitOrLoss,changesInAssetsAndLiabilities,otherOperatingActivities,cashGeneratedInOperations,investmentCashFlow,financingCashFlow,exchangeVariationWithoutCash,foreignExchangeRateWithoutCash,increaseOrDecreaseInCash,initialCashBalance,finalCashBalance,freeCashFlow
2025-12-31,yearly,2801957000,4133163000,,,-971106000,-360100000,,-799970000,-2940168000,,-9863000,-948044030,1926110000,978066000,2001987000
2024-12-31,yearly,2487007000,2856613000,,,232090000,-601696000,,-679201000,-2426212000,,12329000,-606077000,2532187000,1926110000,1807806000
2023-12-31,yearly,2663364000,2857914000,,,50862000,-245412000,,-892915970,-2009108000,,-77504000,-316164000,2848351000,2532187000,1770448000
2022-12-31,yearly,1536237000,3865187000,,,-1625598000,-703352000,,-1190486000,-2984396000,,-2421000,-2641066000,5489417000,2848351000,345751000
2021-12-31,yearly,1215600000,1980290000,,,-674288000,-90402000,,-1029815000,3237799000,,-948000,3422636000,2066781000,5489417000,185784990
2020-12-31,yearly,608379000,981027970,,,197199010,-569848000,,-543829000,1013299970,,7977000,1085827000,980954000,2066781000,64550000
2019-12-31,yearly,1562848000,2552695000,,,-831420030,-158427010,,-750273000,-621315970,,12123000,203382000,944671000,1148053000,812575000
2018-12-31,yearly,811379000,1870067000,,,-376108000,-682579970,,-609814000,-317513980,,747000,-115202000,1059873000,944671000,201564990
2017-12-31,yearly,845590000,1630271000,,,-377995000,-406686020,,-545516030,-129232000,,-5850000,164992000,894881000,1059873000,300073980
2016-12-31,yearly,914208000,1389893000,,,-132399000,-343286020,,-476917000,-279288000,,-649000,157354000,737527000,894881000,437291000
2015-12-31,yearly,771958000,1354276000,,,-197440000,-384878020,,-570954000,-298077000,,260000,-96813000,834339970,737527000,201004000
2014-12-31,yearly,591107970,1117966000,,,-188948000,-337910020,,-477241980,-81118000,,0,32748000,801592000,834339970,113866000
2013-12-31,yearly,381209000,844375000,,,-241374000,-221792000,,-411939000,149052000,,0,118322000,683270000,801592000,-30730000
2012-12-31,yearly,446049980,740926000,,,-95499000,-199376990,,-382219000,41175000,,0,105006000,578264000,683270000,63831000
2011-12-31,yearly,274085000,487301000,,,-213216000,0,,-448120000,68638000,,0,-105397000,683661000,578264000,-174035010
2010-12-31,yearly,559646000,407732000,,,151914000,0,,-152100990,-135254000,,0,272291000,411369980,683661000,407545000
