endDate,type,operatingCashFlow,incomeFromOperations,netIncomeBeforeTaxes,adjustmentsToProfitOrLoss,changesInAssetsAndLiabilities,otherOperatingActivities,cashGeneratedInOperations,investmentCashFlow,financingCashFlow,exchangeVariationWithoutCash,foreignExchangeRateWithoutCash,increaseOrDecreaseInCash,initialCashBalance,finalCashBalance,freeCashFlow
2025-12-31,yearly,-79066000,574723970,,,-653790000,0,,-210311010,267419010,,0,-21958000,331069000,309111000,-289377000
2024-12-31,yearly,6536000,311375000,,,-304839000,0,,-53598000,121018000,,0,73956000,257112990,331069000,-47062000
2023-12-31,yearly,-151448990,194846000,,,-346295000,0,,-8339000,226727010,,0,66939000,190174000,257112990,-159788000
2022-12-31,yearly,77964000,129441000,,,-51477000,0,,-13170000,11499000,,0,76293000,113881000,190174000,64794000
2021-12-31,yearly,108334000,127102000,,,-18768000,0,,-12248000,-31743000,,0,64343000,49538000,113881000,96086000
2020-12-31,yearly,136564990,-83324000,,,219888990,0,,-86814000,-14381000,,0,35370000,14168000,49538000,49751000
2019-12-31,yearly,136792990,128106000,,,8687000,0,,39169000,-179128000,,0,-3166000,17334000,14168000,175962000
2018-12-31,yearly,127266000,-23518000,,,150784000,0,,132431000,-252454000,,0,7243000,10091000,17334000,259696990
2017-12-31,yearly,66054000,126432000,,,-60378000,0,,87262000,-152080990,,0,1235000,8856000,10091000,153316000
2016-12-31,yearly,13242000,-44716000,,,57958000,0,,-15214000,-27482000,,0,-29454000,38310000,8856000,-1972000
2015-12-31,yearly,-132198000,26413000,,,-158611010,0,,-49841000,167843010,,0,-14196000,78072000,63876000,-182039010
2014-12-31,yearly,-118755000,112008000,,,-230763010,0,,21158000,103824000,,0,6227000,71845000,78072000,-97597000
2013-12-31,yearly,-89041000,112964000,,,-202004990,0,,145815010,-31376000,,0,25398000,46447000,71845000,56774000
2012-12-31,yearly,-151594000,123885000,,,-275479000,0,,154927010,-53795000,,0,-50462000,77272000,26810000,3333000
2011-12-31,yearly,-62850000,80399000,,,-143248990,0,,13118000,114907000,,0,65175000,11620000,76795000,-49732000
2010-12-31,yearly,58347000,139756990,,,-81410000,0,,-31393000,349616000,,0,376569980,176991010,553561000,26954000
