endDate,type,operatingCashFlow,incomeFromOperations,netIncomeBeforeTaxes,adjustmentsToProfitOrLoss,changesInAssetsAndLiabilities,otherOperatingActivities,cashGeneratedInOperations,investmentCashFlow,financingCashFlow,exchangeVariationWithoutCash,foreignExchangeRateWithoutCash,increaseOrDecreaseInCash,initialCashBalance,finalCashBalance,freeCashFlow
2025-12-31,yearly,15719373000,2596902000,,,13057027000,65444000,,-1000816000,-14969917000,,0,-251360000,1827197000,1575837000,14718557000
2024-12-31,yearly,15835331000,3136093000,,,12701440000,-2202000,,-1290606000,-15310874000,,0,-766149000,2593346000,1827197000,14544725000
2023-12-31,yearly,3354622000,764873000,,,2561602000,28147000,,-148400000,-3032921000,,0,173300990,2420045000,2593346000,3206222000
2022-12-31,yearly,3064122000,1726510000,,,1326940000,10672000,,-1043558000,-2166737000,,0,-146172990,2566218000,2420045000,2020564000
2021-12-31,yearly,-4364476000,1198677000,,,-5495542000,-67611000,,-1317403000,6566721000,,0,884842000,1681376000,2566218000,-5681879000
2020-12-31,yearly,2603882000,1580127000,,,1114717000,-90962000,,-651445000,-576807000,,0,1375630000,305745980,1681376000,1952437000
2019-12-31,yearly,-3329555000,2662304000,,,-5960968000,-30891000,,-928586000,3964800000,,0,-293341000,599087000,305745980,-4258141000
2018-12-31,yearly,1236164000,1090688000,,,214700990,-69225000,,-394112000,-655672000,,0,186380000,412707000,599087000,842051970
2017-12-31,yearly,19477000,755051000,,,-762702000,27128000,,-168658000,-37253000,,0,-186434000,599141000,412707000,-149180990
2016-12-31,yearly,267751010,486523000,,,-286934020,68162000,,-135530000,-150544990,,0,-18324000,617465000,599141000,132221000
2015-12-31,yearly,462790020,217166000,,,177282000,68342000,,60849000,-318344000,,0,205295010,412169980,617465000,523639000
2014-12-31,yearly,131437000,383516000,,,-292233000,40154000,,-152930000,153356990,,0,131864000,280305980,412169980,-21493000
2013-12-31,yearly,-136236990,262940990,,,-396910020,-2268000,,53159000,-55495000,,0,-138572990,418879000,280305980,-83078000
2012-12-31,yearly,-64077000,526616000,,,-576200000,-14493000,,-109881000,423969000,,0,250011010,173116990,423128000,-173958000
2011-12-31,yearly,-263582000,451270020,,,-678512000,-36340000,,-270385980,378220000,,0,-155748000,328865000,173116990,-533968000
2010-12-31,yearly,405408000,401531000,,,24001000,-20124000,,-105480000,-163472000,,0,136456000,192408990,328865000,299928000
