endDate,type,operatingCashFlow,incomeFromOperations,netIncomeBeforeTaxes,adjustmentsToProfitOrLoss,changesInAssetsAndLiabilities,otherOperatingActivities,cashGeneratedInOperations,investmentCashFlow,financingCashFlow,exchangeVariationWithoutCash,foreignExchangeRateWithoutCash,increaseOrDecreaseInCash,initialCashBalance,finalCashBalance,freeCashFlow
2025-12-31,yearly,5747434000,5924525000,,,-177091010,0,,-4350104000,-1933691000,,0,-536361000,4187905000,3651544000,1397330000
2024-12-31,yearly,7172545000,5387181000,,,1785364000,0,,-5985416000,-1564864000,,16923000,-360812000,4548717000,4187905000,1187129000
2023-12-31,yearly,6817411000,4930677000,,,1886734000,0,,-4817471000,-2679293000,,-1003000,-680355970,5229073000,4548717000,1999940000
2022-12-31,yearly,6485584000,4663555000,,,1822029000,0,,-4023604000,-1822275000,,-4232000,635473000,4593600000,5229073000,2461980000
2021-12-31,yearly,4590146000,5738352000,,,-1148206000,0,,-8211679000,4668939000,,-2793000,1044613000,3548987000,4593600000,-3621533000
2020-12-31,yearly,4151670000,4313302000,,,-161632000,0,,-123001000,-1744530000,,1636000,2285775000,1263212000,3548987000,4028669000
2019-12-31,yearly,4995005000,4755057000,,,239948000,0,,-3315084000,-1684703000,,897000,-3885000,1267097000,1263212000,1679921000
2018-12-31,yearly,3685677000,3216431000,,,469246020,0,,-2296104000,-2965407000,,7705000,-1568129000,2835226000,1267097000,1389573000
2017-12-31,yearly,3339705000,3738779000,,,-399073980,0,,-4136079900,784197000,,26184000,14006000,2821220000,2835226000,-796375000
2016-12-31,yearly,4186220000,4471503000,,,-285283000,0,,-2783997000,-856998000,,-20425000,524800000,2296420000,2821220000,1402223000
2015-12-31,yearly,2349825000,3209433000,,,-859608000,0,,-2477305000,816652030,,18601000,707773000,1588647000,2296420000,-127480000
2014-12-31,yearly,2187686000,3109778000,,,-922092030,0,,-1704763000,-155582000,,-4369000,322972000,1265675000,1588647000,482923000
2013-12-31,yearly,2464567000,2685093000,,,-220526000,0,,-815987970,-980906000,,-252000,667421000,598254000,1265675000,1648579000
2012-12-31,yearly,2426811000,2711979000,,,-285168000,0,,-1158872100,-1158779000,,0,109160000,763331000,872491000,1267939000
2011-12-31,yearly,1890267000,2477963000,,,-587696000,0,,-658736000,-1646869000,,0,-415337980,1178669000,763331000,1231531000
2010-12-31,yearly,1357065000,1879740000,,,-522675000,0,,-2237474000,-62067000,,0,-942476030,2121145000,1178669000,-880409000
