endDate,type,operatingCashFlow,incomeFromOperations,netIncomeBeforeTaxes,adjustmentsToProfitOrLoss,changesInAssetsAndLiabilities,otherOperatingActivities,cashGeneratedInOperations,investmentCashFlow,financingCashFlow,exchangeVariationWithoutCash,foreignExchangeRateWithoutCash,increaseOrDecreaseInCash,initialCashBalance,finalCashBalance,freeCashFlow
2025-12-31,yearly,1390409000,12658146000,,,-827183000,-10440554000,,-262676990,-483583000,,0,644149000,677895000,1322044000,1127732000
2024-12-31,yearly,-2514109000,11863911000,,,-378213000,-13999807000,,-227022000,3285632000,,0,544501000,133394000,677895000,-2741131000
2023-12-31,yearly,3227151900,8455234000,,,2148826000,-7376908000,,-272038020,-3373485000,,0,-418371000,551765000,133394000,2955114000
2022-12-31,yearly,-4171865000,8146854000,,,-442915000,-11875804000,,-506743000,5084343000,,0,405735000,146030000,551765000,-4678608000
2021-12-31,yearly,-8269520000,4696561000,,,-655737000,-12310344000,,-105298000,8452201000,,0,77383000,68647000,146030000,-8374818000
2020-12-31,yearly,-634250000,3323602000,,,31568000,-3989420000,,-76294000,706958000,,0,-3586000,72233000,68647000,-710544000
2019-12-31,yearly,-1132708000,3061026000,,,-209652990,-3984081000,,-91854000,1037313000,,0,-187248990,259482000,72233000,-1224562000
2018-12-31,yearly,-1018773000,1884388000,,,-305006020,-2598155000,,-50493000,917367000,,0,-151899010,411381000,259482000,-1069266000
2017-12-31,yearly,-1020472000,1887373000,,,-269961980,-2637883000,,-18085000,1396362000,,0,357805000,53576000,411381000,-1038557000
2016-12-31,yearly,-204447010,1235173000,,,371647000,-1811267000,,-31983000,-170572990,,0,-407003000,460579000,53576000,-236430000
2015-12-31,yearly,208632990,771091970,,,154404000,-716863000,,-41994000,278396000,,0,445035000,15544000,460579000,166639010
2014-12-31,yearly,146652990,31620000,,,115033000,0,,-181864990,35207000,,0,-5000,15548000,15543000,-35212000
