endDate,type,operatingCashFlow,incomeFromOperations,netIncomeBeforeTaxes,adjustmentsToProfitOrLoss,changesInAssetsAndLiabilities,otherOperatingActivities,cashGeneratedInOperations,investmentCashFlow,financingCashFlow,exchangeVariationWithoutCash,foreignExchangeRateWithoutCash,increaseOrDecreaseInCash,initialCashBalance,finalCashBalance,freeCashFlow
2025-12-31,yearly,541982000,2035727000,,,-1012739000,-481006020,,817105000,-1458371000,,-59416000,-158700000,414563000,255863010,1359087000
2024-12-31,yearly,-400705000,1413298000,,,-1348917000,-465086020,,-885170000,1232010000,,61661000,7796000,406767000,414563000,-1285875000
2023-12-31,yearly,-823922000,739453000,,,-1017864000,-545511000,,-1703627000,2223800000,,-23232000,-326981000,733747970,406767000,-2527549000
2022-12-31,yearly,-810664000,276643000,,,53046000,-1140353000,,-1538737000,2120788000,,14433000,-214180000,947928000,733747970,-2349401000
2021-12-31,yearly,-403118020,1039310000,,,-712255000,-730173000,,-354726020,617327000,,7740000,-132777000,1080705000,947928000,-757843970
2020-12-31,yearly,689934000,1237169000,,,94649000,-641884030,,-794716030,511840000,,-1272000,405785980,674919000,1080705000,-104782000
2019-12-31,yearly,-98245000,1282107000,,,-1380352000,0,,160632990,-182320990,,0,-119933000,794851970,674919000,62388000
2018-12-31,yearly,625606000,1275794000,,,-650188030,0,,587865000,-1131742000,,0,81729000,713123000,794851970,1213471000
2017-12-31,yearly,332400000,1053427970,,,-721027970,0,,-988534000,861322000,,0,205188000,507935000,713123000,-656134000
2016-12-31,yearly,576051970,1032830000,,,-456777980,0,,-280145000,-128169000,,0,167738000,1595814000,1763552000,295907000
2015-12-31,yearly,1028035970,949080000,,,78956000,0,,-101329000,-548390000,,0,378317000,1217497000,1595814000,926707000
2014-12-31,yearly,603526000,725625000,,,-122099000,0,,96665000,-905289000,,0,-205098000,1422595000,1217497000,700191000
2013-12-31,yearly,568892030,547798000,,,21094000,0,,-170262000,-361342020,,0,37288000,1385307000,1422595000,398630020
2012-12-31,yearly,-54312000,741817000,,,-796129000,0,,-140344000,787022000,,0,592366000,930496000,1522862000,-194656000
2011-12-31,yearly,-564444030,992259970,,,-1556704000,0,,78359000,551645000,,0,65560000,864936000,930496000,-486085000
2010-12-31,yearly,-377011000,938746000,,,-1315757000,0,,-392328000,920907000,,0,151568000,713368000,864936000,-769339000
