endDate,type,operatingCashFlow,incomeFromOperations,netIncomeBeforeTaxes,adjustmentsToProfitOrLoss,changesInAssetsAndLiabilities,otherOperatingActivities,cashGeneratedInOperations,investmentCashFlow,financingCashFlow,exchangeVariationWithoutCash,foreignExchangeRateWithoutCash,increaseOrDecreaseInCash,initialCashBalance,finalCashBalance,freeCashFlow
2025-12-31,yearly,1463917000,2102639000,,,-638722000,0,,-53052000,-1269366000,,0,141499010,49603000,191102000,1410865000
2024-12-31,yearly,1489466000,1940073000,,,-450607000,0,,-805777000,-791244030,,0,-107555000,157158000,49603000,683689000
2023-12-31,yearly,1187600000,1605814000,,,-418214020,0,,-376304000,-677727000,,0,133569000,23589000,157158000,811296000
2022-12-31,yearly,1203854000,1455817000,,,-251963010,0,,-929719000,-804339000,,0,-530204000,553793000,23589000,274135000
2021-12-31,yearly,701737000,1044398000,,,-342661000,0,,-790635000,-580723000,,0,-669621000,1223414000,553793000,-88898000
2020-12-31,yearly,508881000,660009000,,,-151128000,0,,1031874000,-353804000,,0,1186951000,36463000,1223414000,1540755000
2019-12-31,yearly,961448000,1032519000,,,-71071000,0,,-854982000,-108867000,,0,-2401000,38864000,36463000,106466000
2018-12-31,yearly,853029000,1009690000,,,-156660990,0,,-344687000,-509264000,,0,-922000,39786000,38864000,508342020
2017-12-31,yearly,714819970,949943000,,,-235123010,0,,-863795000,83114000,,0,-65861000,105647000,39786000,-148975010
2016-12-31,yearly,650914000,908419000,,,-257504990,0,,-1045885000,341617980,,0,-53353000,159000000,105647000,-394971000
2015-12-31,yearly,656113000,818354000,,,-162240990,0,,-269011000,-399028000,,0,-11926000,170926000,159000000,387102020
2014-12-31,yearly,562871000,804977000,,,-242106000,0,,-337697980,-264726000,,0,-39553000,210479010,170926000,225172990
2013-12-31,yearly,417079000,635411000,,,-218332000,0,,-955645000,360068000,,0,-178498000,388977000,210479010,-538566000
2012-12-31,yearly,507237000,633671000,,,-81144000,-45290000,,-1104598000,462825980,,0,-134535010,527392000,392857000,-597361000
2011-12-31,yearly,29443000,503110020,,,-403861000,-69806000,,-471329980,286171000,,0,-155716000,683107970,527392000,-441887000
2010-12-31,yearly,457747000,400027000,,,57720000,0,,-517456000,26581000,,0,-33128000,827967000,794839000,-59709000
