endDate,type,operatingCashFlow,incomeFromOperations,netIncomeBeforeTaxes,adjustmentsToProfitOrLoss,changesInAssetsAndLiabilities,otherOperatingActivities,cashGeneratedInOperations,investmentCashFlow,financingCashFlow,exchangeVariationWithoutCash,foreignExchangeRateWithoutCash,increaseOrDecreaseInCash,initialCashBalance,finalCashBalance,freeCashFlow
2025-12-31,yearly,1352000000,1230000000,,,122000000,0,,-507000000,-1486000000,,0,-641000000,2631000000,1990000000,845000000
2024-12-31,yearly,1363000100,1184999900,,,178000000,0,,338000000,-2040999900,,0,-340000000,2971000000,2631000000,1700999900
2023-12-31,yearly,563000000,1532000000,,,-969000000,0,,-1596999900,-1704999900,,89000000,-2649999900,5621000000,2971000000,-1034000000
2022-12-31,yearly,-216000000,2537000000,,,-2753000000,0,,2833999900,-4703000000,,-568000000,-2653000000,8274000000,5621000000,2617999900
2021-12-31,yearly,2728000000,2536000000,,,192000000,0,,-77000000,-2743000000,,-345000000,-437000000,8711000000,8274000000,2651000000
2020-12-31,yearly,4742000000,4167000000,,,575000000,0,,-4291000000,-281000000,,587000000,757000000,7954000000,8711000000,451000000
2019-12-31,yearly,1135000100,3845000000,,,-2710000100,0,,-3265999900,1894000000,,111000000,-126000000,8080000000,7954000000,-2131000100
2018-12-31,yearly,2585999900,3348000000,,,-762000000,0,,-1899000100,42000000,,0,729000000,7351000000,8080000000,687000000
2017-12-31,yearly,1895000100,3191000000,,,-1296000000,0,,-1592000000,-2094000000,,0,-1791000100,9142000000,7351000000,303000000
2016-12-31,yearly,-1304000000,2590000100,,,-3894000100,0,,-2020000000,1475000100,,-24000000,-1872999900,11015000000,9142000000,-3324000000
2015-12-31,yearly,4632000000,2889000000,,,1743000100,0,,-1852000000,-3006000100,,92000000,-134000000,11149000000,11015000000,2780000000
2014-12-31,yearly,5016000000,4992000000,,,24000000,0,,-1650000000,-636000000,,52000000,2782000100,8367000000,11149000000,3366000100
2013-12-31,yearly,4891950000,4260020000,,,631930000,0,,-2026530000,-1584495000,,0,1280925000,7086251000,8367176000,2865420000
2012-12-31,yearly,5299255000,3217041000,,,2082214000,0,,-1338883000,-1844076000,,0,2116295900,4969955000,7086251000,3960372000
2011-12-31,yearly,1128063000,2649258000,,,-1521195000,0,,-1625496100,1649394000,,0,1151961000,3817994000,4969955000,-497433000
2010-12-31,yearly,370965000,1221767000,,,-850802000,0,,-1437570000,2542671900,,0,1476067000,2341927000,3817994000,-1066605000
