endDate,type,operatingCashFlow,incomeFromOperations,netIncomeBeforeTaxes,adjustmentsToProfitOrLoss,changesInAssetsAndLiabilities,otherOperatingActivities,cashGeneratedInOperations,investmentCashFlow,financingCashFlow,exchangeVariationWithoutCash,foreignExchangeRateWithoutCash,increaseOrDecreaseInCash,initialCashBalance,finalCashBalance,freeCashFlow
2025-12-31,yearly,200333000000,253975000000,,,-25534000000,-28108000000,,-86114000000,-97122000000,,-1743000100,15354000000,20254000000,35608000000,114219000000
2024-12-31,yearly,204037000000,260414000000,,,-19977000000,-36400000000,,-72363000000,-179974000000,,6941000000,-41359000000,61613000000,20254000000,131674000000
2023-12-31,yearly,215696000000,285048000000,,,-18639999000,-50712000000,,-39495000000,-153435000000,,-2876000000,19890000000,41723000000,61613000000,176201000000
2022-12-31,yearly,255410000000,362138000000,,,-47581000000,-59147000000,,-4377000000,-264156000000,,-3636000000,-16759000000,58482000000,41723000000,251033000000
2021-12-31,yearly,203126000000,218158000000,,,-15032001000,0,,11073000000,-220297000000,,3649999900,-2448000000,60930000000,58482000000,214199000000
2020-12-31,yearly,148106000000,134827000000,,,13279000000,0,,-23455000000,-101773000000,,8323000000,31201000000,29729000000,60930000000,124651000000
2019-12-31,yearly,101766000000,134697000000,,,-32931000000,0,,-7952000000,-126336000000,,8397000000,-24125000000,53854000000,29729000000,93814000000
2018-12-31,yearly,95846000000,114042000000,,,-18196000000,0,,-18752000000,-106076000000,,8342000000,-20640000000,74494000000,53854000000,77094000000
2017-12-31,yearly,86467000000,95952000000,,,-9485000000,0,,-35218000000,-46482000000,,619000000,5386000000,69108000000,74494000000,51249000000
2016-12-31,yearly,89709000000,98677000000,,,-8967999000,0,,-40064000000,-66726000000,,-11655999000,-28737000000,97845000000,69108000000,49645000000
2015-12-31,yearly,86407000000,93139000000,,,-6732000300,0,,-42218000000,-14191000000,,23608000000,53606000000,44239000000,97845000000,44189000000
2014-12-31,yearly,62241000000,78148000000,,,-15907000000,0,,-85208000000,26149000000,,3885000000,7067000000,37172000000,44239000000,-22967000000
2013-12-31,yearly,56209347000,66044790000,,,-9502457000,-332985000,,-76673650000,27263023000,,2745103000,9543821000,27628003000,37171823000,-20464304000
2012-12-31,yearly,54145733000,67010327000,,,-8296955000,-4567637000,,-74940285000,11649677000,,1025639000,-8119237000,35747240000,27628003000,-20794552000
2011-12-31,yearly,56322100000,68071436000,,,-9992415000,-1756919000,,-57838236000,7664272000,,182915010,6331051000,29416190000,35747240000,-1516135900
2010-12-31,yearly,53435437000,59340200000,,,-6865932000,961167000,,-105567085000,53858177000,,-437496000,1289031000,29034228000,30323260000,-52131647000
