endDate,type,operatingCashFlow,incomeFromOperations,netIncomeBeforeTaxes,adjustmentsToProfitOrLoss,changesInAssetsAndLiabilities,otherOperatingActivities,cashGeneratedInOperations,investmentCashFlow,financingCashFlow,exchangeVariationWithoutCash,foreignExchangeRateWithoutCash,increaseOrDecreaseInCash,initialCashBalance,finalCashBalance,freeCashFlow
2025-12-31,yearly,1438765000,1969810000,,,-531045000,0,,-321188000,-968104000,,-21060000,128413000,2093398000,2221811000,1117577000
2024-12-31,yearly,1244148000,1929295000,,,-685147000,0,,-319321980,-393085000,,25536000,557277000,1536121000,2093398000,924826000
2023-12-31,yearly,1061126000,1357417000,,,-296291000,0,,-233400990,-425887000,,-37190000,364648000,1171473000,1536121000,827725000
2022-12-31,yearly,45367000,585783000,,,-540416000,0,,-94038000,-82963000,,-19868000,-151502000,1322975000,1171473000,-48671000
2021-12-31,yearly,188252990,576508030,,,-388255000,0,,-32761000,126398000,,154000,282044000,1040931000,1322975000,155492000
2020-12-31,yearly,175712000,440846020,,,-265134000,0,,-131171000,-120816000,,42584000,-33691000,1074622000,1040931000,44541000
2019-12-31,yearly,626538000,404744000,,,221794000,0,,-138547010,-278103000,,1267000,211155010,863467000,1074622000,487991000
2018-12-31,yearly,225231010,407270020,,,-182039010,0,,-112774000,-221859010,,14110000,-95292000,958759000,863467000,112457000
2017-12-31,yearly,294934020,271560000,,,23374000,0,,-47004000,-504374020,,5744000,-250700000,1209459000,958759000,247930000
2016-12-31,yearly,170987010,112851000,,,58136000,0,,356092000,-431521000,,-17261000,78297000,1131162000,1209459000,527079000
2015-12-31,yearly,491248000,301645000,,,189603010,0,,-127584000,93340000,,31543000,488547000,642615000,1131162000,363664000
2014-12-31,yearly,71953000,399247000,,,-327294020,0,,-107324000,47595000,,5674000,17898000,624717000,642615000,-35371000
2013-12-31,yearly,179968000,489928000,,,-309960000,0,,-300019000,366174020,,4375000,250498000,374219000,624717000,-120051000
2012-12-31,yearly,132892000,405888000,,,-272996000,0,,-277232000,-368277000,,2244000,-510373000,904318000,393945000,-144340000
2011-12-31,yearly,381785980,404369000,,,-22583000,0,,-74662000,-78031000,,3102000,232195010,672123000,904318000,307124000
2010-12-31,yearly,258584990,382925000,,,-124340000,0,,-81483000,-2061000,,-1890000,173151010,498972000,672123000,177102000
