endDate,type,operatingCashFlow,incomeFromOperations,netIncomeBeforeTaxes,adjustmentsToProfitOrLoss,changesInAssetsAndLiabilities,otherOperatingActivities,cashGeneratedInOperations,investmentCashFlow,financingCashFlow,exchangeVariationWithoutCash,foreignExchangeRateWithoutCash,increaseOrDecreaseInCash,initialCashBalance,finalCashBalance,freeCashFlow
2025-12-31,yearly,8176080000,7400403000,,,698362000,77315000,,-17199540000,8873301000,,-444909000,-595068030,3993359000,3398291000,-9023460000
2024-12-31,yearly,9669485000,9684712000,,,-93712000,78485000,,-14814285000,5830780000,,971976000,1657956000,2335403000,3993359000,-5144800300
2023-12-31,yearly,7740287000,9746434000,,,-2040161000,34014000,,-13244756000,-917103000,,-855986000,-7277558000,9612961000,2335403000,-5504469000
2022-12-31,yearly,4927159000,4591578000,,,331420000,4161000,,-175963010,4009917000,,-118833000,8642280000,970681000,9612961000,4751196000
2021-12-31,yearly,2183736000,2876959000,,,-692112000,-1111000,,-4743320000,2627429000,,93563000,161408000,809273000,970681000,-2559584000
2020-12-31,yearly,1617546000,1403316000,,,226428990,-12199000,,-585142000,-713295000,,30767000,349876000,459397000,809273000,1032403970
2019-12-31,yearly,444671000,777216000,,,-330974020,-1571000,,-1383308000,1189756000,,21285000,272404000,186992990,459397000,-938637000
2018-12-31,yearly,270116000,278297980,,,-12204000,4022000,,-338004000,121032000,,8520000,61664000,92445000,154108990,-67888000
2017-12-31,yearly,51536000,58112000,,,-18602000,12026000,,174000,13860000,,2082000,67652000,24793000,92445000,51710000
2016-12-31,yearly,114000000,19115000,,,95440000,-555000,,-391101000,-5699000,,23642000,-259158000,283951000,24793000,-277101000
2015-12-31,yearly,-20171000,61306000,,,-80887000,-590000,,-17367000,-8532000,,-20613000,-66683000,350633980,283951000,-37538000
2014-12-31,yearly,88168000,125303000,,,-37677000,542000,,222858000,6026000,,0,317052000,33582000,350633980,311025980
2013-12-31,yearly,-282875000,-280263000,,,204000,-2816000,,223935010,48880000,,6034000,-4026000,37608000,33582000,-58940000
2012-12-31,yearly,-234358000,-309457000,,,75164000,-65000,,207004990,9581000,,-1622000,-19394000,57002000,37608000,-27353000
2011-12-31,yearly,-503417980,-479854020,,,-18376000,-5188000,,378206020,161364000,,0,36152000,20850000,57002000,-125212000
2010-12-31,yearly,-2199821000,-166322000,,,-2031651000,-1848000,,-131067000,2347949000,,0,17061000,3789000,20850000,-2330888000
