endDate,type,operatingCashFlow,incomeFromOperations,netIncomeBeforeTaxes,adjustmentsToProfitOrLoss,changesInAssetsAndLiabilities,otherOperatingActivities,cashGeneratedInOperations,investmentCashFlow,financingCashFlow,exchangeVariationWithoutCash,foreignExchangeRateWithoutCash,increaseOrDecreaseInCash,initialCashBalance,finalCashBalance,freeCashFlow
2025-12-31,yearly,1368371000,4043298000,,,-1122161000,-1552766000,,-494409980,-1167532000,,0,-293571000,2191494000,1897923000,873961000
2024-12-31,yearly,2415087000,3002137000,,,734488000,-1321538000,,232840990,-1561837000,,0,1086091000,1105403000,2191494000,2647928000
2023-12-31,yearly,69766000,2588400100,,,-1416407000,-1102227000,,72190000,-1470461000,,0,-1328505000,2433908000,1105403000,141956000
2022-12-31,yearly,2850592000,4946073000,,,-1417865000,-677616000,,-1526193000,-291325000,,0,1033074000,1400834000,2433908000,1324399000
2021-12-31,yearly,2471524000,1731621000,,,1396691000,-656787970,,-929224000,-1057347000,,0,484953000,915881000,1400834000,1542300000
2020-12-31,yearly,1438758000,1931245000,,,209823010,-702310000,,-448563000,-967577000,,0,22618000,893263000,915881000,990195000
2019-12-31,yearly,1233451000,1628298000,,,50612000,-445459000,,-316032000,-793628030,,0,123791000,769472000,893263000,917419000
2018-12-31,yearly,1031725000,1531190000,,,64779000,-564243970,,-168114000,-1360714000,,0,-497103000,1266575000,769472000,863611000
2017-12-31,yearly,1314404000,1354655000,,,248978000,-289229000,,-487513000,-442383000,,0,384508000,882067000,1266575000,826891000
2016-12-31,yearly,520461000,1122084000,,,-100103000,-501520000,,-442773000,-350525000,,0,-272837000,1154904100,882067000,77688000
2015-12-31,yearly,1041699970,1196914000,,,53474000,-208688000,,-456719000,-433939000,,0,151042000,1003862000,1154904100,584981000
2014-12-31,yearly,899903000,1036449000,,,-14687000,-121859000,,-389614020,-842930000,,0,-332641000,1336503000,1003862000,510289000
2013-12-31,yearly,1386158000,1528137000,,,-86785000,-55194000,,-364157000,-368800000,,0,653201000,683302000,1336503000,1022001000
2012-12-31,yearly,-182176000,793597000,,,-986876030,11103000,,-357609980,-301174020,,0,-840960000,1524262000,683302000,-539786000
2011-12-31,yearly,703746000,746818000,,,-47031000,3959000,,-370785980,-295915000,,0,37045000,1487217000,1524262000,332960000
2010-12-31,yearly,491793980,765672000,,,-19590000,-254288000,,-363524000,-126867000,,0,1403000,38040000,39443000,128270000
