endDate,type,operatingCashFlow,incomeFromOperations,netIncomeBeforeTaxes,adjustmentsToProfitOrLoss,changesInAssetsAndLiabilities,otherOperatingActivities,cashGeneratedInOperations,investmentCashFlow,financingCashFlow,exchangeVariationWithoutCash,foreignExchangeRateWithoutCash,increaseOrDecreaseInCash,initialCashBalance,finalCashBalance,freeCashFlow
2025-12-31,yearly,2430654000,4643518000,,,-1004444030,-1208420000,,-1405739000,-1043298000,,0,-18383000,528001980,509619000,1024915000
2024-12-31,yearly,2771263000,4367357000,,,-372227000,-1223867000,,-1412911000,-1242671000,,0,115681000,412321000,528001980,1358352000
2023-12-31,yearly,1785327000,4032690000,,,-1456609000,-790754000,,-1307123000,-499424000,,0,-21220000,433541000,412321000,478204000
2022-12-31,yearly,1682255000,3421596000,,,-934667000,-804674000,,-1229582000,-375249980,,0,77423000,356118020,433541000,452673000
2021-12-31,yearly,1550545000,2731121000,,,-455000000,-725576000,,-885950000,-1188834000,,0,-524239000,880357000,356118020,664595000
2020-12-31,yearly,1477238000,2240831000,,,-294049000,-469544000,,-673097000,-223010000,,0,581131000,299225980,880357000,804141000
2019-12-31,yearly,749111000,1819335900,,,-680849000,-389376000,,-2740000,-688713000,,0,57658000,241568000,299225980,746371000
2018-12-31,yearly,682866000,1168165000,,,-323440000,-161859010,,-702968000,-3203000,,0,-23305000,264872990,241568000,-20102000
2017-12-31,yearly,628840000,1123361000,,,-344483000,-150038000,,-639180030,-1419000,,0,-11759000,276632000,264872990,-10340000
2016-12-31,yearly,555529000,938195000,,,-257108990,-125557000,,-489057000,-55891000,,0,10581000,266051010,276632000,66472000
2015-12-31,yearly,501695000,692919000,,,-109321000,-81903000,,-387475000,-129358000,,0,-15138000,281189000,266051010,114220000
2014-12-31,yearly,359926020,521804000,,,-117373000,-44505000,,-270969980,-49652000,,0,39304000,241884990,281189000,88956000
2013-12-31,yearly,305743000,342421000,,,-22505000,-14173000,,-236810000,5989000,,0,74922000,166963010,241884990,68933000
2012-12-31,yearly,105334000,324721980,,,-189108000,-30280000,,-257959010,-20383000,,0,-173008000,339971000,166963010,-152624990
2011-12-31,yearly,28619000,158252990,,,-97694000,-31940000,,143198000,-12692000,,0,159124990,180846000,339971000,171816990
2010-12-31,yearly,52446000,158428990,,,-74188000,-31795000,,-100706000,101414000,,0,53154000,127692000,180846000,-48260000
