endDate,type,operatingCashFlow,incomeFromOperations,netIncomeBeforeTaxes,adjustmentsToProfitOrLoss,changesInAssetsAndLiabilities,otherOperatingActivities,cashGeneratedInOperations,investmentCashFlow,financingCashFlow,exchangeVariationWithoutCash,foreignExchangeRateWithoutCash,increaseOrDecreaseInCash,initialCashBalance,finalCashBalance,freeCashFlow
2025-12-31,yearly,7141811000,8905972000,,,-1764161000,0,,-5551660000,-2032445000,,-1192000,-443486020,7461618000,7018132000,1590151000
2024-12-31,yearly,7664727000,8871703000,,,-1206976000,0,,-4723828000,-2714880000,,1606000,227624990,7233993000,7461618000,2940899000
2023-12-31,yearly,5450996000,6761212000,,,-1310215900,0,,-3905723000,-1696474000,,-227000,-151428000,7385421000,7233993000,1545273000
2022-12-31,yearly,4830993000,5493585000,,,-662592000,0,,-886313000,-5983722000,,-23730000,-2062772000,9448193000,7385421000,3944680000
2021-12-31,yearly,3340015000,3785920000,,,-445905000,0,,-3355254000,1297878000,,386948000,1669587000,7778606000,9448193000,-15239000
2020-12-31,yearly,2906270000,3473689000,,,-567419000,0,,-2469266000,5419603000,,-41015000,5815592000,1963014000,7778606000,437004000
2019-12-31,yearly,3524802000,3913198000,,,-388396000,0,,-798259970,-905944000,,889000,1821487000,141527010,1963014000,2726542000
2018-12-31,yearly,2704713000,3500938000,,,-796225000,0,,-1411192100,-1456801000,,126803000,-36477000,178004000,141527010,1293521000
2017-12-31,yearly,2311247900,2896700000,,,-585452030,0,,-4102852000,1681013000,,28068000,-82523000,260527010,178004000,-1791604000
2016-12-31,yearly,1212750000,1375572000,,,-162822000,0,,-1744107000,756051970,,0,224695010,35832000,260527010,-531357000
2015-12-31,yearly,1339462000,1740277000,,,-400815000,0,,-1475239000,-1155513000,,0,-1291290000,1327122000,35832000,-135776990
2014-12-31,yearly,377953980,-17688000,,,395641980,0,,-1372646000,-314685000,,0,-1309377000,2636499000,1327122000,-994691970
2013-12-31,yearly,876566000,780655000,,,95911000,0,,-925091970,457801980,,0,409276000,2508360000,2917636000,-48526000
2012-12-31,yearly,661132030,633144000,,,27988000,0,,-893991000,641481000,,0,408622020,2099738000,2508360000,-232859010
2011-12-31,yearly,697883000,588013000,,,109870000,0,,-908313000,335608000,,0,125178000,1974560000,2099738000,-210430000
2010-12-31,yearly,457219000,650435970,,,-193216990,0,,-868391000,-187992990,,0,-599165000,2573725000,1974560000,-411172000
