endDate,type,operatingCashFlow,incomeFromOperations,netIncomeBeforeTaxes,adjustmentsToProfitOrLoss,changesInAssetsAndLiabilities,otherOperatingActivities,cashGeneratedInOperations,investmentCashFlow,financingCashFlow,exchangeVariationWithoutCash,foreignExchangeRateWithoutCash,increaseOrDecreaseInCash,initialCashBalance,finalCashBalance,freeCashFlow
2025-12-31,yearly,2581808100,1878146000,,,703662000,0,,-2886301000,1965991900,,-91777000,1569722000,2252138000,3821860000,-304493000
2024-12-31,yearly,376135000,2163009000,,,-1786874000,0,,-1149015000,160211010,,0,-612669000,2864807000,2252138000,-772880000
2023-12-31,yearly,2181891000,1840911000,,,340980000,0,,-607002000,-1214944000,,0,359945000,2504862000,2864807000,1574889000
2022-12-31,yearly,1129815000,1666124000,,,-536309000,0,,-661406000,145694000,,0,614103000,1890759000,2504862000,468409000
2021-12-31,yearly,909061000,1522641000,,,-613580030,0,,-584355970,-94310000,,0,230395010,1660364000,1890759000,324705000
2020-12-31,yearly,808482000,876986000,,,-68504000,0,,-455820000,135672990,,0,488335000,1172029000,1660364000,352662020
2019-12-31,yearly,488006020,821857000,,,-333851000,0,,-211163010,-328792000,,0,-51949000,1229151000,1177202000,276843000
2018-12-31,yearly,376054020,680012030,,,-303958020,0,,-396435000,247932990,,0,227552000,1001599000,1229151000,-20381000
2017-12-31,yearly,455897980,522549000,,,-66651000,0,,-117629000,-470313000,,0,-132044000,1133643000,1001599000,338269000
2016-12-31,yearly,445657000,239027010,,,206630000,0,,15156000,-655574000,,0,-194760990,1328404000,1133643000,460813000
2015-12-31,yearly,157627010,498510020,,,-340883000,0,,-131457000,-55856000,,0,-29686000,1358090000,1328404000,26170000
2014-12-31,yearly,696111000,644957000,,,51154000,0,,-129335000,-375236000,,0,191540000,1166550000,1358090000,566776000
2013-12-31,yearly,426352000,728328000,,,-301976000,0,,-159598000,44541000,,0,311295000,855255000,1166550000,266754000
2012-12-31,yearly,271945000,315515000,,,-43570000,0,,-242416000,89535000,,0,119064000,736191000,855255000,29529000
2011-12-31,yearly,11763000,677531000,,,-665768000,0,,-248272990,-76782000,,0,-313292000,1049483000,736191000,-236510000
2010-12-31,yearly,223582000,556722000,,,-333140000,0,,-186172990,395415000,,0,432824000,616659000,1049483000,37409000
