endDate,type,operatingCashFlow,incomeFromOperations,netIncomeBeforeTaxes,adjustmentsToProfitOrLoss,changesInAssetsAndLiabilities,otherOperatingActivities,cashGeneratedInOperations,investmentCashFlow,financingCashFlow,exchangeVariationWithoutCash,foreignExchangeRateWithoutCash,increaseOrDecreaseInCash,initialCashBalance,finalCashBalance,freeCashFlow
2025-12-31,yearly,2146418000,14627511000,,,-6446776000,-6034317000,,-436784000,-3563964000,,1303000,-1853027000,3568636000,1715609000,1709634000
2024-12-31,yearly,650353000,12343341000,,,-5809573000,-5883415000,,-452133000,1367630000,,1889000,1567739000,2000897000,3568636000,198220000
2023-12-31,yearly,-9913135000,10474770000,,,-11267565000,-9120340000,,189476000,10218933000,,0,495273980,1505623000,2000897000,-9723659000
2022-12-31,yearly,-9096644000,5635024000,,,-11834624000,-2897044000,,4522366000,5720615000,,0,1146337000,444139000,1590476000,-4574278000
2021-12-31,yearly,-3371341000,2928529000,,,-7690118000,1390247900,,-147018000,1376105000,,0,-2142254000,2586393000,444139000,-3518359000
2020-12-31,yearly,483316000,7874473000,,,-5947918000,-1443239000,,-115938000,-1087000,,0,366291000,2220102000,2586393000,367377980
2019-12-31,yearly,-2896179000,8191826000,,,-9982849000,-1105156000,,-193690000,3134669000,,0,44800000,2175302000,2220102000,-3089869000
2018-12-31,yearly,-67423000,5897493000,,,-6417255000,452339000,,-42844000,947374000,,0,837107000,1338195000,2175302000,-110267000
2017-12-31,yearly,-2443028000,3994171000,,,-4567491000,-1869708000,,-508197000,2597159000,,0,-354065980,1692261000,1338195000,-2951225000
2016-12-31,yearly,-226788000,2813557000,,,-2504770000,-535575000,,-126590000,660536000,,0,307158020,1385103000,1692261000,-353377980
2015-12-31,yearly,-3401000,2423723000,,,-1963563000,-463561000,,-60380000,58695000,,0,-5086000,1390189000,1385103000,-63781000
2014-12-31,yearly,253387010,2488329000,,,-1793816100,-441126020,,-194320000,320382020,,0,379449000,1010739970,1390189000,59067000
2013-12-31,yearly,321620000,2253458000,,,-1671323000,-260515010,,-54053000,-80693000,,0,186874000,823866000,1010739970,267567010
2012-12-31,yearly,281513000,2012480000,,,-1439480100,-291487000,,-80772000,-87877000,,0,112864000,711002000,823866000,200740990
2011-12-31,yearly,54256000,1867413000,,,-1493095900,-320061000,,-62993000,304057980,,0,295321000,415681000,711002000,-8737000
2010-12-31,yearly,-124617000,1657701000,,,-1782318000,0,,-51202000,131881000,,0,-43938000,459619000,415681000,-175819010
