endDate,type,operatingCashFlow,incomeFromOperations,netIncomeBeforeTaxes,adjustmentsToProfitOrLoss,changesInAssetsAndLiabilities,otherOperatingActivities,cashGeneratedInOperations,investmentCashFlow,financingCashFlow,exchangeVariationWithoutCash,foreignExchangeRateWithoutCash,increaseOrDecreaseInCash,initialCashBalance,finalCashBalance,freeCashFlow
2025-12-31,yearly,3970136000,,15463827000,-2774282000,-8719409000,0,12689545000.0,6208926000,-6681898000,11000,,3497175000,71125770000,74622940000,10179062000
2024-12-31,yearly,-27802358000,,13035452000,-16310212000,-24527598000,0,-3274760000.0,-2123313000,10586426000,-177000,,-19339422000,90465190000,71125770000,-29925670000
2023-12-31,yearly,7363762000,,8864230000,-7896305000,6395837000,0,967925000.0,17339738000,15006024000,-11741000,,39697785000,50767410000,90465190000,24703500000
2022-12-31,yearly,44517413000,,12358525000,35098026000,-2939140000,0,47456550000.0,-46778106000,18730470000,0,,16469773000,34297637000,50767410000,-2260696000
2021-12-31,yearly,6807143000,1660516000.0,15559324000,-13898808000,5146627000,0,,-1926692000,-658510000,0,,4221941000,28446808000,32668750000,4880451000
2020-12-31,yearly,42317955000,-17817324000.0,13450753000,-31268076000,60135280000,0,,-1163097000,-34151715000,0,,7003145000,21443664000,28446808000,41154860000
2019-12-31,yearly,24871800000,31286327000.0,16631450000,1870836000,-6414527000,0,,-2305410000,-26199863000,-99000,,-3633572000,25285160000,21651587000,22566390000
2018-12-31,yearly,8277372000,27565322000.0,12799918000,1216704000,-19287950000,0,,-2360078000,-3303036000,0,,2614258000,22670901000,25285160000,5917294000
2017-12-31,yearly,50291050000,26153160000.0,9138048000,1190967000,24137890000,0,,-1453005000,-44296724000,0,,4541321000,18129580000,22670901000,48838046000
2016-12-31,yearly,6748607000,31533281000.0,7464918000,1154588000,-24784675000,0,,-1268284000,-18192507000,-2289849000,,-15002033000,33131614000,18129580000,5480323000
2015-12-31,yearly,4026292000,8278450000.0,9833826000,1029706000,-4252158000,0,,-760835000,4359535000,2106652000,,9731644000,23399970000,33131614000,3265457000
2014-12-31,yearly,-4093876000,18031280000.0,5707776000,872749000,-22125156000,0,,-3156555000,-7337607000,0,,-14588038000,37988008000,23399970000,-7250431000
2013-12-31,yearly,21724416000,21104822000.0,5848124000,726989000,619595000,0,,-2316124000,-1037965000,0,,18370329000,19617680000,37988008000,19408294000
2012-12-31,yearly,4581806000,22757902000.0,5459278000,724990000,-18176096000,0,,-2735331000,8753798000,0,,10600273000,9017407000,19617680000,1846475000
2011-12-31,yearly,-11110073000,19671780000.0,7755853000,570131970,-30781852000,0,,210603010,10569978000,0,,-329492000,9346899000,9017407000,-10899470000
2010-12-31,yearly,-10326319000,18797857000.0,7382574000,487625980,-30178781000,1054606000,,-2367320000,3310135000,0,,-9383504000,18730404000,9346899000,-12693639000
