endDate,type,operatingCashFlow,incomeFromOperations,netIncomeBeforeTaxes,adjustmentsToProfitOrLoss,changesInAssetsAndLiabilities,otherOperatingActivities,cashGeneratedInOperations,investmentCashFlow,financingCashFlow,exchangeVariationWithoutCash,foreignExchangeRateWithoutCash,increaseOrDecreaseInCash,initialCashBalance,finalCashBalance,freeCashFlow
2025-12-31,yearly,7060383700,3751701000,,,3308683000,0,,-2615418000,-637592000,,0,3807374000,1800757000,5608131000,4444966000
2024-12-31,yearly,2775021000,2747163000,,,27858000,0,,-1908908000,-350513980,,0,515599000,1285158000,1800757000,866113000
2023-12-31,yearly,2382264000,2645593000,,,-263328990,0,,-1914714000,-390324000,,0,77226000,1207932000,1285158000,467550020
2022-12-31,yearly,1991254000,2380911000,,,-389657000,0,,-1749322000,-17127000,,0,224804990,983127000,1207932000,241932000
2021-12-31,yearly,1701536000,2158737000,,,-457201000,0,,-1321112100,-271620000,,0,108804000,874323000,983127000,380424000
2020-12-31,yearly,1595544100,1711644000,,,-116100000,0,,-970024000,-25256000,,0,600264000,274059000,874323000,625520000
2019-12-31,yearly,1460551000,1797159000,,,-336608000,0,,-1029603970,-483512000,,0,-52565000,326624000,274059000,430947000
2018-12-31,yearly,1362006000,1435406000,,,-73400000,0,,-980030000,-589240000,,0,-207264000,533888000,326624000,381976000
2017-12-31,yearly,1353848100,1301915000,,,51933000,0,,-788963970,-669326000,,0,-104442000,638330000,533888000,564883970
2016-12-31,yearly,1096717000,1249885000,,,-153168000,0,,-708833000,86649000,,0,474533000,163796990,638330000,387884000
2015-12-31,yearly,872250000,940970000,,,-68720000,0,,-796732030,19218000,,0,94736000,69061000,163796990,75518000
2014-12-31,yearly,774929000,851478000,,,-76549000,0,,-959566000,106916000,,0,-77721000,146782000,69061000,-184636990
2013-12-31,yearly,796811000,829935000,,,-33124000,0,,-787001000,-82203000,,0,-72393000,219175010,146782000,9810000
2012-12-31,yearly,726914000,749843000,,,-22929000,0,,-476334020,-171696990,,0,78883000,140292000,219175010,250580000
2011-12-31,yearly,602640000,654841000,,,-52201000,0,,-354180000,-204608990,,0,43851000,96441000,140292000,248460000
2010-12-31,yearly,467171000,509359000,,,-42188000,0,,-397232000,-92953000,,0,-23014000,119455000,96441000,69939000
