endDate,type,operatingCashFlow,incomeFromOperations,netIncomeBeforeTaxes,adjustmentsToProfitOrLoss,changesInAssetsAndLiabilities,otherOperatingActivities,cashGeneratedInOperations,investmentCashFlow,financingCashFlow,exchangeVariationWithoutCash,foreignExchangeRateWithoutCash,increaseOrDecreaseInCash,initialCashBalance,finalCashBalance,freeCashFlow
2025-12-31,yearly,8361115000,13677806000,,,-101988000,-5214703000,,-15703622000,10323127000,,0,2980620000,1682606000,4663226000,-7342507000
2024-12-31,yearly,7404568000,12218508000,,,-1074040100,-3739900000,,-9975642000,3415196000,,0,844122000,838483970,1682606000,-2571074000
2023-12-31,yearly,4854352000,11017640000,,,-2658258000,-3505030000,,-4905512000,-977841000,,0,-1029001000,1867485000,838483970,-51160000
2022-12-31,yearly,3967599000,8950516000,,,-2108743000,-2874174000,,-2878348000,60305000,,0,1149556000,717929000,1867485000,1089251000
2021-12-31,yearly,3913753000,7488188000,,,-1520421000,-2054014000,,-2663207000,-929018000,,0,321528000,396401000,717929000,1250546000
2020-12-31,yearly,4978207700,7054238000,,,-1076293000,-999737000,,-6768668000,-66349000,,0,-1856809000,2253210000,396401000,-1790460000
2019-12-31,yearly,4197245000,6777343000,,,-620025000,-1960073000,,-3267284000,-1705942000,,0,-775981000,3029191000,2253210000,929961000
2018-12-31,yearly,3842920000,6325278000,,,-862233000,-1620125000,,-2189287000,-907489000,,0,746144000,2283047000,3029191000,1653633000
2017-12-31,yearly,3301882000,5878323000,,,-968243970,-1608197000,,-1971444000,-933612030,,0,396825980,1886221000,2283047000,1330438000
2016-12-31,yearly,3003592000,4945074000,,,-171800990,-1769681000,,-2130720000,-625865000,,0,247007010,1639214000,1886221000,872872000
2015-12-31,yearly,2641400000,3698383900,,,-328553000,-728431000,,-2459480000,-265696990,,0,-83777000,1722991000,1639214000,181920000
2014-12-31,yearly,2480252000,3621768000,,,-102341000,-1039175000,,-2757741000,218479010,,0,-59010000,1782001000,1722991000,-277489000
2013-12-31,yearly,2777182000,4577454000,,,-600027000,-1200245000,,-2281499000,-629656000,,0,-133973000,1915974000,1782001000,495683000
2012-12-31,yearly,2336220000,4553993000,,,-1066419000,-1151354000,,-1998778000,-566253000,,0,-228811010,2149989000,1921178000,337441980
2011-12-31,yearly,2717058000,4380351000,,,-337956000,-1325337000,,-2008278000,-547970000,,0,160810000,1989179000,2149989000,708780030
2010-12-31,yearly,2083049000,4114948000,,,-679847000,-1352052000,,-2091369000,1226491000,,0,1218171000,771008000,1989179000,-8320000
