endDate,type,operatingCashFlow,incomeFromOperations,netIncomeBeforeTaxes,adjustmentsToProfitOrLoss,changesInAssetsAndLiabilities,otherOperatingActivities,cashGeneratedInOperations,investmentCashFlow,financingCashFlow,exchangeVariationWithoutCash,foreignExchangeRateWithoutCash,increaseOrDecreaseInCash,initialCashBalance,finalCashBalance,freeCashFlow
2025-12-31,yearly,1808281000,2771642000,,,-963361000,0,,-1810196000,669926000,,0,668011000,1979575000,2647586000,-1915000
2024-12-31,yearly,1480131000,2306554000,,,-826423000,0,,-843113000,-271145980,,0,365872000,1613703000,1979575000,637018000
2023-12-31,yearly,1852819000,2813813000,,,-960994000,0,,-856414000,-618477000,,0,377928000,1235775000,1613703000,996405000
2022-12-31,yearly,1991777000,3073066000,,,-1081289000,0,,-485813000,-409969000,,0,1095995000,139780000,1235775000,1505964000
2021-12-31,yearly,435089980,1743771000,,,-1308681000,0,,-476195000,-1423168000,,0,-1464273000,1604053000,139780000,-41105000
2020-12-31,yearly,784861000,1155649000,,,-370788000,0,,-169846000,159611010,,0,774626000,829427000,1604053000,615015000
2019-12-31,yearly,532161000,778746000,,,-246584990,0,,-160300000,-54742000,,0,317119000,512308000,829427000,371861000
2018-12-31,yearly,407509000,787403000,,,-379894020,0,,-191780990,-314959000,,0,-99231000,611539000,512308000,215728000
2017-12-31,yearly,371612000,683978000,,,-312366020,0,,-131182000,-517631000,,0,-277201000,888739970,611539000,240430000
2016-12-31,yearly,305651000,204468000,,,101183000,0,,-96922000,56403000,,0,265132000,623608000,888739970,208728990
2015-12-31,yearly,274832000,367621000,,,-92789000,0,,-142348000,251983010,,0,384467000,239140990,623608000,132484000
2014-12-31,yearly,75631000,219316000,,,-143684990,0,,-181991010,113147000,,0,6787000,232354000,239140990,-106360000
2013-12-31,yearly,-63138000,204160990,,,-267299010,0,,-243778000,395382020,,0,88466000,143888000,232354000,-306916000
2012-12-31,yearly,28664000,247308990,,,-218644990,0,,-159134000,147000990,,0,16531000,127357000,143888000,-130470000
2011-12-31,yearly,323161000,210700990,,,112460000,0,,-415775000,112858000,,0,20244000,110219000,130463000,-92614000
2010-12-31,yearly,237960990,229011010,,,8950000,0,,-224870000,-45123000,,0,-32032000,142251010,110219000,13091000
