endDate,type,operatingCashFlow,incomeFromOperations,netIncomeBeforeTaxes,adjustmentsToProfitOrLoss,changesInAssetsAndLiabilities,otherOperatingActivities,cashGeneratedInOperations,investmentCashFlow,financingCashFlow,exchangeVariationWithoutCash,foreignExchangeRateWithoutCash,increaseOrDecreaseInCash,initialCashBalance,finalCashBalance,freeCashFlow
2025-12-31,yearly,2092679900,3511244000,,,-28903000,-1389661000,,-2771104000,556520000,,-37919000,-159823010,1490624000,1330801000,-678424000
2024-12-31,yearly,1375541000,2746072000,,,-323657980,-1046873000,,-2128231000,1079556000,,60325000,387191000,1103433000,1490624000,-752690000
2023-12-31,yearly,1310283000,2079775000,,,70989000,-840481000,,-993386000,-471817000,,6935000,-147984990,1251418000,1103433000,316897000
2022-12-31,yearly,533830020,1272588000,,,-77930000,-660828030,,-647335000,-528235000,,-64670000,-706410000,1957828000,1251418000,-113505000
2021-12-31,yearly,33528000,538572030,,,-96032000,-409012000,,-2348269000,3259343900,,-6386000,938217000,1019611000,1957828000,-2314741000
2020-12-31,yearly,-156264990,311601980,,,-90499000,-377368000,,-727728000,419960000,,132263000,-331769980,1351381000,1019611000,-883993000
2019-12-31,yearly,502237000,994090000,,,-145074000,-346779000,,-882542000,1090483000,,-25577000,684601000,666780030,1351381000,-380305000
2018-12-31,yearly,131533000,303801000,,,-58943000,-113325000,,-569424000,286198020,,21316000,-130377000,807730000,677353000,-437891000
2017-12-31,yearly,126721000,197472000,,,8914000,-79665000,,-311942020,758029000,,2019000,574827000,232903010,807730000,-185220990
2016-12-31,yearly,84107000,181340000,,,-11258000,-85975000,,-170835010,249656000,,-16000,162912000,69991000,232903010,-86728000
