endDate,type,operatingCashFlow,incomeFromOperations,netIncomeBeforeTaxes,adjustmentsToProfitOrLoss,changesInAssetsAndLiabilities,otherOperatingActivities,cashGeneratedInOperations,investmentCashFlow,financingCashFlow,exchangeVariationWithoutCash,foreignExchangeRateWithoutCash,increaseOrDecreaseInCash,initialCashBalance,finalCashBalance,freeCashFlow
2026-03-31,yearly,3224879000,3768161000,,,163218000,-706499970,,-4215626000,200964000,,-13542000,-803325000,898588030,95263000,-990747000
2025-03-31,yearly,2689537000,4220958000,,,-962938000,-568483000,,-1744570000,-220552000,,-30387000,694028030,204560000,898588030,944967000
2024-03-31,yearly,3760500000,5547973000,,,-1312947000,-474526020,,-2496082000,-1333266000,,0,-68848000,273408000,204560000,1264418000
2023-03-31,yearly,2987368000,4480781000,,,-1122244000,-371169000,,-2256680000,-572183000,,0,158504990,114903000,273408000,730688000
2022-03-31,yearly,3446808000,4300958000,,,-624711000,-229439010,,-4194201000,573946000,,0,-173447010,288350020,114903000,-747393000
2021-03-31,yearly,2273225000,3405653000,,,-889562000,-242866000,,-690094000,-1386847000,,0,196284000,92066000,288350020,1583131000
2020-03-31,yearly,1956879000,2551266000,,,-397201980,-197184990,,-1287980000,-774440000,,0,-105541000,197607010,92066000,668899000
2019-03-31,yearly,1680974000,1797831900,,,118753000,-235611010,,-1765833000,141600990,,0,56742000,140864990,197607010,-84859000
2018-03-31,yearly,1505151000,1691168000,,,116879000,-302896000,,-1414530000,-92210000,,0,-1589000,142454000,140864990,90621000
2017-03-31,yearly,949322000,1262931000,,,-99574000,-214035010,,-816531970,-256995010,,0,-124205000,266659010,142454000,132790000
2016-03-31,yearly,749643000,1133924000,,,-188674000,-195607010,,-1452523000,-50573000,,0,-753453000,1020112000,266659010,-702880000
2015-03-31,yearly,806851000,1025983000,,,-80750000,-138382000,,-689617000,351519000,,0,468753000,551359000,1020112000,117234000
2014-03-31,yearly,473417980,617203970,,,-55449000,-88337000,,-530689000,77489000,,0,20218000,531141000,551359000,-57271000
2013-03-31,yearly,494609980,709371000,,,-147710000,-67051000,,-889564030,618677000,,0,223723010,410567000,634290000,-394953980
2012-03-31,yearly,468265980,575816000,,,-55520000,-52030000,,-569714000,289796000,,0,188348000,222219010,410567000,-101448000
2011-03-31,yearly,476005000,563521000,,,-13044000,-74472000,,-315356000,-66216000,,0,94433000,130634000,225067010,160648990
