endDate,type,operatingCashFlow,incomeFromOperations,netIncomeBeforeTaxes,adjustmentsToProfitOrLoss,changesInAssetsAndLiabilities,otherOperatingActivities,cashGeneratedInOperations,investmentCashFlow,financingCashFlow,exchangeVariationWithoutCash,foreignExchangeRateWithoutCash,increaseOrDecreaseInCash,initialCashBalance,finalCashBalance,freeCashFlow
2025-12-31,yearly,18152176000,21584173000,,,1296996000,-4728995000,,-9832727000,-1819627000,,-338886020,6160935000,9018818000,15179753000,8319448000
2024-12-31,yearly,20604426000,22715298000,,,1036453000,-3147323000,,-20512741000,-83765000,,665026000,672947000,8345871000,9018818000,91686000
2023-12-31,yearly,17315478000,18153834000,,,2357011000,-3195368000,,-26035296000,7798864000,,-239124990,-1160080000,9505951000,8345871000,-8719819000
2022-12-31,yearly,21640620000,27743586000,,,-2322290000,-3780676000,,-17015758000,-8107207000,,-602480000,-4084825000,13590776000,9505951000,4624862000
2021-12-31,yearly,17637493000,23235099000,,,-2375673000,-3221932000,,-10358691000,-1573891000,,1050808000,6755719000,6835057000,13590776000,7278802000
2020-12-31,yearly,13124636000,14485751000,,,2263659000,-3624774000,,-736417000,-9785139000,,982850000,3585930000,3249127000,6835057000,12388219000
2019-12-31,yearly,7576437000,10460681000,,,598336000,-3482580000,,-11695019000,3141809000,,-161552990,-1138326000,4387453000,3249127000,-4118582000
2018-12-31,yearly,5170850000,6502341000,,,-1331491000,0,,-21962711000,20035050000,,67433000,3310620000,1076833000,4387453000,-16791862000
2017-12-31,yearly,2949994000,4557561000,,,-1607567000,0,,-1008334000,-2494223900,,14700000,-537864000,1614697000,1076833000,1941660000
2016-12-31,yearly,3003175000,4014578000,,,-1011403000,0,,-3342484000,638446000,,-161686000,137451010,1477246000,1614697000,-339309000
2015-12-31,yearly,2350709000,4903648300,,,-2552939000,0,,-2350762000,-2484199000,,275383000,-2208869000,3686115000,1477246000,-53000
2014-12-31,yearly,1464814000,2813635000,,,-1348821000,0,,-1397770000,-186787010,,116218000,-3525000,3689640000,3686115000,67044000
2013-12-31,yearly,40735000,2165599000,,,-2124864000,0,,-1924218000,1097088000,,138427010,-647968000,4337608000,3689640000,-1883483000
2012-12-31,yearly,669890000,1697804000,,,-1027914000,0,,-2714266000,3057577000,,50469000,1063670000,3273938000,4337608000,-2044376100
2011-12-31,yearly,942310000,1277526000,,,-335216000,0,,-3229255000,1796717000,,28728000,-461500000,3735438000,3273938000,-2286945000
2010-12-31,yearly,1177867000,1493423000,,,-315556000,0,,-352495000,385628000,,-8847000,1202153000,2533285000,3735438000,825372030
