endDate,type,operatingCashFlow,incomeFromOperations,netIncomeBeforeTaxes,adjustmentsToProfitOrLoss,changesInAssetsAndLiabilities,otherOperatingActivities,cashGeneratedInOperations,investmentCashFlow,financingCashFlow,exchangeVariationWithoutCash,foreignExchangeRateWithoutCash,increaseOrDecreaseInCash,initialCashBalance,finalCashBalance,freeCashFlow
2025-12-31,yearly,1531430000,547419000,,,984011000,0,,-611368000,-929442000,,0,-9380000,750976000,741596030,920062000
2024-12-31,yearly,1540337000,422617000,,,1117720100,0,,-37365000,-2058117000,,0,-555145000,1306121000,750976000,1502972000
2023-12-31,yearly,756402000,512350020,,,244052000,0,,-75297000,-458158020,,0,222947010,1083174000,1306121000,681105000
2022-12-31,yearly,2010871000,512457980,,,1498413000,0,,-311208000,-1001313000,,0,698350000,384824000,1083174000,1699663000
2021-12-31,yearly,1448574000,340425000,,,1108149000,0,,-128818000,-1830963000,,0,-511207000,896031000,384824000,1319756000
2020-12-31,yearly,517544000,219120990,,,298423000,0,,1388896000,-1092971000,,0,813469000,82562000,896031000,1906439900
2019-12-31,yearly,896179000,114018000,,,782161000,0,,-1813634000,979148030,,0,61693000,20869000,82562000,-917455000
2018-12-31,yearly,1197327000,133197000,,,1064130000,0,,-237256000,-995882000,,0,-35811000,56680000,20869000,960071000
2017-12-31,yearly,1472807900,90608000,,,1382200100,0,,-329157000,-1188476000,,0,-44825000,101505000,56680000,1143651000
2016-12-31,yearly,1613393000,156387010,,,1457006000,0,,-184011010,-1460318000,,0,-30936000,132441000,101505000,1429382000
2015-12-31,yearly,1684987000,156256000,,,1528731000,0,,-6313000,-1648086000,,0,30588000,101853000,132441000,1678674000
2014-12-31,yearly,1726941000,161907010,,,1565034000,0,,318990020,-2065218000,,0,-19287000,121140000,101853000,2045931000
2013-12-31,yearly,1186028000,182375010,,,1003653000,0,,-15222000,-1588362000,,0,-417556000,538696000,121140000,1170806000
2012-12-31,yearly,1034659000,219112000,,,966213000,-150666000,,-2645330000,1658531000,,0,47860000,495406020,543266000,-1610671000
2011-12-31,yearly,751458000,872866000,,,-121408000,0,,-857018000,192744990,,0,87185000,414577980,501763000,-105560000
2010-12-31,yearly,605247000,581533000,,,23714000,0,,-19691000,-290273000,,0,295283000,119295000,414577980,585555970
