endDate,type,operatingCashFlow,incomeFromOperations,netIncomeBeforeTaxes,adjustmentsToProfitOrLoss,changesInAssetsAndLiabilities,otherOperatingActivities,cashGeneratedInOperations,investmentCashFlow,financingCashFlow,exchangeVariationWithoutCash,foreignExchangeRateWithoutCash,increaseOrDecreaseInCash,initialCashBalance,finalCashBalance,freeCashFlow
2025-12-31,yearly,290321000,685393000,,,-395072000,0,,-209528000,-143316990,,0,-62524000,92687000,30163000,80793000
2024-12-31,yearly,542184000,677708030,,,-135524000,0,,-234236000,-267316990,,0,40631000,52056000,92687000,307948000
2023-12-31,yearly,279947000,208330000,,,71617000,0,,-67368000,-244215010,,0,-31636000,83692000,52056000,212579010
2023-03-31,yearly,-997000,74915000,,,-75912000,0,,-2740000,-11810000,,0,-15547000,83692000,68145000,-3737000
2022-12-31,yearly,-367337980,-140503010,,,-226835010,0,,431463000,-67507000,,0,-3382000,87074000,83692000,64125000
2021-12-31,yearly,-163656990,38946000,,,-202603010,0,,138446000,42550000,,0,17339000,69735000,87074000,-25211000
2020-12-31,yearly,93979000,397745000,,,-303766020,0,,-249787010,177190000,,0,21382000,48353000,69735000,-155808000
2019-12-31,yearly,68810000,371855000,,,-303045000,0,,-209156000,154412000,,0,14066000,34287000,48353000,-140346000
2018-12-31,yearly,283441000,340996000,,,-57555000,0,,-362169980,73639000,,0,-5090000,39377000,34287000,-78729000
2017-12-31,yearly,188411010,218648990,,,-30238000,0,,-298223000,120775000,,0,10963000,28414000,39377000,-109812000
2016-12-31,yearly,137055010,130255000,,,6800000,0,,4997000,-135291010,,0,6761000,21653000,28414000,142052000
2015-12-31,yearly,-85495000,141344000,,,-226839010,0,,222288000,-176755010,,0,-39962000,61615000,21653000,136792990
2014-12-31,yearly,19334000,30864000,,,-11530000,0,,95484000,-210735010,,0,-95917000,157532000,61615000,114818000
2013-12-31,yearly,221364990,-40717000,,,262082000,0,,-95471000,-290312000,,0,-164418000,321950020,157532000,125894000
2012-12-31,yearly,15724000,-34577000,,,50301000,0,,46891000,210852000,,0,273467000,57378000,330845000,62615000
2011-12-31,yearly,-561192000,-426877000,,,-134315010,0,,-337643000,858005000,,0,-40830000,98208000,57378000,-898835000
2010-12-31,yearly,-639471000,195394000,,,-834865000,0,,8622000,653974000,,0,23125000,75083000,98208000,-630849000
