endDate,type,operatingCashFlow,incomeFromOperations,netIncomeBeforeTaxes,adjustmentsToProfitOrLoss,changesInAssetsAndLiabilities,otherOperatingActivities,cashGeneratedInOperations,investmentCashFlow,financingCashFlow,exchangeVariationWithoutCash,foreignExchangeRateWithoutCash,increaseOrDecreaseInCash,initialCashBalance,finalCashBalance,freeCashFlow
2025-12-31,yearly,1203183000,1842463000,,,-291052000,-348228000,,-939333000,-420309000,,0,-156459010,1942162000,1785703000,263850000
2024-12-31,yearly,1114611000,1536988000,,,-88249000,-334128000,,-1333632000,-967979000,,0,-1187000100,3129162000,1942162000,-219020990
2023-12-31,yearly,952107000,1459050000,,,-92411000,-414532000,,-3391000,-555319000,,0,393397000,2735765000,3129162000,948716030
2022-12-31,yearly,915560000,1321545000,,,-115007000,-290977980,,-726461000,-324406020,,0,-135307010,2871072000,2735765000,189099010
2021-12-31,yearly,424521980,1078851000,,,-454905000,-199424000,,-2146887000,3565704000,,0,1843339000,1027733000,2871072000,-1722365000
2020-12-31,yearly,371742020,734979000,,,-271702020,-91535000,,-355761000,-526404000,,0,-510423000,1538156000,1027733000,15981000
2019-12-31,yearly,345299000,606215000,,,-100198000,-160718000,,-36881000,776939000,,0,1085357000,452799000,1538156000,308417980
2018-12-31,yearly,426006020,459425980,,,35027000,-68447000,,-102212000,-258164000,,0,65630000,387169000,452799000,323793980
2017-12-31,yearly,329772000,401123000,,,-9576000,-61775000,,-50312000,-107063000,,0,172396990,214772000,387169000,279460000
2016-12-31,yearly,260508000,454580000,,,-123878000,-70194000,,-98749000,-373401980,,0,-211643010,426415000,214772000,161759010
2015-12-31,yearly,313167000,487919000,,,-95275000,-79477000,,-507119000,-77534000,,0,-271486020,697901000,426415000,-193952000
2014-12-31,yearly,332045000,515657980,,,-119944000,-63669000,,-132771000,-34436000,,0,164838000,533063000,697901000,199274000
2013-12-31,yearly,282225980,451902020,,,-106281000,-63395000,,-218130000,56559000,,0,120655000,412408000,533063000,64096000
2012-12-31,yearly,306796000,446384000,,,-68533000,-71055000,,-34791000,-146676000,,0,125329000,287079000,412408000,272005000
2011-12-31,yearly,284217980,309741000,,,-25523000,0,,-65541000,-164106000,,0,54571000,232508000,287079000,218676990
2010-12-31,yearly,217144990,272615000,,,-55470000,0,,-88705000,-103653000,,0,24787000,207720990,232508000,128440000
