endDate,type,operatingCashFlow,incomeFromOperations,netIncomeBeforeTaxes,adjustmentsToProfitOrLoss,changesInAssetsAndLiabilities,otherOperatingActivities,cashGeneratedInOperations,investmentCashFlow,financingCashFlow,exchangeVariationWithoutCash,foreignExchangeRateWithoutCash,increaseOrDecreaseInCash,initialCashBalance,finalCashBalance,freeCashFlow
2025-12-31,yearly,5452502000,7514651000,,,-1063698000,-998451000,,-2845711900,-1469590000,,-44981000,1092219000,2082906000,3175125000,2606790000
2024-12-31,yearly,3735576000,7821219000,,,-2614129000,-1471514000,,-6387950000,-1234102000,,32381000,-3854095000,5925688000,2071593000,-2652374000
2023-12-31,yearly,3849822000,7413243000,,,-1848052000,-1715369000,,-1021555000,-2494396000,,-29952000,303919000,5621769000,5925688000,2828267000
2022-12-31,yearly,2004694000,5396850000,,,-1708398000,-1683758000,,7903101000,-6910741000,,-43341000,2953713000,2668055000,5621768000,9907795000
2021-12-31,yearly,2585960000,3437374000,,,-902157000,50743000,,724136000,-3355541000,,52006000,6561000,2661494000,2668055000,3310095900
2020-12-31,yearly,3138119000,3428453000,,,1594178000,-1884512000,,-2136405000,-592333000,,136734000,546115000,2115379000,2661494000,1001714000
2019-12-31,yearly,2924852000,3754431000,,,-324413000,-505166020,,-1835261000,-2922229000,,9066000,-1823572000,3938951000,2115379000,1089591000
2018-12-31,yearly,2888959000,3630625000,,,598789000,-1340455000,,-3177633000,-801007000,,26628000,-1063053000,5002004000,3938951000,-288673980
2017-12-31,yearly,2279420000,3529275000,,,-52407000,-1197447900,,-1912137000,340349000,,20214000,727846000,4274158000,5002004000,367283000
2016-12-31,yearly,2513670000,3347308000,,,-2090000,-831548030,,-1848775900,928387970,,-22017000,1571265000,2702893000,4274158000,664894000
2015-12-31,yearly,3201679000,4121546000,,,-454980000,-464887000,,-801795970,-2520699000,,-3660000,-124476000,2827369000,2702893000,2399883000
2014-12-31,yearly,2650696000,3119688000,,,99022000,-568014000,,-1540230000,-539347970,,-19818000,551299970,2276069000,2827369000,1110466000
2013-12-31,yearly,2120686000,2686534000,,,-185819010,-380029000,,-1287900000,-578857000,,1026000,254955010,2021114000,2276069000,832786000
2012-12-31,yearly,2449866000,2442958000,,,170515010,-163607010,,-1571747000,-618627000,,-395000,259096990,1790954000,2050051000,878119000
2011-12-31,yearly,1710133000,2244883000,,,-534750020,0,,-1457876000,-1104419000,,698000,-851464000,2642418000,1790954000,252256990
2010-12-31,yearly,1508197000,1771072000,,,-262875010,0,,-903575000,153598000,,-3301000,754919000,1887499000,2642418000,604622000
