endDate,type,operatingCashFlow,incomeFromOperations,netIncomeBeforeTaxes,adjustmentsToProfitOrLoss,changesInAssetsAndLiabilities,otherOperatingActivities,cashGeneratedInOperations,investmentCashFlow,financingCashFlow,exchangeVariationWithoutCash,foreignExchangeRateWithoutCash,increaseOrDecreaseInCash,initialCashBalance,finalCashBalance,freeCashFlow
2025-12-31,yearly,2179444000,2480644000,,,706126000,-1007326000,,-1987076000,-91908000,,-159184990,-58725000,5200342000,5141617000,192368000
2024-12-31,yearly,989165000,2040295000,,,-434044000,-617086000,,-900929000,-423371000,,211626000,-123509000,5323851000,5200342000,88236000
2023-12-31,yearly,4568077000,2087054000,,,3466887000,-985864000,,-2674365000,-775786000,,-52034000,1065891970,4257959000,5323851000,1893712000
2022-12-31,yearly,997118000,5366181000,,,-2598852000,-1770211000,,-3340897000,-1088028000,,6837000,-3424970000,6341017000,2916047000,-2343779000
2021-12-31,yearly,5296571000,10952574000,,,-3543675000,-2112327900,,-325729000,-1879962000,,-11151000,3079729000,3261288000,6341017000,4970842000
2020-12-31,yearly,3759388000,3166459000,,,794387970,-201459010,,-1479159000,-289585980,,17679000,2008322000,1252966000,3261288000,2280229000
2019-12-31,yearly,1971824000,1753372000,,,819798000,-601346000,,-529006020,-1299918000,,3276000,146176000,1106790000,1252966000,1442818000
2018-12-31,yearly,509617980,3624953000,,,-2305771000,-809564030,,-95900000,-1076793000,,-708000,-663783000,1770573000,1106790000,413718020
2017-12-31,yearly,877029000,2559308000,,,-662435000,-1019843970,,812846000,-646603000,,7431000,1050703000,719870000,1770573000,1689875000
2016-12-31,yearly,-310312000,1033361000,,,-216754000,-1126919000,,-433925000,678038000,,-14203000,-80402000,800272000,719870000,-744237000
2015-12-31,yearly,103414000,721707000,,,187680990,-805974000,,-1098188000,-357928000,,43162000,-1309540000,2109812000,800272000,-994774000
2014-12-31,yearly,1218590000,1912371000,,,-693781000,0,,-996355970,-754370000,,8761000,-523375000,2633187000,2109812000,222234000
2013-12-31,yearly,1106293000,1552172000,,,-445879000,0,,-167651010,-1414532000,,-14241000,-490131000,3123318000,2633187000,938642000
2012-12-31,yearly,3409075000,1002221000,,,2406854000,0,,-1843443000,-1296790000,,10610000,279452000,2901312000,3180764000,1565632000
2011-12-31,yearly,-470631000,1901323000,,,-2371954000,0,,-921849000,155151010,,-7138000,-1244467000,4145779000,2901312000,-1392480000
2010-12-31,yearly,1347761000,2439661000,,,-1091900000,0,,-3177935000,3888718000,,-642000,2057902000,2098196000,4156098000,-1830174000
