endDate,type,operatingCashFlow,incomeFromOperations,netIncomeBeforeTaxes,adjustmentsToProfitOrLoss,changesInAssetsAndLiabilities,otherOperatingActivities,cashGeneratedInOperations,investmentCashFlow,financingCashFlow,exchangeVariationWithoutCash,foreignExchangeRateWithoutCash,increaseOrDecreaseInCash,initialCashBalance,finalCashBalance,freeCashFlow
2025-12-31,yearly,48765000000,76209000000,,,-1926000000,-25518000000,,-38463000000,1239000100,,-1648999900,9892000000,30671000000,40563000000,10302000000
2024-12-31,yearly,50199000000,72595000000,,,1427000100,-23823000000,,-30781000000,-11468000000,,5247000000,13197000000,17474000000,30671000000,19418000000
2023-12-31,yearly,65905000000,90328000000,,,-4108000000,-20315000000,,-31425000000,-37002000000,,-4715000000,-7237000000,24711000000,17474000000,34480000000
2022-12-31,yearly,58201000000,103716000000,,,-7923000000,-37592000000,,-24176001000,-71005000000,,-3718000100,-40698000000,65409000000,24711000000,34025000000
2021-12-31,yearly,136766000000,177900000000,,,915000000,-42049000000,,-35288000000,-109226000000,,3071000000,-4677000000,70086000000,65409000000,101478000000
2020-12-31,yearly,75207880000,110431560000,,,-20895285000,-14328397000,,-24233837000,-18040617000,,7525055000,40458473000,29627093000,70085570000,50974036000
2019-12-31,yearly,47283753000,65884140000,,,-4715655000,-13884730000,,-26537165000,-14882672000,,1350623000,7214541000,22412546000,29627089000,20746590000
2018-12-31,yearly,47930770000,59631317000,,,-2936388000,-8764157000,,-926512000,-40529863000,,1620632100,8095027000,14317520000,22412546000,47004260000
2017-12-31,yearly,40240693000,47687900000,,,2170364000,-9617572000,,-11669349000,-28138110000,,-6304000,426929000,13890591000,14317520000,28571345000
2016-12-31,yearly,21634644000,39754550000,,,-4023452000,-14096458000,,-16639098000,-2919451000,,-2207207000,-131113000,14021704000,13890591000,4995545000
2015-12-31,yearly,15718875000,12130106000,,,3588769000,0,,-20116960000,5250018000,,2614429000,3466363000,10555341000,14021704000,-4398084000
2014-12-31,yearly,27790954000,20287975000,,,7502978000,0,,-22358670000,-8634185000,,1291994000,-1909907000,12465248000,10555341000,5432284000
2013-12-31,yearly,32234977000,16071982000,,,15806384000,356611000,,-23150195000,-9396970000,,859719000,547531000,11917718000,12465248000,9084782000
2012-12-31,yearly,33082305000,27688227000,,,5394078000,0,,-30094207000,2239316000,,97126000,5324540000,6593177000,11917718000,2988098000
2011-12-31,yearly,42062307000,47570870000,,,-5508561000,0,,-24703332000,-23604775000,,234768000,-6011030000,13468958000,7457928000,17358977000
2010-12-31,yearly,35376490000,36877710000,,,-1501221000,0,,-31584710000,-3473961000,,-69455000,248360990,13220597000,13468958000,3791777000
