endDate,type,operatingCashFlow,incomeFromOperations,netIncomeBeforeTaxes,adjustmentsToProfitOrLoss,changesInAssetsAndLiabilities,otherOperatingActivities,cashGeneratedInOperations,investmentCashFlow,financingCashFlow,exchangeVariationWithoutCash,foreignExchangeRateWithoutCash,increaseOrDecreaseInCash,initialCashBalance,finalCashBalance,freeCashFlow
2025-12-31,yearly,6666000000,7766000000,,,-1047000000,-53000000,,-4142000100,-9250000000,,-107000000,-6833000000,10480000000,3647000000,2524000000
2024-12-31,yearly,4148000000,7212000300,,,-2961000000,-103000000,,-833000000,325000000,,174000000,3814000100,6666000000,10480000000,3315000000
2023-12-31,yearly,6247000000,7026000000,,,-865000000,86000000,,445000000,-4117000000,,-54000000,2521000000,4145000000,6666000000,6691999700
2022-12-31,yearly,1263000100,5564000300,,,-4243000000,-58000000,,-2011000100,1240000000,,28000000,520000000,3625000000,4145000000,-748000000
2021-12-31,yearly,2276000000,5576000000,,,-3364000000,64000000,,-2415000000,406000000,,0,267000000,3358000100,3625000000,-139000000
2020-12-31,yearly,1818000000,3061000000,,,-1256999900,14000000,,-581000000,-241000000,,0,996000000,2361999900,3358000100,1236999900
2019-12-31,yearly,2899000000,3099000000,,,-197000000,-3000000,,-373000000,-3221000000,,0,-695000000,3057000000,2361999900,2526000100
2018-12-31,yearly,3328000000,2857000000,,,466000000,5000000,,-196000000,-558000000,,0,2574000100,483000000,3057000000,3132000000
2017-12-31,yearly,1270000000,3409999900,,,-2157000000,17000000,,2321000000,-3763000000,,0,-172000000,655000000,483000000,3591000000
2016-12-31,yearly,2632000000,3723000000,,,-1182000000,91000000,,-72000000,-2715000000,,0,-155000000,810000000,655000000,2560000000
