endDate,type,operatingCashFlow,incomeFromOperations,netIncomeBeforeTaxes,adjustmentsToProfitOrLoss,changesInAssetsAndLiabilities,otherOperatingActivities,cashGeneratedInOperations,investmentCashFlow,financingCashFlow,exchangeVariationWithoutCash,foreignExchangeRateWithoutCash,increaseOrDecreaseInCash,initialCashBalance,finalCashBalance,freeCashFlow
2025-12-31,yearly,20717402000,26897175000,,,-6179772000,0,,-10017519000,-10358642000,,0,341241000,6691098000,7032339000,10699882000
2024-12-31,yearly,19876567000,24628918000,,,-4752350000,0,,-8914793000,-8628953000,,0,2332822000,4358276000,6691098000,10961775000
2023-12-31,yearly,18785925000,22864865000,,,-4078940000,0,,-7850993000,-8850491000,,0,2084442000,2273834000,4358276000,10934934000
2022-12-31,yearly,18941925000,21897200000,,,-2955274000,0,,-14203027000,-8913547000,,0,-4174649000,6448483000,2273834000,4738898000
2021-12-31,yearly,18072600000,21309194000,,,-3236595000,0,,-8127768000,-9258430000,,0,686402000,5762081000,6448483000,9944832000
2020-12-31,yearly,19341750000,20479580000,,,-1137831000,0,,-6408456000,-10564590000,,0,2368704000,3393377000,5762081000,12933294000
2019-12-31,yearly,17721197000,20288383000,,,-2567186000,0,,-7927188000,-9781959000,,0,12049000,3381327900,3393377000,9794008000
2018-12-31,yearly,11941427000,23463602000,,,-11522176000,0,,-5676333000,-6934104000,,0,-669010000,4050338000,3381327900,6265094000
2017-12-31,yearly,12641060000,17401133000,,,-4760074000,0,,-8438222000,-5257610000,,0,-1054771970,5105110000,4050338000,4202838000
2016-12-31,yearly,11440825000,16584663000,,,-5143838000,0,,-6894572000,-4777988000,,0,-231735010,5336845000,5105110000,4546253000
2015-12-31,yearly,9897205000,15638355000,,,-5741150000,0,,-14625707000,5372658000,,0,644156030,4692689000,5336845000,-4728502000
2014-12-31,yearly,9384219000,12058587000,,,-2674368000,0,,-7607642000,-3627824100,,0,-1851247000,6543936000,4692689000,1776577000
2013-12-31,yearly,9576280000,13103190000,,,-3526910000,0,,-5543799000,-4622030000,,0,-589549000,7133485000,6543936000,4032481000
2012-12-31,yearly,9733169000,13061449000,,,-3328280000,0,,-3397253000,-2080179000,,0,4255737000,2940342000,7196079000,6335916000
2011-12-31,yearly,8141375000,10983794000,,,-2842419000,0,,-2028835000,-4728913000,,0,1383627000,1556715000,2940342000,6112540000
2010-12-31,yearly,4532258000,5650585000,,,-1118327000,0,,-1658711000,-3593848000,,0,-720301000,2277016000,1556715000,2873547000
