endDate,type,operatingCashFlow,incomeFromOperations,netIncomeBeforeTaxes,adjustmentsToProfitOrLoss,changesInAssetsAndLiabilities,otherOperatingActivities,cashGeneratedInOperations,investmentCashFlow,financingCashFlow,exchangeVariationWithoutCash,foreignExchangeRateWithoutCash,increaseOrDecreaseInCash,initialCashBalance,finalCashBalance,freeCashFlow
2025-12-31,yearly,6451033000,10412769000,,,-3961736000,0,,-2910810000,-4362857000,,-228467010,-1051101000,7347599000,6296498000,3540223000
2024-12-31,yearly,7252269000,9562310000,,,-2310041000,0,,-4094629000,-2764198000,,465703000,859145000,6488454000,7347599000,3157640000
2023-12-31,yearly,7021823000,8363730000,,,-1341907000,0,,-1714206000,-2963451000,,-306713980,2037452000,4451002000,6488454000,5307617000
2022-12-31,yearly,2982930000,6891708000,,,-3908778000,0,,-1346394000,191912000,,-91873000,1736575000,2714427000,4451002000,1636536100
2021-12-31,yearly,939385000,4899803000,,,-3960418000,0,,-683870000,-1443405000,,10177000,-1177713000,3892140000,2714427000,255515010
2020-12-31,yearly,3930032100,3800156000,,,129876000,0,,207375010,-2360601000,,169290000,1946096000,1946044000,3892140000,4137407000
2019-12-31,yearly,1907853000,2495657000,,,-587804030,0,,-59748000,-2115441000,,7680000,-259656000,2205700000,1946044000,1848105000
2018-12-31,yearly,1299655000,2058264100,,,-758609000,0,,-833290000,-1446435000,,23085000,-956985000,3162685000,2205700000,466365000
2017-12-31,yearly,1290136100,2029497000,,,-739361000,0,,-382756000,-1153007000,,17650000,-227976990,3390662000,3162685000,907379970
2016-12-31,yearly,2130912000,2089478000,,,151470000,-110036000,,-852730000,-1063919000,,-100716000,113547000,3277115000,3390662000,1278182000
2015-12-31,yearly,982442000,2140082000,,,-1202117000,44477000,,-903966000,-157580990,,71945000,-7160000,3284275000,3277115000,78476000
2014-12-31,yearly,1147520000,1860652000,,,-726524030,13392000,,-1389830000,196526000,,0,-45784000,3373799000,3328015000,-242310000
2013-12-31,yearly,1027434000,1656597000,,,-655083000,25920000,,54758000,-10649000,,0,1071543000,2302256100,3373799000,1082192000
2012-12-31,yearly,893566000,1181424000,,,-354559000,66701000,,-381567000,-1141358000,,0,-629359000,2931615000,2302256100,511999000
2011-12-31,yearly,299782020,1047749000,,,-782259970,34293000,,-650307970,729145000,,0,378619000,2552996000,2931615000,-350526020
2010-12-31,yearly,614593000,1031461000,,,-416868000,0,,-392449000,203735010,,0,425879000,2127117000,2552996000,222144000
