endDate,type,operatingCashFlow,incomeFromOperations,netIncomeBeforeTaxes,adjustmentsToProfitOrLoss,changesInAssetsAndLiabilities,otherOperatingActivities,cashGeneratedInOperations,investmentCashFlow,financingCashFlow,exchangeVariationWithoutCash,foreignExchangeRateWithoutCash,increaseOrDecreaseInCash,initialCashBalance,finalCashBalance,freeCashFlow
2025-12-31,yearly,1372642000,2540381000,,,-1167739000,0,,-638321000,-429479000,,0,304841980,677472000,982314000,734321000
2024-12-31,yearly,1218469000,2516525000,,,-1298055900,0,,-750965000,-292003000,,0,175500990,501971000,677472000,467504000
2023-12-31,yearly,910651000,2383920100,,,-1473269000,0,,-307636000,-502094020,,0,100921000,401049980,501971000,603015000
2022-12-31,yearly,716865000,2046661000,,,-1329796000,0,,-52422000,-1166854000,,0,-504411000,905461000,401049980,664443000
2021-12-31,yearly,707469000,1755588000,,,-1048119000,0,,-942508030,215159010,,0,-19880000,925341000,905461000,-235039010
2020-12-31,yearly,1137210000,1530452000,,,-393241980,0,,-2348765000,2235719000,,0,1024163970,609112000,1633276000,-1211555000
2019-12-31,yearly,812668030,1539195000,,,-726527000,0,,-465303000,-556299000,,0,-208934000,818046000,609112000,347365000
2018-12-31,yearly,1056685000,1446308000,,,-389623000,0,,-291929980,-471155000,,0,293600000,524446020,818046000,764755000
2017-12-31,yearly,699990000,1135963000,,,-435973000,0,,-157031010,-587303000,,0,-44344000,58340000,13996000,542959000
2016-12-31,yearly,836741000,1004517000,,,-167776000,0,,-277653000,-549158000,,0,9930000,48410000,58340000,559088000
2015-12-31,yearly,78267000,855843000,,,-777576000,0,,-270627000,192759010,,0,399000,48011000,48410000,-192360000
2014-12-31,yearly,487683000,655438000,,,-167755010,0,,-1205110000,758306000,,0,40879000,7132000,48011000,-717427000
2013-12-31,yearly,138139010,411025980,,,-272887000,0,,-721395000,572256000,,0,-11000000,18132000,7132000,-583256000
2012-12-31,yearly,93018000,272015000,,,-178996990,0,,-102176000,5433000,,0,-3725000,21857000,18132000,-9158000
2011-12-31,yearly,-49045000,186656990,,,-235702000,0,,-162242000,188416990,,0,-22870000,44727000,21857000,-211287010
2010-12-31,yearly,-1760000,167123010,,,-168883010,0,,-42737000,38026000,,-105000,-6576000,51303000,44727000,-44497000
