endDate,type,totalRevenue,costOfRevenue,grossProfit,researchDevelopment,sellingGeneralAdministrative,nonRecurring,otherOperatingExpenses,totalOperatingExpenses,operatingIncome,totalOtherIncomeExpenseNet,ebit,interestExpense,incomeBeforeTax,incomeTaxExpense,minorityInterest,netIncomeFromContinuingOps,discontinuedOperations,extraordinaryItems,effectOfAccountingCharges,otherItems,netIncome,netIncomeApplicableToCommonShares,salesExpenses,lossesDueToNonRecoverabilityOfAssets,otherOperatingIncome,equityIncomeResult,financialResult,financialIncome,financialExpenses,currentTaxes,deferredTaxes,incomeBeforeStatutoryParticipationsAndContributions,basicEarningsPerCommonShare,dilutedEarningsPerCommonShare,basicEarningsPerPreferredShare,profitSharingAndStatutoryContributions,dilutedEarningsPerPreferredShare,claimsAndOperationsCosts,administrativeCosts,otherOperatingIncomeAndExpenses,earningsPerShare,basicEarningsPerShare,dilutedEarningsPerShare,insuranceOperations,reinsuranceOperations,complementaryPensionOperations,capitalizationOperations,cleanEbit,cleanEbitda,cleanNopat,cleanNetIncome
2025-12-31,yearly,88242470000,-42864130000,45378340000,,-5862917000,,93018000,-21954953000,23423386000,,23423386000,,19421657000,-3433225000,485033000.0,15988433000,0,,,,15988433000,15503400000.0,-19276988000,0,2986148000,105785000,-4001728000,2216616000,-6218344000,-4004260000,571035000,,992.6914,988.4932,,,,,,,,,,,,,,23423386000,23423386000,15459434000,
2024-12-31,yearly,89452670000,-43615080000,45837590000,,-6201074000,,-443759000,-24032012000,21805576000,,21805576000,,19487326000,-4640375000,409713980.0,14846952000,0,,,,14846952000,14437238000.0,-20191324000,0,2800226000,3918000,-2318249000,2605338000,-4923587000,-4530948000,-109427000,,917.55,912.9,,,,,,,,,,,,,,21805576000,21805576000,14391680000,
2023-12-31,yearly,79736860000,-39291572000,40445284000,,-5273670000,,-733565000,-21799594000,18645692000,,18645692000,,15035940000,-75481000,458515000.0,14960459000,0,,,,14960459000,14501944000.0,-18163048000,0,2556097000,-185406000,-3609752000,2670300000,-6280052000,-2077863900,2002383000,,921.0639,915.6069,,,,,,,,,,,,,,18645692000,18645692000,12306157000,
2022-12-31,yearly,79708820000,-40422070000,39286760000,,-5236766000,,-622236030,-21627918000,17658840000,,17658840000,,14235670000,655621000,433348000.0,14891291000,0,,,,14891291000,14457943000.0,-18732680000,0,2992870000,-29106000,-3423170000,4469011000,-7892181000,-1718809000,2374430000,,918.44,912.25,,,,,,,,,,,,,,17658840000,17658840000,11654834000,
2021-12-31,yearly,72854350000,-35659743000,37194600000,,-4877389000,,-861331000,-20230074000,16964525000,,16964525000,,13759160000,-636578000,451614020.0,13122582000,0,,,,13122582000,12670968000.0,-16968255000,0,2592603000,-115703000,-3205365000,2222390000,-5427755000,-1268637000,632059000,,805.17,799.05,,,,,,,,,,,,,,16964525000,16964525000,11196587000,
2020-12-31,yearly,58378994000,-27066100000,31312896000,,-2948480000,,-1303875000,-15384006000,15928890000,,15928890000,,13494441000,-1762532000,352515000.0,11731909000,0,,,,11731909000,11379394000.0,-14619587000,0,3531220000,-43284000,-2434449000,2996019000,-5430468000,-1048882000,-713650000,,723.28,717.15,,,,,,,,,,,,,,15928890000,15928890000,10513067000,
2019-12-31,yearly,52599710000,-21678160000,30921550000,,-2679967000,,-625929000,-14868978000,16052572000,,16052572000,,12943005000,-754673000,408367000.0,12188332000,0,,,,12188332000,11779965000.0,-12647536000,0,1106764000,-22310000,-3109567000,1638866000,-4748433000,-1118054000,363381000,,749.01,742.33,,,,,,,,,,,,,,16052572000,16052572000,10594697000,
2018-12-31,yearly,50231337000,-19269628000,30961710000,,-2367221000,,-566743000,-13971252000,16990457000,,16990457000,,13167021000,-1789594000,352749000.0,11377427000,0,,,,11377427000,11024678000.0,-12465997000,0,1427669000,1040000,-3823436000,738815000,-4562251000,-1833479900,43886000,,700.0,700.0,,,,,,,,,,,,,,16990457000,16990457000,11213701000,
2017-12-31,yearly,47899275000,-18041778000,29857497000,,-2623796000,,-230342000,-13433800000,16423698000,,16423698000,,12929802000,-5079298000,518536000.0,7850504000,0,,,,7850504000,7331968000.0,-11915494000,0,1338947000,-3115000,-3493896000,774398000,-4268294000,-5332336000,253038000,,470.0,460.0,,,,,,,,,,,,,,16423698000,16423698000,10839641000,
2016-12-31,yearly,45602562000,-16677959000,28924602000,,-2166097000,,-389758020,-11824227000,17100375000,,17100375000,,13398370000,-314973000,536787000.0,13083397000,0,,,,13083397000,12546610000.0,-12010512000,0,2747125000,-4985000,-3702005000,895947000,-4597952000,-413907000,98934000,,800.0,790.0,,,,,,,,,,,,,,17100375000,17100375000,11286247000,
2015-12-31,yearly,46720140000,-16061371000,30658770000,,-2281256000,,-639494000,-11877178000,18781592000,,18781592000,,16513389000,-3634248000,455369980.0,12879141000,0,,,,12879141000,12423771000.0,-11177879000,0,2218357000,3094000,-2268203000,1294226000,-3562429000,-1227888000,-2406360000,,790.0,780.0,,,,,,,,,,,,,,18781592000,18781592000,12395851000,
2014-12-31,yearly,38079787000,-12814588000,25265197000,,-1820046000,,-297241000,-9421217000,15843981000,,15843981000,,14368577000,-2006558000,296507000.0,12362019000,0,,,,12362019000,12065512000.0,-9158701000,0,1837393000,17378000,-1475404000,1173223000,-2648627000,-2057184000,50626000,,770.0,760.0,,,,,,,,,,,,,,15843981000,15843981000,10457028000,
2013-12-31,yearly,34791390000,-11397801000,23393590000,,-1736457000,,-260666000,-8018480000,15375110000,,15375110000,,13811684000,-2457614000,1819101000.0,11354070000,0,,,,11354070000,9534969000.0,-8025779000,0,1993003000,11419000,-1563426000,932492030,-2495918000,-1912212000,-545402000,,740.0,750.0,,,,,,,,,,,,,,15375110000,15375110000,10147573000,
2012-12-31,yearly,0,0,0,,-840000,,-546000,31535000,31535000,,31535000,,36681000,9790000,,46471000,0,,,,46471000,,0,0,32921000,0,5146000,5146000,0,125000,9665000,,190.0,190.0,,,,,,,,,,,,,,31535000,31535000,20813100,
