endDate,type,totalRevenue,costOfRevenue,grossProfit,researchDevelopment,sellingGeneralAdministrative,nonRecurring,otherOperatingExpenses,totalOperatingExpenses,operatingIncome,totalOtherIncomeExpenseNet,ebit,interestExpense,incomeBeforeTax,incomeTaxExpense,minorityInterest,netIncomeFromContinuingOps,discontinuedOperations,extraordinaryItems,effectOfAccountingCharges,otherItems,netIncome,netIncomeApplicableToCommonShares,salesExpenses,lossesDueToNonRecoverabilityOfAssets,otherOperatingIncome,equityIncomeResult,financialResult,financialIncome,financialExpenses,currentTaxes,deferredTaxes,incomeBeforeStatutoryParticipationsAndContributions,basicEarningsPerCommonShare,dilutedEarningsPerCommonShare,basicEarningsPerPreferredShare,profitSharingAndStatutoryContributions,dilutedEarningsPerPreferredShare,claimsAndOperationsCosts,administrativeCosts,otherOperatingIncomeAndExpenses,earningsPerShare,basicEarningsPerShare,dilutedEarningsPerShare,insuranceOperations,reinsuranceOperations,complementaryPensionOperations,capitalizationOperations,cleanEbit,cleanEbitda,cleanNopat,cleanNetIncome
2025-12-31,yearly,2859106000,-746938000,2112167900,,-692505000,,40477000,-572808000,1539360000,,1539360000,,1017601000,-72308000,111127000,945293000,0,,,,945293000,834166000,0,0,0,79220000,-521759000,489063000,-1010822000,-195426000,123118000,,1648.5,1644.7,,,,,,,,,,,,,,1539360000,1539360000,1015977600,
2024-12-31,yearly,2739848000,-718981000,2020867000,,-704220030,,57406000,-567763000,1453104000,,1453104000,,868181000,-56203000,113467000,811978000,0,,,,811978000,698511000,0,0,0,79051000,-584923000,463339000,-1048262000,-199800000,143596990,,1287.7,1286.4,,,,,,,,,,,,,,1453104000,1453104000,959048640,
2023-12-31,yearly,2712274000,-826889000,1885385000,,-649373000,,4084483000,3527332000,5412717000,,5412717000,,4908837000,-1414927000,106952000,3493910000,0,,,,3493910000,3386958000,0,0,0,92222000,-503880000,339190020,-843070000,-221847010,-1193080100,,6053.8,6053.8,,,,,,,,,,,,,,5412717000,5412717000,3572393200,
2022-12-31,yearly,1111321000,-309999000,801322000,,-221232000,,-165835010,-331760000,469561980,,469561980,,255218000,-33074000,66269000,222144000,0,,,,222144000,155875010,0,0,0,55307000,-214344000,185684000,-400028000,-89661000,56587000,,588.3,588.3,,,,,,,,,,,,,,469561980,469561980,309910900,
2021-12-31,yearly,937677000,-300793000,636883970,,-195176990,,0,-146826000,490057980,,490057980,,339889980,-21485000,43537000,318405000,0,,,,318405000,274868000,0,0,3502000,44849000,-150168000,66561000,-216728990,-61379000,39894000,,1036.4,1036.4,,,,,,,,,,,,,,490057980,490057980,323438270,
2020-12-31,yearly,797585000,-269549000,528036000,,-187295010,,-47766000,-207800990,320235000,,320235000,,266263010,-63790000,33402000,202472990,0,,,,202472990,169071010,0,0,0,27260000,-53972000,100090000,-154062000,-30254000,-33536000,,638.6,638.6,,,,,,,,,,,,,,320235000,320235000,211355100,
2019-12-31,yearly,743186000,-200075010,543111000,,-127130000,,-205008000,-289063000,254048000,,254048000,,104470000,-47838000,34605000,56632000,0,,,,56632000,22027000,0,0,0,43075000,-149578000,58308000,-207886000,-41463000,-6375000,,101.2,101.2,,,,,,,,,,,,,,254048000,254048000,167671680,
2018-12-31,yearly,374112000,-78411000,295701000,,-25565000,,-3263000,264592990,560294000,,560294000,,506704000,-143860000,173584990,362844000,0,,,,362844000,189259010,0,0,286750020,6671000,-53590000,20417000,-74007000,-32761000,-111099000,,2480.0,2480.0,,,,,,,,,,,,,,560294000,560294000,369794050,
2017-12-31,yearly,354856000,-83116000,271740000,,-27950000,,1558000,110645000,382385000,,382385000,,319120000,-66873000,113826000,252247010,0,,,,252247010,138420990,0,0,131610000,5427000,-63265000,27356000,-90621000,-47662000,-19211000,,1810.0,1810.0,,,,,,,,,,,,,,382385000,382385000,252374100,
2016-12-31,yearly,342294020,-84362000,257932000,,-29548000,,5069000,128509000,386441000,,386441000,,323295000,-75518000,151463010,247776990,0,,,,247776990,96314000,0,0,148006000,4982000,-63146000,36084000,-99230000,-36465000,-39053000,,1260.0,1260.0,,,,,,,,,,,,,,386441000,386441000,255051060,
2015-12-31,yearly,331180000,-79719000,251460990,,-27944000,,2908000,83711000,335172000,,335172000,,268280000,-64241000,106920000,204039010,0,,,,204039010,97119000,0,0,102961000,5786000,-66892000,47264000,-114156000,-23160000,-41081000,,1270.0,1270.0,,,,,,,,,,,,,,335172000,335172000,221213520,
2014-12-31,yearly,318724000,-75678000,243046000,,-25008000,,2176000,179306000,422352000,,422352000,,367259000,-92488000,117801000,274771000,0,,,,274771000,156970000,0,0,195376000,6762000,-55093000,48278000,-103371000,-26579000,-65909000,,2050.0,2050.0,,,,,,,,,,,,,,422352000,422352000,278752320,
2013-12-31,yearly,275753980,-58715000,217039010,,-22254000,,794000,330803000,547842000,,547842000,,516825980,-148328990,142546000,368497000,0,,,,368497000,225951010,0,0,344318020,7945000,-31016000,46894000,-77910000,-27970000,-120359000,,2960.0,2960.0,,,,,,,,,,,,,,547842000,547842000,361575700,
2012-12-31,yearly,256851010,-43177000,213674000,,-19976000,,24556000,202987010,416661000,,416661000,,402400000,-92605000,124264000,309795000,0,,,,309795000,185531010,0,0,193586000,4821000,-14261000,51497000,-65758000,-88186000,-4419000,,2430.0,2430.0,,,,,,,,,,,,,,416661000,416661000,274996260,
2011-12-31,yearly,219184990,-36809000,182376000,,-16877000,,267000,268076990,450453000,,450453000,,473613000,-109306000,133257000,364307000,0,,,,364307000,231050000,0,0,276913000,7774000,23160000,0,23160000,-21881000,-87425000,,3130.0,3130.0,,,,,,,,,,,,,,450453000,450453000,297298980,
2010-12-31,yearly,185008990,-34738000,150271010,,-15963000,,2238000,131697000,281968000,,281968000,,277528000,-64768000,73566000,212760000,0,,,,212760000,139194000,0,0,142726000,2696000,-4440000,0,-4440000,-12397000,-52371000,,260.0,260.0,,,,,,,,,,,,,,281968000,281968000,186098880,
