endDate,type,totalRevenue,costOfRevenue,grossProfit,researchDevelopment,sellingGeneralAdministrative,nonRecurring,otherOperatingExpenses,totalOperatingExpenses,operatingIncome,totalOtherIncomeExpenseNet,ebit,interestExpense,incomeBeforeTax,incomeTaxExpense,minorityInterest,netIncomeFromContinuingOps,discontinuedOperations,extraordinaryItems,effectOfAccountingCharges,otherItems,netIncome,netIncomeApplicableToCommonShares,salesExpenses,lossesDueToNonRecoverabilityOfAssets,otherOperatingIncome,equityIncomeResult,financialResult,financialIncome,financialExpenses,currentTaxes,deferredTaxes,incomeBeforeStatutoryParticipationsAndContributions,basicEarningsPerCommonShare,dilutedEarningsPerCommonShare,basicEarningsPerPreferredShare,profitSharingAndStatutoryContributions,dilutedEarningsPerPreferredShare,claimsAndOperationsCosts,administrativeCosts,otherOperatingIncomeAndExpenses,earningsPerShare,basicEarningsPerShare,dilutedEarningsPerShare,insuranceOperations,reinsuranceOperations,complementaryPensionOperations,capitalizationOperations,cleanEbit,cleanEbitda,cleanNopat,cleanNetIncome
2025-12-31,yearly,4023697000,-1490204000,2533493000,,-1041817000,,-3474000,-1531476000,1002017000,,1002017000,,252859010,3806000,132910000,256664990,0,,,,256664990,123755000,-291873980,-185432000,0,-8879000,-749158000,252478000,-1001635970,-2751000,6557000,,0,0,0,,0,,,,,,,,,,,1002017000,1002017000,661331200,
2024-12-31,yearly,3801379000,-1449986000,2351393000,,-1043299970,,-7026000,-1531294000,820099000,,820099000,,186068000,18376000,119298000,204444000,0,,,,204444000,85146000,-290672000,-178526000,0,-11770000,-634031000,169996990,-804028030,-2414000,20790000,,0,0,0,,0,,,,,,,,,,,820099000,820099000,541265340,
2023-12-31,yearly,3732940000,-1518816000,2214124000,,-1140404000,,-77898000,-1689222000,524902020,,524902020,,-217875010,4703000,116458000,-213172000,0,,,,-213172000,-329630020,-271792000,-192236000,0,-6892000,-742777000,168528000,-911305000,-4930000,9633000,,0,0,0,,0,,,,,,,,,,,524902020,524902020,346435330,
2022-12-31,yearly,3563231000,-1508841000,2054390000,,-1202514000,,-31816000,-1676289000,378101000,,378101000,,-415951000,427405000,113704000,11454000,0,,,,11454000,-102250000,-233120990,-194496000,0,-14342000,-794051970,164964990,-959017000,-6385000,433790020,,0,0,0,,0,,,,,,,,,,,378101000,378101000,249546660,
2021-12-31,yearly,2650805000,-1249944100,1400861000,,-864273000,,54434000,-1119717000,281144000,,281144000,,-132460000,51132000,6337000,-81328000,0,,,,-81328000,-87665000,-167484990,-141848990,0,-544000,-413604000,76051000,-489655000,-8259000,59391000,,240,-240,0,,0,,,,,,,,,,,281144000,281144000,185555040,
2020-12-31,yearly,1421989000,-685367000,736622000,,-336441980,,-111130000,-618443000,118179000,,118179000,,-36345000,-4306000,457000,-40651000,0,,,,-40651000,-41108000,-167286000,0,0,-3585000,-154524000,45585000,-200108990,-166000,-4140000,,-390,-390,0,,0,,,,,,,,,,,118179000,118179000,77998136,
2019-12-31,yearly,1181499000,-671584000,509915000,,-281897980,,4399000,-389945000,119970000,,119970000,,-6322000,-3271000,0,-9593000,0,,,,-9593000,-9593000,-109983000,0,0,-2463000,-126292000,27125000,-153416990,0,-3271000,,-120,0,-120,,0,,,,,,,,,,,119970000,119970000,79180200,
2018-12-31,yearly,1102457000,-707141000,395316000,,-259260000,,1812000,-356660000,38656000,,38656000,,3969000,-1718000,0,2251000,0,,,,2251000,2251000,-96664000,0,0,-2548000,-34687000,40807000,-75494000,-163000,-1555000,,30,30,0,,0,,,,,,,,,,,38656000,38656000,25512960,
2017-12-31,yearly,1045674000,-646541000,399133000,,-228186000,,-160000,-312960000,86173000,,86173000,,48319000,36833000,0,85152000,0,,,,85152000,85152000,-84210000,0,0,-404000,-37854000,38166000,-76020000,0,36833000,,0,0,0,,0,,,,,,,,,,,86173000,86173000,56874180,
2016-12-31,yearly,960434000,-611583000,348851000,,-191212990,,-26155000,-292761980,56089000,,56089000,,19318000,1527000,0,20845000,0,,,,20845000,20845000,-75394000,0,0,0,-36771000,100553000,-137324000,-150000,1677000,,260,260,0,,0,,,,,,,,,,,56089000,56089000,37018740,
2015-12-31,yearly,856620030,-492616000,364004000,,-221572990,,-5995000,-294333000,69671000,,69671000,,58469000,5734000,0,64203000,0,,,,64203000,64203000,-66765000,0,0,0,-11202000,55163000,-66365000,1856000,3878000,,780,780,0,,0,,,,,,,,,,,69671000,69671000,45982860,
2014-12-31,yearly,693506000,-371044000,322462020,,-157524000,,-38000,-200900000,121562000,,121562000,,138064000,21030000,-5803000,159094000,0,,,,159094000,164896990,-43338000,0,0,0,16502000,45707000,-29205000,-1882000,22912000,,1920,1880,0,,0,,,,,,,,,,,121562000,121562000,80230920,
2013-12-31,yearly,461292000,-255899010,205392990,,-135036000,,-2994000,-165492000,39901000,,39901000,,31918000,2102000,-4340000,34020000,0,,,,34020000,38360000,-27462000,0,0,0,-7983000,20263000,-28246000,0,2102000,,0,0,0,,0,,,,,,,,,,,39901000,39901000,26334660,
2012-12-31,yearly,323689000,-190502000,133187000,,-58455000,,-14167000,-98348000,34839000,,34839000,,23357000,146000,0,23503000,0,,,,23503000,23503000,-25726000,0,0,0,-11482000,10261000,-21743000,0,146000,,14920,14920,0,,0,,,,,,,,,,,34839000,34839000,22993740,
