endDate,type,totalRevenue,costOfRevenue,grossProfit,researchDevelopment,sellingGeneralAdministrative,nonRecurring,otherOperatingExpenses,totalOperatingExpenses,operatingIncome,totalOtherIncomeExpenseNet,ebit,interestExpense,incomeBeforeTax,incomeTaxExpense,minorityInterest,netIncomeFromContinuingOps,discontinuedOperations,extraordinaryItems,effectOfAccountingCharges,otherItems,netIncome,netIncomeApplicableToCommonShares,salesExpenses,lossesDueToNonRecoverabilityOfAssets,otherOperatingIncome,equityIncomeResult,financialResult,financialIncome,financialExpenses,currentTaxes,deferredTaxes,incomeBeforeStatutoryParticipationsAndContributions,basicEarningsPerCommonShare,dilutedEarningsPerCommonShare,basicEarningsPerPreferredShare,profitSharingAndStatutoryContributions,dilutedEarningsPerPreferredShare,claimsAndOperationsCosts,administrativeCosts,otherOperatingIncomeAndExpenses,earningsPerShare,basicEarningsPerShare,dilutedEarningsPerShare,insuranceOperations,reinsuranceOperations,complementaryPensionOperations,capitalizationOperations,cleanEbit,cleanEbitda,cleanNopat,cleanNetIncome
2025-12-31,yearly,41281597000,-23564407000,17717190000,,-12001962000,,0,,-13770608000,,3946582000,,-6979948000,13539607000,,6559659000,0,,,,6559659000,,0,0,-3622630000,1853984000,-10926530000,8541563000,-19468093000,-333039000,13872646000,,2290.0,2270.0,2520.0,,2500.0,,,,,,,,,,,3946582000,3946582000,2604744200,
2024-12-31,yearly,40181550000,-22143030000,18038522000,,-4559134000,,0,,4210382000,,22248905000,,10620783000,-240030000,,10380753000,0,,,,10380753000,,0,0,6266311000,2503205000,-11628121000,3987049000,-15615170000,-717909000,477879000,,4557.9,4503.3,5024.1,,4950.7,,,,,,,,,,,22248905000,22248905000,14684277000,
2023-12-31,yearly,37158908000,-18673498000,18485410000,,-7947919000,,0,,-4754911000,,13730498000,,1728377000,2998498000,,4726875000,-332014020,,,,4394861000,,0,0,1130918000,2062090000,-12002121000,4307642000,-16309763000,-512503000,3511001000,,1979.17,1955.02,2176.48,,2150.51,,,,,,,,,,,13730498000,13730498000,9062129000,
2022-12-31,yearly,34074233000,-15857610000,18216622000,,-13417697000,,0,,-10495818000,,7720805000,,3347210000,-695613000,,2651597000,986785000,,,,3638382000,,0,0,552102000,2369777000,-4373595000,6079243000,-10452838000,-1630034000,934421000,,1825.99,1796.38,2002.59,,1980.0,,,,,,,,,,,7720805000,7720805000,5095731000,
2021-12-31,yearly,37616243000,-11961049000,25655192000,,-20541540000,,0,,-12604497000,,13050695000,,10994356000,-5280723000,,5713633000,0,,,,5713633000,,0,0,6069498000,1867546000,-2056339000,6438719000,-8495058000,-1457752100,-3822971000,,3535.6,3475.45,3886.47,,3823.13,,,,,,,,,,,13050695000,13050695000,8613459000,
2020-12-31,yearly,29080513000,-7959251000,21121262000,,-18412345000,,0,,-12496970000,,8624292000,,6952646000,-565333000,,6387313000,0,,,,6387313000,,0,0,4244472000,1670903000,-1671646000,9130523000,-10802169000,-2418461000,1853127900,,4064.689,4001.58,4471.1577,,4401.773,,,,,,,,,,,8624292000,8624292000,5692032500,
2019-12-31,yearly,27725527000,-6777819000,20947708000,,-13663524000,,0,,-12498076000,,8449632300,,6368606000,1090262000,,7458868000,3284975000,,,,10743843000,,0,0,24715000,1140733000,-2081026000,6659354000,-8740380000,-2664975000,3755237000,,7756.08,5374.27,8531.69,,5911.69,,,,,,,,,,,8449632300,8449632300,5576757000,
2018-12-31,yearly,24975747000,-5537063000,19438684000,,-5502221000,,0,,-1150273000,,18288410000,,17710338000,-2483718000,,15226620000,-1879043000,,,,13347577000,,0,0,0,4351948000,-578073000,9126934000,-9705007000,-3141578000,657859970,,9800.0,9690.0,9800.0,,9690.0,,,,,,,,,,,18288410000,18288410000,12070351000,
2017-12-31,yearly,37876023000,-15373638000,22502386000,,-20201658000,,0,,-17509489000,,4992898000,,-200398000,-1525293000,,-1725691000,0,,,,-1725691000,,0,0,0,2692171000,-5193296000,5151375000,-10344671000,-1593473000,68180000,,-1300.0,-1300.0,-1300.0,,-1300.0,,,,,,,,,,,4992898000,4992898000,3295312600,
2016-12-31,yearly,60748853000,-16210934000,44537917000,,-29698560000,,0,,-26584513000,,17953407000,,12024095000,-8510819000,,3513276000,0,,,,3513276000,,0,0,0,3114047000,-5929311000,11223390000,-17152701000,-619043970,-7891775000,,2532.76,2503.92,2532.76,,2503.92,,,,,,,,,,,17953407000,17953407000,11849248000,
2015-12-31,yearly,32588839000,-16991559000,15597279000,,-28673245000,,0,,-28141800000,,-12544521000,,-14243546000,-710112000,,-14953658000,0,,,,-14953658000,,0,0,0,531446020,-1699025000,17952242000,-19651267000,-546812030,-163300000,,-10676.65,,-10676.65,,,,,,,,,,,,,-12544521000,-12544521000,-8279384000,
2014-12-31,yearly,30244854000,-16327359000,13917495000,,-14657264000,,0,,-15874104000,,-1956609000,,-1261984000,-1700518000,,-2962502000,0,,,,-2962502000,,0,0,0,-1216839900,694625000,5205754000,-4511129000,-82483000,-1618035000,,-2240.85,,-2240.85,,,,,,,,,,,,,-1956609000,-1956609000,-1291361900,
2013-12-31,yearly,28186399000,-4350755000,23835644000,,-29204054000,,0,,-29026288000,,-5190643000,,-4924697000,-1366678000,,-6291375000,0,,,,-6291375000,,0,0,0,177768000,265946000,3712311000,-3446365000,-1366678000,0,,,,,,,,,,,,,,,,,-5190643000,-5190643000,-3425824300,
2012-12-31,yearly,39538860000,-5474384000,34064476000,,-42481697000,,0,,-42013110000,,-7948635000,,-7316126000,390473980,,-6925652000,0,,,,-6925652000,,0,0,0,468584000,632509000,4335442000,-3702933000,390473980,0,,,,,,,,,,,,,,,,,-7948635000,-7948635000,-5246099000,
2011-12-31,yearly,33061356000,-4715747000,28345608000,,-25389902000,,0,,-23719981000,,4625627000,,4860080000,-1098061000,,3762019000,0,,,,3762019000,,0,0,1187135000,482785000,234452990,4262326000,-4027873000,-1098061000,0,,,,,,,,,,,,,,,,,4625627000,4625627000,3052914000,
2010-12-31,yearly,29814653000,-4265905000,25548747000,,-23007785000,,0,,-21137373000,,4411373000,,4047250000,-1494265000,,2552985000,0,,,,2552985000,,0,0,1200656000,669755000,-364123000,3374291000,-3738414000,-1494265000,0,,,,,,,,,,,,,,,,,4411373000,4411373000,2911506200,
