endDate,type,totalRevenue,costOfRevenue,grossProfit,researchDevelopment,sellingGeneralAdministrative,nonRecurring,otherOperatingExpenses,totalOperatingExpenses,operatingIncome,totalOtherIncomeExpenseNet,ebit,interestExpense,incomeBeforeTax,incomeTaxExpense,minorityInterest,netIncomeFromContinuingOps,discontinuedOperations,extraordinaryItems,effectOfAccountingCharges,otherItems,netIncome,netIncomeApplicableToCommonShares,salesExpenses,lossesDueToNonRecoverabilityOfAssets,otherOperatingIncome,equityIncomeResult,financialResult,financialIncome,financialExpenses,currentTaxes,deferredTaxes,incomeBeforeStatutoryParticipationsAndContributions,basicEarningsPerCommonShare,dilutedEarningsPerCommonShare,basicEarningsPerPreferredShare,profitSharingAndStatutoryContributions,dilutedEarningsPerPreferredShare,claimsAndOperationsCosts,administrativeCosts,otherOperatingIncomeAndExpenses,earningsPerShare,basicEarningsPerShare,dilutedEarningsPerShare,insuranceOperations,reinsuranceOperations,complementaryPensionOperations,capitalizationOperations,cleanEbit,cleanEbitda,cleanNopat,cleanNetIncome
2025-12-31,yearly,11819492000,-5324072000,6495420000,,-1468526000,,-117622000,-5357228000,1138192000,,1138192000,,356316000,554933000,0,911249000,0,,,,911249000,911249000,-3956582000,0,187663010,-2161000,-781875970,119878000,-901754000,8694000,546239000,,4512.8,4428.8,,,,,,,,,,,,,,1138192000,1138192000,751206700,
2024-12-31,yearly,8379753000,-3914692000,4465061000,,-1048954000,,-246927010,-4081422000,383639000,,383639000,,-10058000,348607000,-3178000,338549000,0,,,,338549000,341727000,-2834836000,0,49295000,0,-393697000,351031000,-744728000,65577000,283030020,,2614.5,2563.1,,,,,,,,,,,,,,383639000,383639000,253201740,
2023-12-31,yearly,4846768000,-2217707000,2629061000,,-395572000,,-29098000,-2070277000,558784000,,558784000,,375941000,22732000,-727000,398673000,0,,,,398673000,399400000,-1713632000,0,68025000,0,-182843010,-12720000,-170123010,-54500000,77232000,,3604.2,3512.6,,,,,,,,,,,,,,558784000,558784000,368797440,
2022-12-31,yearly,4233726000,-1950092000,2283634000,,-330240000,,-18875000,-1733505000,550129000,,550129000,,472871000,-50333000,-2171000,422537980,0,,,,422537980,424709000,-1489371000,0,104981000,0,-77258000,46367000,-123625000,-81398000,31065000,,3892.1,3764.2,,,,,,,,,,,,,,550129000,550129000,363085150,
2021-12-31,yearly,2923827000,-1385147000,1538680100,,-316217000,,-15690000,-1070155000,468525000,,468525000,,403854020,-60134000,-1514000,343720000,0,,,,343720000,345233980,-884411000,0,146163010,0,-64671000,42377000,-107048000,-64286000,4152000,,3451.4,3381.3,,,,,,,,,,,,,,468525000,468525000,309226500,
2020-12-31,yearly,1590992000,-835779000,755213000,,-162234000,,29083000,-663104000,92109000,,92109000,,54558000,-5974000,0,48584000,0,,,,48584000,48584000,-529953000,0,0,0,-37551000,65531000,-103082000,-46596000,40622000,,530.2,528.3,,,,,,,,,,,,,,92109000,92109000,60791940,
2019-12-31,yearly,1679235000,-903541000,775694000,,-184012000,,55786000,-552592000,223102000,,223102000,,204926000,-42787000,0,162139010,0,,,,162139010,162139010,-424366020,0,0,0,-18176000,24720000,-42896000,-42659000,-128000,,1787.9,1787.5,,,,,,,,,,,,,,223102000,223102000,147247310,
2018-12-31,yearly,1526659000,-815987000,710672000,,-140864990,,394000,-519393000,191279010,,191279010,,169998000,-27354000,0,142644000,0,,,,142644000,142644000,-378921980,0,0,0,-21281000,40039000,-61320000,-31631000,4277000,,1585.1,1575.7,,,,,,,,,,,,,,191279010,191279010,126244136,
2017-12-31,yearly,1360474000,-736706000,623768000,,-113816000,,-2104000,-450135000,173632990,,173632990,,182932990,-28463000,0,154470000,0,,,,154470000,154470000,-334215000,0,0,0,9300000,33847000,-24547000,-31591000,3128000,,1728.6,1715.2,,,,,,,,,,,,,,173632990,173632990,114597776,
2016-12-31,yearly,1239110000,-689819000,549291000,,-92846000,,-2411000,-397965000,151326000,,151326000,,157000000,-40851000,0,116149000,0,,,,116149000,116149000,-302708000,0,0,0,5674000,35658000,-29984000,-42971000,2120000,,1308.2,1300.1,,,,,,,,,,,,,,151326000,151326000,99875160,
2015-12-31,yearly,1120557000,-644658000,475899000,,-82893000,,-2476000,-334611000,141288000,,141288000,,164556990,-44894000,0,119663000,0,,,,119663000,119663000,-249242000,0,0,0,23269000,52834000,-29565000,-47055000,2161000,,1349.0,1345.9,,,,,,,,,,,,,,141288000,141288000,93250080,
2014-12-31,yearly,1052909000,-603610000,449299000,,-76169000,,-3708000,-301229000,148070000,,148070000,,161487010,-48735000,0,112752000,0,,,,112752000,112752000,-221352000,0,0,0,13417000,28393000,-14976000,-47345000,-1390000,,1270.6,1270.6,,,,,,,,,,,,,,148070000,148070000,97726200,
2013-12-31,yearly,962950000,-537221000,425729000,,-73812000,,0,-277239000,148490000,,148490000,,156116990,-45562000,0,110555000,0,,,,110555000,110555000,-204438000,0,1011000,0,7627000,24238000,-16611000,-44812000,-750000,,1254.86,1254.86,,,,,,,,,,,,,,148490000,148490000,98003400,
2012-12-31,yearly,860335000,-484529980,375805000,,-64326000,,0,-247600000,128205000,,128205000,,133504000,-36630000,0,96874000,0,,,,96874000,96874000,-178526000,0,-4748000,0,5299000,19321000,-14022000,-32882000,-3748000,,1093.98,,,,,,,,,,,,,,,128205000,128205000,84615296,
2011-12-31,yearly,678907000,-397483000,281424000,,-48197000,,0,-167752990,113671000,,113671000,,125452000,-33839000,0,91613000,0,,,,91613000,91613000,-121224000,0,1668000,0,11781000,22647000,-10866000,-24598000,-9241000,,1050.0,,,,,,,,,,,,,,,113671000,113671000,75022856,
2010-12-31,yearly,571525000,-339884000,231640990,,-45679000,,0,-138820990,92820000,,92820000,,89289000,-24755000,0,64534000,0,,,,64534000,64534000,-96597000,0,3455000,0,-3531000,10302000,-13833000,-19507000,-5248000,,820.0,,,,,,,,,,,,,,,92820000,92820000,61261200,
