endDate,type,totalRevenue,costOfRevenue,grossProfit,researchDevelopment,sellingGeneralAdministrative,nonRecurring,otherOperatingExpenses,totalOperatingExpenses,operatingIncome,totalOtherIncomeExpenseNet,ebit,interestExpense,incomeBeforeTax,incomeTaxExpense,minorityInterest,netIncomeFromContinuingOps,discontinuedOperations,extraordinaryItems,effectOfAccountingCharges,otherItems,netIncome,netIncomeApplicableToCommonShares,salesExpenses,lossesDueToNonRecoverabilityOfAssets,otherOperatingIncome,equityIncomeResult,financialResult,financialIncome,financialExpenses,currentTaxes,deferredTaxes,incomeBeforeStatutoryParticipationsAndContributions,basicEarningsPerCommonShare,dilutedEarningsPerCommonShare,basicEarningsPerPreferredShare,profitSharingAndStatutoryContributions,dilutedEarningsPerPreferredShare,claimsAndOperationsCosts,administrativeCosts,otherOperatingIncomeAndExpenses,earningsPerShare,basicEarningsPerShare,dilutedEarningsPerShare,insuranceOperations,reinsuranceOperations,complementaryPensionOperations,capitalizationOperations,cleanEbit,cleanEbitda,cleanNopat,cleanNetIncome
2025-12-31,yearly,11121545000,-1053318000,10068227000,,-3435820000,,0,-3430190000,6638037000,,6638037000,,6945901000,-2359029000,1253000,4586872000,0,,,,4586872000,4585619000,0,0,0,5630000,307864000,2208595000,-1900731000,-1226844000,-1132185000,,886.0,881.23,,,,,,,,,,,,,,6638037000,6638037000,4381104600,
2024-12-31,yearly,10572738000,-1059270000,9513468000,,-3395387000,,-67595000,-3467566000,6045902000,,6045902000,,6123991000,-1547300000,110000,4576691000,0,,,,4576691000,4576581000,0,0,0,-4584000,78089000,1649408000,-1571319000,-1644450000,97150000,,837.9,834.41,,,,,,,,,,,,,,6045902000,6045902000,3990295300,
2023-12-31,yearly,9921251000,-991226000,8930025000,,-3685814000,,0,-3680402000,5249623000,,5249623000,,5558172000,-1425660000,583000,4132512000,0,,,,4132512000,4131929000,0,0,0,5412000,308549000,1783653000,-1475104000,-1367552000,-58108000,,724.79,722.16,,,,,,,,,,,,,,5249623000,5249623000,3464751000,
2022-12-31,yearly,10110682000,-1018969000,9091713000,,-3519399000,,0,-3513839000,5577874000,,5577874000,,5790151000,-1563553000,541000,4226598000,0,,,,4226598000,4226057000,0,0,0,5560000,212276990,1806189000,-1593912100,-1268022000,-295531000,,713.77,711.57,,,,,,,,,,,,,,5577874000,5577874000,3681396700,
2021-12-31,yearly,10288124000,-1039880000,9248244000,,-2927557000,,-4114000,-2927260000,6320984000,,6320984000,,6516331000,-1799242000,-8000,4717089000,0,,,,4717089000,4717097000,0,0,0,4411000,195347010,924922000,-729575000,-1009518000,-789724030,,775.56,773.85,,,,,,,,,,,,,,6320984000,6320984000,4171849500,
2020-12-31,yearly,9327395000,-944819970,8382575000,,-2702146000,,-80385000,-2780166000,5602409000,,5602409000,,5515850000,-1365135000,-1589000,4150715000,0,,,,4150715000,4152304100,0,0,0,2365000,-86559000,373112000,-459671000,-633851000,-731283970,,2032.616,2027.082,,,,,,,,,,,,,,5602409000,5602409000,3697590000,
2019-12-31,yearly,6576507000,-668751000,5907756000,,-2678765000,,0,-2675615000,3232141000,,3232141000,,3339046000,-625842000,-962000,2713204000,0,,,,2713204000,2714166000,0,0,0,3150000,106905000,552406000,-445501000,-193543010,-432299000,,1326.246,1321.647,,,,,,,,,,,,,,3232141000,3232141000,2133213000,
2018-12-31,yearly,4831915000,0,4831915000,,-2433249000,,-8722000,-2439823900,2392091000,,2392091000,,2338409000,-250058000,907000,2088351000,0,,,,2088351000,2087444000,0,0,0,2147000,-53682000,488796000,-542478000,9684000,-259742000,,1021.683,1016.307,,,,,,,,,,,,,,2392091000,2392091000,1578780000,
2017-12-31,yearly,3673596000,0,3673596000,,-2125051000,,-65508000,-2189394000,1484202000,,1484202000,,1577709000,-281064000,405000,1296645000,0,,,,1296645000,1296240000,0,0,0,1165000,93507000,887128000,-793621000,-93494000,-187570000,,654.96,651.7,,,,,,,,,,,,,,1484202000,1484202000,979573300,
2016-12-31,yearly,2320781000,0,2320781000,,-1226195000,,0,-1226195000,1094586000,,1094586000,,1246570000,199494000,-199000,1446064000,0,,,,1446064000,1446263000,0,0,0,0,151984000,1167300000,-1015315970,-144391010,343885000,,809.36,803.56,,,,,,,,,,,,,,1094586000,1094586000,722426750,
2015-12-31,yearly,2216634000,0,2216634000,,-850656000,,-1662681000,81792000,2298426000,,2298426000,,2807222000,-603763970,1220000,2203458000,0,,,,2203458000,2202238000,0,0,2458884000,136244990,508796000,745707000,-236911010,-45558000,-558206000,,1229.001,1219.86,,,,,,,,,,,,,,2298426000,2298426000,1516961200,
2014-12-31,yearly,2030433000,0,2030433000,,-804070000,,0,-591910000,1438523000,,1438523000,,1646680100,-660959000,861000,985721000,-7807000,,,,977914000,977053000,0,0,0,212160000,208156990,361761000,-153604000,-104159000,-556800000,,531.76,530.71,,,,,,,,,,,,,,1438523000,1438523000,949425150,
2013-12-31,yearly,2131795000,0,2131795000,,-797160000,,0,-625795000,1506000000,,1506000000,,1687535000,-606588030,-569000,1080947000,0,,,,1080947000,1081516000,0,0,0,171364990,181535010,300023000,-118488000,-60097000,-546491000,,563.638,562.158,,,,,,,,,,,,,,1506000000,1506000000,993960000,
2012-12-31,yearly,2064750000,0,2064750000,,-763080000,,0,-613810000,1450940000,,1450940000,,1659791000,-585535000,-34000,1074256000,0,,,,1074256000,1074290000,0,0,0,149270000,208851010,297217000,-88366000,-67314000,-518221000,,556.51,555.07,,,,,,,,,,,,,,1450940000,1450940000,957620400,
2011-12-31,yearly,2115983000,-211299010,1904684000,,-816664000,,0,-597203000,1307481000,,1307481000,,1588210000,-539681000,530000,1048529000,0,,,,1048529000,1047999000,0,0,0,219460990,280729000,357720000,-76991000,-49422000,-490259000,,537.79,536.59,,,,,,,,,,,,,,1307481000,1307481000,862937500,
2010-12-31,yearly,2102554000,-212796990,1889757000,,-633504000,,0,-595266000,1294491000,,1294491000,,1592515000,-448029000,-75000,1144486000,0,,,,1144486000,1144561000,0,0,0,38238000,298024000,354806020,-56782000,-5408000,-442621000,,,,,,,,,,,,,,,,,1294491000,1294491000,854364030,
