endDate,type,totalRevenue,costOfRevenue,grossProfit,researchDevelopment,sellingGeneralAdministrative,nonRecurring,otherOperatingExpenses,totalOperatingExpenses,operatingIncome,totalOtherIncomeExpenseNet,ebit,interestExpense,incomeBeforeTax,incomeTaxExpense,minorityInterest,netIncomeFromContinuingOps,discontinuedOperations,extraordinaryItems,effectOfAccountingCharges,otherItems,netIncome,netIncomeApplicableToCommonShares,salesExpenses,lossesDueToNonRecoverabilityOfAssets,otherOperatingIncome,equityIncomeResult,financialResult,financialIncome,financialExpenses,currentTaxes,deferredTaxes,incomeBeforeStatutoryParticipationsAndContributions,basicEarningsPerCommonShare,dilutedEarningsPerCommonShare,basicEarningsPerPreferredShare,profitSharingAndStatutoryContributions,dilutedEarningsPerPreferredShare,claimsAndOperationsCosts,administrativeCosts,otherOperatingIncomeAndExpenses,earningsPerShare,basicEarningsPerShare,dilutedEarningsPerShare,insuranceOperations,reinsuranceOperations,complementaryPensionOperations,capitalizationOperations,cleanEbit,cleanEbitda,cleanNopat,cleanNetIncome
2025-12-31,yearly,319462100000,-218451380000,101010720000,,,,,-95397085000,-95397085000,,,,5613636000,11168302000,,16781938000,0,,,,16781938000.0,,,,,,,,,,,16781938000,,,,0.0,,,,,,,,,,,,,,,
2024-12-31,yearly,273505270000,-168990830000,104514445000,,,,,-76803860000,-76803860000,,,,27710589000,1460975000,,29171565000,0,,,,29171565000.0,,,,,,,,,,,29171565000,4620.0,4620.0,,0.0,,,,,,,,,,,,,,,
2023-12-31,yearly,265438610000,-176689870000,88748730000,,,,,-47601540000,-47601540000,,,,41147190000,-7981599700,,33165590000,0,,,,33165590000.0,,,,,,,,,,,33165590000,10500.0,10500.0,,0.0,,,,,,,,,,,,,,,
2022-12-31,yearly,236549050000,-162202480000,74346570000,,,,,-36044850000,-36044850000,,,,38301716000,-8452382000,,29849336000,0,,,,29849336000.0,,,,,,,,,,,29849336000,9680.0,9680.0,,0.0,,,,,,,,,,,,,,,
2021-12-31,yearly,125947216000,-66273137000,59674080000,,,,,-35684286000,-35684286000,,,,23989790000,-4266920000,,19722870000,0,,,,19722870000.0,,,,,,,,,,,19722870000,6430.0,6430.0,,0.0,,,,,,,,,,,,,,,
2020-12-31,yearly,98659705000,-43232120000,55427584000,,,,,-43850580000,-43850580000,,,,11577003000,1715879900,,13292883000,0,,,,13292883000.0,,,,,,,,,,,13292883000,4160.0,4160.0,,0.0,,,,,,,,,,,,,,,
2019-12-31,yearly,123105320000,-89253860000,33851460000,,,,,-22711947000,-22711947000,,,,11139512000,7748806000,2491422000.0,18888319000,0,,,,,16396896000.0,,,,,,,,,,18888319000,5860.0,5860.0,,,,,,,,,,,,,,,,,
2018-12-31,yearly,120250340000,-82160830000,38089520000,,,,,-17675320000,-17675320000,,,,20414200000,-5328098000,1260107000.0,15086102000,0,,,,,13825994000.0,,,,,,,,,,15086102000,4960.0,4960.0,,,,,,,,,,,,,,,,,
2017-12-31,yearly,139763610000,-109398270000,30365348000,,,,,-14434887000,-14434887000,,,,15930461000,-3655158000,1646509000.0,12275303000,0,,,,,10628794000.0,,,,,,,,,,12275303000,3820.0,3820.0,,,,,,,,,,,,,,,,,
2016-12-31,yearly,168039240000,-134531190000,33508053000,,,,,-22617627000,-22617627000,,,,10890427000,-2230850000,1632295900.0,8659577000,0,,,,,7027281000.0,,,,,,,,,,8659577000,2520.0,2520.0,,,,,,,,,,,,,,,,,
2015-12-31,yearly,182368880000,-159904020000,22464846000,,,,,-12327342000,-12327342000,,,,10137504000,5660535000,1728457000.0,15798039000,0,,,,,14069582000.0,,,,,,,,,,15798039000,5030.0,5030.0,,,,,,,,,,,,,,,,,
2014-12-31,yearly,137778600000,-105909420000,31869184000,,,,,-16264666000,-16264666000,,,,15604517000,-2261021000,1490400000.0,13343496000,0,,,,,11853096000.0,,,,,,,,,,13343496000,4230.0,4230.0,,,,,,,,,,,,,,,,,
2013-12-31,yearly,104582210000,-74376890000,30205323000,,,,,-17346329000,-17346329000,,,,12858994000,-1570160000,850768000.0,11288834000,0,,,,,10438066000.0,,,,,,,,,,11288834000,3680.0,3680.0,,,,,,,,,,,,,,,,,
2012-12-31,yearly,107931380000,-72210784000,35720593000,,,,,-20450701000,-20450701000,,,,15269892000,-3831692000,192278000.0,11438200000,0,,,,,11245922000.0,,,,,,,,,,11438200000,3930.0,3930.0,0.0,,,,,,,,,,,,,,,,
2011-12-31,yearly,106919760000,-69976070000,36943684000,,,,,-19148430000,-19148430000,,,,17795254000,-5058343000,54990000.0,12736912000,0,,,,,12681922000.0,,,,,,,,,,12736912000,4430.0,4420.0,,,,,,,,,,,,,,,,,
2010-12-31,yearly,85143210000,-50775740000,34367463000,,,,,-17816599000,-17816599000,,,,16550866000,-5220521000,34336000.0,11330345000,0,,,,,11296009000.0,,,,,,,,,,11330345000,4170.0,4140.0,,,,,,,,,,,,,,,,,
