endDate,type,totalRevenue,costOfRevenue,grossProfit,researchDevelopment,sellingGeneralAdministrative,nonRecurring,otherOperatingExpenses,totalOperatingExpenses,operatingIncome,totalOtherIncomeExpenseNet,ebit,interestExpense,incomeBeforeTax,incomeTaxExpense,minorityInterest,netIncomeFromContinuingOps,discontinuedOperations,extraordinaryItems,effectOfAccountingCharges,otherItems,netIncome,netIncomeApplicableToCommonShares,salesExpenses,lossesDueToNonRecoverabilityOfAssets,otherOperatingIncome,equityIncomeResult,financialResult,financialIncome,financialExpenses,currentTaxes,deferredTaxes,incomeBeforeStatutoryParticipationsAndContributions,basicEarningsPerCommonShare,dilutedEarningsPerCommonShare,basicEarningsPerPreferredShare,profitSharingAndStatutoryContributions,dilutedEarningsPerPreferredShare,claimsAndOperationsCosts,administrativeCosts,otherOperatingIncomeAndExpenses,earningsPerShare,basicEarningsPerShare,dilutedEarningsPerShare,insuranceOperations,reinsuranceOperations,complementaryPensionOperations,capitalizationOperations,cleanEbit,cleanEbitda,cleanNopat,cleanNetIncome
2025-12-31,yearly,270183100000,-193843760000,76339356000,,,,,-55314768000,-55314768000,,,,21024584000,2900052000,,23924636000,0,,,,23924636000.0,,,,,,,,,,,23924636000,2130.0,2130.0,2350.0,0.0,2350.0,,,,,,,,,,,,,,
2024-12-31,yearly,213219740000,-144279160000,68940590000,,,,,-52040070000,-52040070000,,,,16900514000,641639000,,17542152000,0,,,,17542152000.0,,,,,,,,,,,17542152000,1550.0,1550.0,1710.0,0.0,1710.0,,,,,,,,,,,,,,
2023-12-31,yearly,224457790000,-156376060000,68081738000,,,,,-57873388000,-57873388000,,,,10208351000,4294414000,,14502765000,0,,,,14502765000.0,,,,,,,,,,,14502765000,1270.0,1270.0,1410.0,0.0,1410.0,,,,,,,,,,,,,,
2022-12-31,yearly,205913280000,-131311256000,74602020000,,,,,-50392072000,-50392072000,,,,24209949000,-2992753000,,21217196000,0,,,,21217196000.0,,,,,,,,,,,21217196000,1870.0,1870.0,2060.0,0.0,2060.0,,,,,,,,,,,,,,
2021-12-31,yearly,125443430000,-55121320000,70322110000,,,,,-37469740000,-37469740000,,,,32852367000,-9471563000,,23380804000,0,,,,23380804000.0,,,,,,,,,,,23380804000,2280.0,2280.0,2500.0,0.0,2500.0,,,,,,,,,,,,,,
2020-12-31,yearly,98429120000,-48575690000,49853430000,,,,,-45778133000,-45778133000,,,,4075295000,11958666000,,16033961000,0,,,,16033961000.0,,,,,,,,,,,16033961000,1707.1,1707.1,1877.8,0.0,1877.8,,,,,,,,,,,,,,
2019-12-31,yearly,124306390000,-58617987000,65688410000,,,,,-52307330000,-52307330000,,,,13381078000,7792129000,150184000.0,21173207000,0,,,,,21023023000.0,,,,,,,,,,21173207000,2490.0,,2740.0,,,,,,,,,,,,,,,,
2018-12-31,yearly,112546955000,-55244670000,57302286000,,,,,-37860270000,-37860270000,,,,19442014000,-2693576000,164524000.0,16748439000,0,,,,,16583914000.0,,,,,,,,,,16748439000,2600.0,,2360.0,,,,,,,,,,,,,,,,
2017-12-31,yearly,137794220000,-75589420000,62204817000,,,,,-38461256000,-38461256000,,,,23743560000,-6428956000,225239010.0,17314603000,0,,,,,17089364000.0,,,,,,,,,,17314603000,2670.0,,2940.0,,,,,,,,,,,,,,,,
2016-12-31,yearly,162912500000,-91037385000,71875120000,,,,,-39969660000,-39969660000,,,,31905456000,-13912730000,98477000.0,17992727000,0,,,,,17894248000.0,,,,,,,,,,17992727000,3080.0,,3390.0,,,,,,,,,,,,,,,,
2015-12-31,yearly,114601296000,-71412210000,43189080000,,,,,-33585498000,-33585498000,,,,9603583000,8634322000,104999000.0,18237905000,0,,,,,18132906000.0,,,,,,,,,,18237905000,3430.0,,3780.0,,,,,,,,,,,,,,,,
2014-12-31,yearly,99723520000,-53847330000,45876190000,,,,,-26545400000,-26545400000,,,,19330791000,-3914313000,101535000.0,15416478000,0,,,,,15314943000.0,,,,,,,,,,15416478000,3480.0,,3820.0,,,,,,,,,,,,,,,,
2013-12-31,yearly,77698154000,-41382140000,36316017000,,,,,-21996845000,-21996845000,,,,14319169000,-1833031000,90218000.0,12486138000,0,,,,,12395920000.0,,,,,,,,,,12486138000,2810.0,,3090.0,,,,,,,,,,,,,,,,
2012-12-31,yearly,87139800000,-40592134000,46547670000,,,,,-31045435000,-31045435000,,,,15502232000,-4150538000,60124000.0,11351694000,0,,,,,11291570000.0,,,,,,,,,,11351694000,2830.0,,3120.0,,,,,,,,,,,,,,,,
2011-12-31,yearly,82124300000,-44130173000,37994130000,,,,,-23310662000,-23310662000,,,,14683469000,-3594027000,131388000.0,11089442000,0,,,,,10958054000.0,,,,,,,,,,11089442000,2740.0,,3010.0,,,,,,,,,,,,,,,,
2010-12-31,yearly,66739330000,-31683852000,35055480000,,,,,-19731362000,-19731362000,,,,15324117000,-5271924000,112618000.0,10052193000,0,,,,,9939575000.0,,,,,,,,,,10052193000,2520.0,,2770.0,,,,,,,,,,,,,,,,
