endDate,type,totalRevenue,costOfRevenue,grossProfit,researchDevelopment,sellingGeneralAdministrative,nonRecurring,otherOperatingExpenses,totalOperatingExpenses,operatingIncome,totalOtherIncomeExpenseNet,ebit,interestExpense,incomeBeforeTax,incomeTaxExpense,minorityInterest,netIncomeFromContinuingOps,discontinuedOperations,extraordinaryItems,effectOfAccountingCharges,otherItems,netIncome,netIncomeApplicableToCommonShares,salesExpenses,lossesDueToNonRecoverabilityOfAssets,otherOperatingIncome,equityIncomeResult,financialResult,financialIncome,financialExpenses,currentTaxes,deferredTaxes,incomeBeforeStatutoryParticipationsAndContributions,basicEarningsPerCommonShare,dilutedEarningsPerCommonShare,basicEarningsPerPreferredShare,profitSharingAndStatutoryContributions,dilutedEarningsPerPreferredShare,claimsAndOperationsCosts,administrativeCosts,otherOperatingIncomeAndExpenses,earningsPerShare,basicEarningsPerShare,dilutedEarningsPerShare,insuranceOperations,reinsuranceOperations,complementaryPensionOperations,capitalizationOperations,cleanEbit,cleanEbitda,cleanNopat,cleanNetIncome
2025-12-31,yearly,0,,0,,,,,,9865768000,,9865768000,,10941368000,,0.0,9017329000,0,,,,9017329000,9017329000.0,,,,5340918000,1075600000,1174046000,-98446000,,,,,,,,,0.0,-287185000.0,4812035000.0,0.0,0.0,0.0,0.0,0.0,0.0,0.0,9865768000,9865768000,6511407000,
2024-12-31,yearly,0,,0,,,,,,9757267000,,9757267000,,10410989000,,0.0,8703353000,0,,,,8703353000,8703353000.0,,,,5311964000,653722000,696360000,-42638000,,,,,,,,,0.0,-250551010.0,4695854000.0,0.0,0.0,0.0,0.0,0.0,0.0,0.0,9757267000,9757267000,6439796000,
2023-12-31,yearly,0,,0,,,,,,8905767000,,8905767000,,9493311000,,0.0,7947203000,0,,,,7947203000,7947203000.0,,,,4890458000,587545000,670933000,-83388000,,,,,,,,,0.0,-220300990.0,4235610000.0,0.0,0.0,0.0,0.0,0.0,0.0,0.0,8905767000,8905767000,5877806000,
2022-12-31,yearly,0,0.0,0,,0.0,,0.0,0.0,3681904100,,3681904100,,7045669000,502561980.0,,7548231000,-1503660000,,,,6044571000,,0.0,0.0,0.0,0,3363765000,3363765000,0,532063000.0,-29501000.0,,3027.25,3027.25,,,,,,,,,,,,,,3681904100,3681904100,2430056700,
2021-12-31,yearly,0,0.0,0,,0.0,,0.0,0.0,3101845000,,3101845000,,4932200000,147224000.0,,5079424000,-1146207000,,,,3933217000,,0.0,0.0,0.0,0,1830355000,1830355000,0,151739010.0,-4515000.0,,1969.88,1969.88,,,,,,,,,,,,,,3101845000,3101845000,2047217700,
2020-12-31,yearly,0,0.0,0,,0.0,,0.0,0.0,2901000000,,2901000000,,4781490000,111150000.0,,4892640300,-1041869000,,,,3850771000,,0.0,0.0,0.0,0,1880490000,1880490000,0,138656990.0,-27507000.0,,1928.63,1928.63,,,,,,,,,,,,,,2901000000,2901000000,1914660000,
2019-12-31,yearly,0,0.0,0,,0.0,,0.0,0.0,6277176000,,6277176000,,8600935000,312869000.0,,8913804000,-2255023000,,,,6658781000,,0.0,0.0,0.0,0,2323759000,2323759000,0,343521980.0,-30653000.0,,3335.06,3335.06,,,,,,,,,,,,,,6277176000,6277176000,4142936000,
2018-12-31,yearly,0,0.0,0,,0.0,,0.0,0.0,2487261000,,2487261000,,4414393000,236510000.0,,4650903000,-1111350000,,,,3539553000,,0.0,0.0,0.0,0,1927132000,1927132000,0,274057000.0,-37547000.0,,1772.79,1772.79,,,,,,,,,,,,,,2487261000,2487261000,1641592300,
2017-12-31,yearly,0,0.0,0,,0.0,,0.0,0.0,2431478000,,2431478000,,4692552000,276647000.0,,4969199000,-919954000,,,,4049245000,,0.0,0.0,0.0,0,2261074000,2261074000,0,343399000.0,-66752000.0,,2028.07,2028.07,,,,,,,,,,,,,,2431478000,2431478000,1604775400,
2016-12-31,yearly,0,0.0,0,,0.0,,0.0,0.0,2205903000,,2205903000,,4824417000,0.0,,4824417000,-810565000,,,,4013852000,,0.0,0.0,0.0,0,2618514000,2618514000,0,0.0,0.0,,2010.27,2010.27,,,,,,,,,,,,,,2205903000,2205903000,1455895900,
2015-12-31,yearly,0,0.0,0,,0.0,,0.0,0.0,2247550000,,2247550000,,4994652000,0.0,,4994652000,-787219970,,,,4207432000,,0.0,0.0,0.0,0,2747102000,2747102000,0,0.0,0.0,,2103.81,2103.81,,,,,,,,,,,,,,2247550000,2247550000,1483383000,
2014-12-31,yearly,0,0.0,0,,0.0,,0.0,0.0,1948614000,,1948614000,,4139012000,0.0,,4139012000,-682329000,,,,3456683000,,0.0,0.0,0.0,0,2190398000,2190398000,0,0.0,0.0,,1728.34,,,,,,,,,,,,,,,1948614000,1948614000,1286085200,
2013-12-31,yearly,0,0.0,0,,0.0,,0.0,0.0,1386766000,,1386766000,,2947721000,0.0,,2947721000,-473969000,,,,2473752000,,0.0,0.0,0.0,0,1560955000,1560955000,0,0.0,0.0,,1236.88,,,,,,,,,,,,,,,1386766000,1386766000,915265540,
2012-12-31,yearly,0,0.0,0,,0.0,,0.0,0.0,0,,0,,0,0.0,,0,0,,,,0,,0.0,0.0,0.0,0,0,0,0,0.0,0.0,,,,,,,,,,,,,,,,,0,0,0,
