endDate,type,totalRevenue,costOfRevenue,grossProfit,researchDevelopment,sellingGeneralAdministrative,nonRecurring,otherOperatingExpenses,totalOperatingExpenses,operatingIncome,totalOtherIncomeExpenseNet,ebit,interestExpense,incomeBeforeTax,incomeTaxExpense,minorityInterest,netIncomeFromContinuingOps,discontinuedOperations,extraordinaryItems,effectOfAccountingCharges,otherItems,netIncome,netIncomeApplicableToCommonShares,salesExpenses,lossesDueToNonRecoverabilityOfAssets,otherOperatingIncome,equityIncomeResult,financialResult,financialIncome,financialExpenses,currentTaxes,deferredTaxes,incomeBeforeStatutoryParticipationsAndContributions,basicEarningsPerCommonShare,dilutedEarningsPerCommonShare,basicEarningsPerPreferredShare,profitSharingAndStatutoryContributions,dilutedEarningsPerPreferredShare,claimsAndOperationsCosts,administrativeCosts,otherOperatingIncomeAndExpenses,earningsPerShare,basicEarningsPerShare,dilutedEarningsPerShare,insuranceOperations,reinsuranceOperations,complementaryPensionOperations,capitalizationOperations,cleanEbit,cleanEbitda,cleanNopat,cleanNetIncome
2025-12-31,yearly,54830070000,-45317263000,9512810000,,-2273731000,,0,-5664459000,3848351000,,3848351000,,698261000,149999010,37772000,848259970,0,,,,848259970,810488000,-3489667000,0,100960000,-2021000,-3150090000,1626259000,-4776349000,-38118000,188116990,,822.49,691.15,,,,,,,,,,,,,,3848351000,3848351000,2539911700,
2024-12-31,yearly,34068865000,-27065602000,7003263000,,-1855394000,,0,-4575388000,2427875000,,2427875000,,-1504971000,-58835000,-5094000,-1563806000,0,,,,-1563806000,-1558712100,-2781779000,-33629000,95414000,0,-3932846000,968838000,-4901684000,-112796000,53961000,,-2649.4,-2649.4,,,,,,,,,,,,,,2427875000,2427875000,1602397400,
2023-12-31,yearly,26891608000,-21378060000,5513549000,,-1326647000,,0,-3463351000,2050198000,,2050198000,,341153000,54380000,-25521000,395533000,0,,,,395533000,421054020,-2157115000,0,20411000,0,-1709045000,386961000,-2096006000,-26243000,80623000,,717.54,717.54,,,,,,,,,,,,,,2050198000,2050198000,1353130600,
2022-12-31,yearly,30977770000,-25240353000,5737417000,,-1026128000,,0,-3314182000,2423235000,,2423235000,,388109000,266955010,2531000,655064000,0,,,,655064000,652533000,-2333667000,0,45613000,0,-2035126000,187259010,-2222385000,-64808000,331763000,,1115.57,1115.57,,,,,,,,,,,,,,2423235000,2423235000,1599335000,
2021-12-31,yearly,26965360000,-22320337000,4645023700,,-857581000,,0,-2609606000,2035418000,,2035418000,,585607000,13272000,0,598879000,0,,,,598879000,598879000,-1766570000,0,14545000,0,-1449811000,75015000,-1524826000,-64918000,78190000,,1026.1,1026.1,,,,,,,,,,,,,,2035418000,2035418000,1343375900,
2020-12-31,yearly,19406344000,-15571421000,3834923000,,-705834000,,-31311000,-2041150000,1793773000,,1793773000,,766014000,-68922000,0,697091970,0,,,,697091970,697091970,-1304005000,0,0,0,-1027759000,74897000,-1102656000,-93734000,24812000,,1326.85,1326.85,,,,,,,,,,,,,,1793773000,1793773000,1183890200,
2019-12-31,yearly,17122825000,-13830264000,3292561000,,-625050000,,-4322000,-1830479000,1462082000,,1462082000,,-132610000,148767010,0,16157000,0,,,,16157000,16157000,-1201107000,0,0,0,-1594692000,64385000,-1659077000,-153036990,301804000,,40.35,40.35,,,,,,,,,,,,,,1462082000,1462082000,964974140,
2018-12-31,yearly,16214909000,-13366616000,2848293000,,-611366000,,-523118020,-2173781000,674512000,,674512000,,-1809015000,544233000,0,-1264782000,0,,,,-1264782000,-1264782000,-1020459000,-18838000,0,0,-2483527000,85958000,-2569485000,-18490000,562723000,,-3389.59,-3389.59,,,,,,,,,,,,,,674512000,674512000,445177920,
2017-12-31,yearly,12103789000,-9866736000,2237053000,,-506083000,,0,-1247512100,989541000,,989541000,,-201100990,-79582000,340000,-280683000,0,,,,-280683000,-281023000,-751237000,0,9808000,0,-1190642000,104216000,-1294858000,-44671000,-34911000,,-1273.8,0.0,,,,,,,,,,,,,,989541000,989541000,653097100,
2016-12-31,yearly,9648670000,-7763328000,1885342000,,-353689980,,-13913000,-998355970,886986000,,886986000,,250580000,-55545000,165000,195035010,0,,,,195035010,194870000,-608849000,-21904000,0,0,-636406000,779272000,-1415678000,-49403000,-6142000,,827.36,0.0,,,,,,,,,,,,,,886986000,886986000,585410750,
2015-12-31,yearly,9524797000,-7601939000,1922858000,,-284927000,,-887000,-1001106000,921752000,,921752000,,-745916030,-54039000,757000,-799955000,0,,,,-799955000,-800712000,-691794000,-23498000,0,0,-1667668000,105725000,-1773393000,-50899000,-3140000,,-4170.51,0.0,,,,,,,,,,,,,,921752000,921752000,608356300,
2014-12-31,yearly,6987230000,-5633655000,1353575000,,-226316000,,-21624000,-760022000,593553000,,593553000,,-419595000,1377000,10000,-418217980,0,,,,-418217980,-418228000,-512081980,0,0,0,-1013148030,76722000,-1089870000,-7526000,8903000,,2349.6,0.0,,,,,,,,,,,,,,593553000,593553000,391745000,
2013-12-31,yearly,5456566000,-4330710000,1125856000,,-166319010,,0,-666339000,459517000,,459517000,,-316005000,1720000,-316000,-314285000,0,,,,-314285000,-313969000,-480421000,-34175000,14576000,0,-775522000,51236000,-826758000,-3133000,4853000,,-2164.47,-1946.14,,,,,,,,,,,,,,459517000,459517000,303281220,
2012-12-31,yearly,4379891000,-3464216000,915675000,,-134396990,,0,-497247000,418428000,,418428000,,-201372000,2554000,-4722000,-198818000,0,,,,-198818000,-194096000,-393430020,0,30580000,0,-619800000,58467000,-678267000,-3188000,5742000,,-1356.9,-1190.8,,,,,,,,,,,,,,418428000,418428000,276162460,
2011-12-31,yearly,3976977000,-3376496100,600481000,,-110402000,,0,-318135000,282345980,,282345980,,-92406000,134121000,-3649000,41715000,0,,,,41715000,45364000,-236883010,0,29150000,0,-374752000,62151000,-436903000,-280000,134400990,,433.1,433.1,,,,,,,,,,,,,,282345980,282345980,186348350,
2010-12-31,yearly,3408205000,-2760209000,647996030,,-71187000,,-2872000,-429127000,218868990,,218868990,,-21526000,44424000,2023000,22898000,0,,,,22898000,20875000,-355068000,0,0,0,-240395010,29825000,-270220000,-1524000,45948000,,,,,,,,,,,,,,,,,218868990,218868990,144453540,
