endDate,type,totalRevenue,costOfRevenue,grossProfit,researchDevelopment,sellingGeneralAdministrative,nonRecurring,otherOperatingExpenses,totalOperatingExpenses,operatingIncome,totalOtherIncomeExpenseNet,ebit,interestExpense,incomeBeforeTax,incomeTaxExpense,minorityInterest,netIncomeFromContinuingOps,discontinuedOperations,extraordinaryItems,effectOfAccountingCharges,otherItems,netIncome,netIncomeApplicableToCommonShares,salesExpenses,lossesDueToNonRecoverabilityOfAssets,otherOperatingIncome,equityIncomeResult,financialResult,financialIncome,financialExpenses,currentTaxes,deferredTaxes,incomeBeforeStatutoryParticipationsAndContributions,basicEarningsPerCommonShare,dilutedEarningsPerCommonShare,basicEarningsPerPreferredShare,profitSharingAndStatutoryContributions,dilutedEarningsPerPreferredShare,claimsAndOperationsCosts,administrativeCosts,otherOperatingIncomeAndExpenses,earningsPerShare,basicEarningsPerShare,dilutedEarningsPerShare,insuranceOperations,reinsuranceOperations,complementaryPensionOperations,capitalizationOperations,cleanEbit,cleanEbitda,cleanNopat,cleanNetIncome
2025-12-31,yearly,28145818000,0,28145818000,,,,,-8854137000,-8854137000,,,,19291680000,-2627877000,657839000.0,16663803000,0,,,,,16005964000.0,,,,,,,,,,16663803000,,,,,,,,,,,,,,,,,,,
2024-12-31,yearly,34660016000,-21186134000,13473884000,,,,,-650812030,-650812030,,,,12823072000,-1742627000,335441000.0,11080445000,0,,,,,10745004000.0,,,,,,,,,,11080445000,,,,,,,,,,,,,,,,,,,
2023-12-31,yearly,24617325000,-2280246000,22337080000,,,,,-10673303000,-10673303000,,,,11663776000,-1409016100,274417980.0,10254760000,0,,,,,9980342000.0,,,,,,,,,,10254760000,,,,,,,,,,,,,,,,,,,
2022-12-31,yearly,22534556000,-4650965000,17883590000,,,,,-8280605000,-8280605000,,,,9602986000,-1582791900,455977980.0,8020194000,0,,,,,7564216000.0,,,,,,,,,,8020194000,,,,,,,,,,,,,,,,,,,
2021-12-31,yearly,9894600000,-147550000,9747050000,,,,,2086692000,2086692000,,,,11833742000,-4769272000,-103966000.0,7064470000,0,,,,,7168436000.0,,,,,,,,,,7064470000,,,,,,,,,,,,,,,,,,,
2020-12-31,yearly,18643966000,-12540553000,6103412000,,,,,-870327000,-870327000,,,,5233085000,-952163970,-93735000.0,4280921000,0,,,,,4374656000.0,,,,,,,,,,4280921000,,,,,,,,,,,,,,,,,,,
2019-12-31,yearly,11678102000,-6921930000,4756172000,,,,,299457980,299457980,,,,5055630000,-1002213000,30659000.0,4053417000,0,,,,,4022758000.0,,,,,,,,,,4053417000,,,,,,,,,,,,,,,,,,,
2018-12-31,yearly,8673466000,-5974053000,2699413000,,,,,-113146000,-113146000,,,,2586267000,-156098000,6938000.0,2430169000,6938000,,,,,2430169000.0,,,,,,,,,,2437107000,910.0,910.0,910.0,,910.0,,,,,,,,,,,,,,
2017-12-31,yearly,8871675000,-5008327000,3863348000,,,,,-2136281000,-2136281000,,,,1727067000,648192000,-7861000.0,2375259000,-7861000,,,,,2375259000.0,,,,,,,,,,2367398000,870.0,870.0,870.0,,870.0,,,,,,,,,,,,,,
2016-12-31,yearly,13000416000,-5672205000,7328211000,,,,,-356390020,-356390020,,,,6971821000,-800633000,-19724000.0,6171188000,-1456230000,,,,,4734682000.0,,,,,,,,,,4714958000,1820.0,1820.0,1820.0,,1820.0,,,,,,,,,,,,,,
2015-12-31,yearly,11669345000,-15271168000,-3601823000,,,,,236034000,236034000,,,,-3365789000,3280693000,-160796000.0,-85096000,661114000,,,,,736814000.0,,,,,,,,,,576018000,270.0,270.0,270.0,,270.0,,,,,,,,,,,,,,
2014-12-31,yearly,11626540000,-9885826000,1740714000,,,,,45300000,45300000,,,,1786014000,115134000,-215938000.0,1901148000,0,,,,,2117086000.0,,,,,,,,,,1901148000,780.0,780.0,780.0,,780.0,,,,,,,,,,,,,,
2013-12-31,yearly,8826415000,-6224016000,2602399000,,,,,408501000,408501000,,,,3010900000,-426079000,107018000.0,2584821000,0,,,,,2477803000.0,,,,,,,,,,2584821000,950.0,950.0,950.0,,950.0,,,,,,,,,,,,,,
2012-12-31,yearly,8067816000,-4914541000,3153275000,,,,,-192358000,-192358000,,,,2960917000,-806791000,21136000.0,2154126000,0,,,,,2132990000.0,,,,,,,,,,2154126000,840.0,840.0,840.0,,840.0,,,,,,,,,,,,,,
2011-12-31,yearly,5267859000,-3996003000,1271856000,,,,,-152488990,-152488990,,,,1119367000,220196990,4960000.0,1339564000,0,,,,,1334604000.0,,,,,,,,,,1339564000,560.0,560.0,560.0,,560.0,,,,,,,,,,,,,,
2010-12-31,yearly,3096264000,-2347860000,748403970,,,,,441515000,441515000,,,,1189919000,-964000,,1188955000,81922000,,,,0.0,,,,,,,,,,,-284852000,,,,-175119010.0,,,,,,,,,,,,,,,
