endDate,type,totalRevenue,costOfRevenue,grossProfit,researchDevelopment,sellingGeneralAdministrative,nonRecurring,otherOperatingExpenses,totalOperatingExpenses,operatingIncome,totalOtherIncomeExpenseNet,ebit,interestExpense,incomeBeforeTax,incomeTaxExpense,minorityInterest,netIncomeFromContinuingOps,discontinuedOperations,extraordinaryItems,effectOfAccountingCharges,otherItems,netIncome,netIncomeApplicableToCommonShares,salesExpenses,lossesDueToNonRecoverabilityOfAssets,otherOperatingIncome,equityIncomeResult,financialResult,financialIncome,financialExpenses,currentTaxes,deferredTaxes,incomeBeforeStatutoryParticipationsAndContributions,basicEarningsPerCommonShare,dilutedEarningsPerCommonShare,basicEarningsPerPreferredShare,profitSharingAndStatutoryContributions,dilutedEarningsPerPreferredShare,claimsAndOperationsCosts,administrativeCosts,otherOperatingIncomeAndExpenses,earningsPerShare,basicEarningsPerShare,dilutedEarningsPerShare,insuranceOperations,reinsuranceOperations,complementaryPensionOperations,capitalizationOperations,cleanEbit,cleanEbitda,cleanNopat,cleanNetIncome
2025-12-31,yearly,0,0,0,,-34541000,,-64815000,471908000,471908000,,471908000,,546993000,0,,546993000,0,,,,546993000,,0,0,0,571264000,75085000,75615000,-530000,0,0,,1306.7,1306.7,1437.37,,1437.37,,,,,,,,,,,471908000,471908000,311459260,
2024-12-31,yearly,0,0,0,,-26286000,,-42823000,1134569000,1134569000,,1134569000,,1192208000,0,,1192208000,0,,,,1192208000,,0,0,15856000,1187822000,57639000,58167000,-528000,0,0,,2848.03,2848.03,3132.84,,3132.84,,,,,,,,,,,1134569000,1134569000,748815550,
2023-12-31,yearly,0,0,0,,-21414000,,-43833000,1828846000,1828846000,,1828846000,,1896619000,0,0.0,1896619000,0,,,,1896619000,1896619000.0,0,0,0,1894093000,67773000,68301000,-528000,0,0,,4530.78,4530.78,4983.86,,4983.86,,,,,,,,,,,1828846000,1828846000,1207038300,
2022-12-31,yearly,0,0,0,,-20445000,,-31535000,3646379000,3646379000,,3646379000,,3727675000,0,0.0,3727675000,0,,,,3727675000,3727675000.0,0,0,33000,3698326000,81296000,81879000,-583000,0,0,,8904.95,8904.95,9795.44,,9795.44,,,,,,,,,,,3646379000,3646379000,2406610200,
2021-12-31,yearly,0,0,0,,-27267000,,-35974000,8017274000,8017274000,,8017274000,,8079261000,0,0.0,8079261000,0,,,,8079261000,8079261000.0,0,0,0,8080515000,61987000,62902000,-915000,0,0,,19300.34,19300.34,21230.37,,21230.37,,,,,,,,,,,8017274000,8017274000,5291400700,
2020-12-31,yearly,0,0,0,,-18033000,,-27749000,1460597000,1460597000,,1460597000,,1467052000,0,0.0,1467052000,0,,,,1467052000,1467052000.0,0,0,0,1506379000,6455000,12824000,-6369000,0,0,,3958.37,3958.37,4354.21,,4354.21,,,,,,,,,,,1460597000,1460597000,963994050,
2019-12-31,yearly,0,0,0,,-17149000,,-39709000,-415617980,-415617980,,-415617980,,-403079000,-128000,0.0,-403207000,0,,,,-403207000,-403207000.0,0,0,0,-358760000,12539000,26173000,-13634000,0,0,,-1087.92,-1087.92,-1196.72,,-1196.72,,,,,,,,,,,-415617980,-415617980,-274307870,
2018-12-31,yearly,0,0,0,,-26330000,,-1533660000,1234255000,1234255000,,1234255000,,1198690000,-8194000,0.0,1190496000,0,,,,1190496000,1190496000.0,0,0,1273937000,1520308000,-35565000,95424000,-130989000,0,0,,3212.17,3212.17,3533.39,,3533.39,,,,,,,,,,,1234255000,1234255000,814608300,
2017-12-31,yearly,0,0,0,,-19161000,,-103069000,2609791000,2609791000,,2609791000,,2510624000,-182248990,0.0,2328375000,0,,,,2328375000,2328375000.0,0,0,1407280000,1324741000,-99167000,65659000,-164826000,0,0,,6254.86,6282.37,6880.35,,6910.61,,,,,,,,,,,2609791000,2609791000,1722462100,
2016-12-31,yearly,0,0,0,,-15167000,,-8895000,781880000,781880000,,781880000,,649874000,-20551000,0.0,629323000,0,,,,629323000,629323000.0,0,0,22438000,783504000,-132006000,70615000,-202620990,0,0,,1690.59,1698.03,1859.65,,1867.83,,,,,,,,,,,781880000,781880000,516040800,
2015-12-31,yearly,0,0,0,,-8576000,,-19550000,-2476513000,-2476513000,,-2476513000,,-2577557000,-12744000,0.0,-2590301000,0,,,,-2590301000,-2590301000.0,0,0,26508000,-2474895000,-101044000,65471000,-166515010,0,0,,-6958.49,-6989.1,-7654.34,,-7688.01,,,,,,,,,,,-2476513000,-2476513000,-1634498600,
2014-12-31,yearly,0,0,0,,-7453000,,-37495000,57595000,57595000,,57595000,,-29314000,130797000,0.0,101483000,0,,,,101483000,101483000.0,0,0,172284000,-69741000,-86909000,48158000,-135067010,0,0,,272.62,272.62,299.88,,299.88,,,,,,,,,,,57595000,57595000,38012700,
2013-12-31,yearly,0,0,0,,-12230000,,-36206000,19594000,19594000,,19594000,,-46232000,-1477000,0.0,-47709000,0,,,,-47709000,-47709000.0,0,0,185212000,-117182000,-65826000,32183000,-98009000,0,0,,-128.16,-128.16,-140.98,,-140.98,,,,,,,,,,,19594000,19594000,12932040,
2012-12-31,yearly,0,0,0,,-12551000,,-45491000,570435970,570435970,,570435970,,508937000,-32200000,0.0,476737000,0,,,,476737000,476737000.0,0,0,245672990,382805000,-61499000,29537000,-91036000,0,0,,1280.69,1280.69,1408.76,,1408.76,,,,,,,,,,,570435970,570435970,376487740,
2011-12-31,yearly,0,0,0,,-16147000,,-48279000,2167700000,2167700000,,2167700000,,2087022000,-63470000,0.0,2023552000,0,,,,2023552000,2023552000.0,0,0,284797000,1947329000,-80678000,28609000,-109287000,0,0,,5436.0,5436.0,5979.6,,5979.6,,,,,,,,,,,2167700000,2167700000,1430682000,
2010-12-31,yearly,4831326000,-1959582000,2871744000,,-244964990,,-245763010,-418347000,2453397000,,2453397000,,2214423000,-434183000,20434000.0,1780240000,0,,,,1780240000,1759806000.0,0,0,75167000,-2786000,-238974000,210303010,-449277000,0,0,,0.0,,0.0,,,,,,,,,,,,,2453397000,2453397000,1619242000,
