endDate,type,totalRevenue,costOfRevenue,grossProfit,researchDevelopment,sellingGeneralAdministrative,nonRecurring,otherOperatingExpenses,totalOperatingExpenses,operatingIncome,totalOtherIncomeExpenseNet,ebit,interestExpense,incomeBeforeTax,incomeTaxExpense,minorityInterest,netIncomeFromContinuingOps,discontinuedOperations,extraordinaryItems,effectOfAccountingCharges,otherItems,netIncome,netIncomeApplicableToCommonShares,salesExpenses,lossesDueToNonRecoverabilityOfAssets,otherOperatingIncome,equityIncomeResult,financialResult,financialIncome,financialExpenses,currentTaxes,deferredTaxes,incomeBeforeStatutoryParticipationsAndContributions,basicEarningsPerCommonShare,dilutedEarningsPerCommonShare,basicEarningsPerPreferredShare,profitSharingAndStatutoryContributions,dilutedEarningsPerPreferredShare,claimsAndOperationsCosts,administrativeCosts,otherOperatingIncomeAndExpenses,earningsPerShare,basicEarningsPerShare,dilutedEarningsPerShare,insuranceOperations,reinsuranceOperations,complementaryPensionOperations,capitalizationOperations,cleanEbit,cleanEbitda,cleanNopat,cleanNetIncome
2025-12-31,yearly,11622991000,-8520457000,3102534000,,-601341000,,0,-886351000.0,2216183000,,2216183000,,1453446000,-42221000,0.0,1411225000,0,,,,1411225000,1411225000.0,0,0,-285009980,0,-762737000,3500720100,-4263457000,-294309000,252088000,,3040,3020,,,,,,,,,,,,,,2216183000,2216183000,1462680800,
2024-12-31,yearly,8726361000,-6397784000,2328577000,,-645686000,,0,168691010.0,2497268000,,2497268000,,-1329793000,420102020,0.0,-909691000,0,,,,-909691000,-909691000.0,0,-25765000,840142000,0,-3827061000,1110023900,-4937085000,-111097000,531199000,,-2720,-2720,,,,,,,,,,,,,,2497268000,2497268000,1648196900,
2023-12-31,yearly,5619989000,-3862029000,1757959900,,-443960000,,0,-492089980.0,1265870000,,1265870000,,590794000,-165579010,19981000.0,425215000,0,,,,425215000,405233980.0,0,0,-48130000,0,-675075970,650055000,-1325131000,-215326000,49747000,,1810,1780,,,,,,,,,,,,,,1265870000,1265870000,835474200,
2022-12-31,yearly,1722422000,-835544000,886878000,,-339003000,,0,-615821000.0,271057000,,271057000,,-214132990,341849000,-21853000.0,127716000,0,,,,127716000,149568990.0,0,0,-276817980,0,-485190020,319817000,-805007000,-71675000,413524000,,740,730,,,,,,,,,,,,,,271057000,271057000,178897620,
2021-12-31,yearly,727799000,-319529980,408269000,,-159582000,,0,6776000.0,415045000,,415045000,,-44582000,60573000,16896000.0,15991000,0,,,,15991000,-905000.0,0,0,166358000,0,-459627000,197072000,-656699000,-3850000,64423000,,-10,-10,,,,,,,,,,,,,,415045000,415045000,273929700,
2020-12-31,yearly,204254000,-106235000,98019000,,-59538000,,0,-270371000.0,-172352000,,-172352000,,-301630020,25100000,-17297000.0,-276529980,0,,,,-276529980,-259232990.0,0,0,-210832990,0,-129278000,75067000,-204344990,-6229000,31329000,,17020,17020,,,,,,,,,,,,,,-172352000,-172352000,-113752320,
2019-12-31,yearly,32400000,-16031000,16369000,,-29087000,,28184000,-31650000.0,-15281000,,-15281000,,-28131000,-3835000,0.0,-31966000,0,,,,-31966000,-31966000.0,0,0,-30747000,0,-12850000,6527000,-19377000,-2858000,-977000,,-750,-750,,,,,,,,,,,,,,-15281000,-15281000,-10085460,
2018-12-31,yearly,797203970,-458552000,338652000,,-51271000,,-54517000,,81992000,,420644000,,536108000,-110886000,,425222020,0,,,,425222020,,0,0,187666000,114000,115464000,158392990,-42929000,-68346000,-42540000,,0,0,,,,,,,,,,,,,,420644000,420644000,277625020,
2017-12-31,yearly,501726020,-227714000,274012000,,-52104000,,-27732000,,68334000,,342345980,,434619000,-77244000,,357375000,0,,,,357375000,,0,0,149942000,-1772000,92273000,112859000,-20586000,-78301000,1057000,,0,0,,,,,,,,,,,,,,342345980,342345980,225948350,
2016-12-31,yearly,476454020,-240732000,235722000,,-49597000,,-62540000,,-114416000,,121306000,,167855010,-14957000,,152898000,0,,,,152898000,,0,0,-2788000,509000,46549000,60713000,-14164000,-13834000,-1123000,,0,0,,,,,,,,,,,,,,121306000,121306000,80061960,
2015-12-31,yearly,496192000,-252854000,243338000,,-52907000,,-386097980,,-439848000,,-196510000,,75710000,17903000,,93613000,0,,,,93613000,,0,0,335000,-1178000,272220000,265899010,6321000,-8242000,26145000,,360,360,,,,,,,,,,,,,,-196510000,-196510000,-129696600,
2014-12-31,yearly,503232000,-235388000,267844000,,-58475000,,-110348000,,-169008000,,98836000,,184623010,-18567000,,166056000,0,,,,166056000,,0,0,0,-185000,85787000,119608000,-33821000,-15482000,-3085000,,640,640,,,,,,,,,,,,,,98836000,98836000,65231760,
2013-12-31,yearly,486088000,-209899010,276189000,,-68594000,,-81522000,,-150556000,,125633000,,187683010,4559000,,192242000,0,,,,192242000,,0,0,0,-440000,62050000,85334000,-23284000,-17918000,22477000,,740,740,,,,,,,,,,,,,,125633000,125633000,82917776,
2012-12-31,yearly,462305980,-182800990,279505000,,-63285000,,-176199010,,-239484000,,40021000,,122498000,-40030000,,82468000,0,,,,82468000,,0,0,0,0,82477000,106908000,-24431000,-34230000,-5800000,,310,310,,,,,,,,,,,,,,40021000,40021000,26413860,
2011-12-31,yearly,289007000,-128722000,160284990,,-64096000,,-59332000,,-123428000,,36857000,,121211000,-29074000,,92137000,0,,,,92137000,,0,0,0,0,84354000,153276000,-68922000,-32013000,2939000,,360,360,,,,,,,,,,,,,,36857000,36857000,24325620,
2010-12-31,yearly,142242000,-57158000,85084000,,-10113000,,-39044000,,-49157000,,35927000,,45708000,-10113000,,35595000,0,,,,35595000,,0,0,0,0,9781000,22700000,-12919000,-9403000,-710000,,590,590,,,,,,,,,,,,,,35927000,35927000,23711820,
