endDate,type,totalRevenue,costOfRevenue,grossProfit,researchDevelopment,sellingGeneralAdministrative,nonRecurring,otherOperatingExpenses,totalOperatingExpenses,operatingIncome,totalOtherIncomeExpenseNet,ebit,interestExpense,incomeBeforeTax,incomeTaxExpense,minorityInterest,netIncomeFromContinuingOps,discontinuedOperations,extraordinaryItems,effectOfAccountingCharges,otherItems,netIncome,netIncomeApplicableToCommonShares,salesExpenses,lossesDueToNonRecoverabilityOfAssets,otherOperatingIncome,equityIncomeResult,financialResult,financialIncome,financialExpenses,currentTaxes,deferredTaxes,incomeBeforeStatutoryParticipationsAndContributions,basicEarningsPerCommonShare,dilutedEarningsPerCommonShare,basicEarningsPerPreferredShare,profitSharingAndStatutoryContributions,dilutedEarningsPerPreferredShare,claimsAndOperationsCosts,administrativeCosts,otherOperatingIncomeAndExpenses,earningsPerShare,basicEarningsPerShare,dilutedEarningsPerShare,insuranceOperations,reinsuranceOperations,complementaryPensionOperations,capitalizationOperations,cleanEbit,cleanEbitda,cleanNopat,cleanNetIncome
2025-12-31,yearly,70717000000,-69161000000,1556000000,,-3075000000,,-1318000000,-3363000000,-1807000100,,-1807000100,,-2845000000,-8115999700,-1080999900,-10961000000,0,,,,-10961000000,-9880001000,-2067000100,-125000000,3213000000,9000000,-1038000000,2865000000,-3903000000,28000000,-8144000000,,-12392.6,-12392.6,-12392.6,,-12392.6,,,,,,,,,,,-1807000100,-1807000100,-1192620000,
2024-12-31,yearly,77411000000,-71414000000,5997000000,,-3102000100,,-3048000000,-7075999700,-1079000100,,-1079000100,,-17733000000,5681000000,-732000000,-12052000000,0,,,,-12052000000,-11320001000,-1991000100,108000000,978000000,-21000000,-16654000000,2900000000,-19554000000,-330000000,6011000000,,-14199.8,-14199.8,-14199.8,,-14199.8,,,,,,,,,,,-1079000100,-1079000100,-712139970,
2023-12-31,yearly,70569000000,-67548000000,3021000000,,-2855000000,,-2735000000,-5813000000,-2792000000,,-2792000000,,-6192000000,1302000000,-311000000,-4890000000,0,,,,-4890000000,-4579000000,-1916000000,-83000000,1768999900,7000000,-3400000000,1010000000,-4410000000,-191000000,1492999900,,-5745.75,-5745.75,-5745.75,,-5745.75,,,,,,,,,,,-2792000000,-2792000000,-1842720000,
2022-12-31,yearly,96519280000,-85160550000,11358736000,,-3138476000,,-2343525000,-7086663000,4272073000,,4272073000,,47344000,-867735000,-484713980,-820391000,0,,,,-820391000,-335677000,-2108417000,-38426000,507333000,34848000,-4224729000,1487883000,-5712612000,-1003706000,135971010,,-421.5,-421.1,-421.5,,-421.1,,,,,,,,,,,4272073000,4272073000,2819568100,
2021-12-31,yearly,105625200000,-73568230000,32056970000,,-2818710000,,-2669290000,-6013423000,26043548000,,26043548000,,17961023000,-3999403000,-23326000,13961620000,0,,,,13961620000,13984946000,-2055640100,-8914000,1534487000,4644000,-8082524000,2057808000,-10140332000,-3834437000,-164966000,,17574.69,17574.69,17574.88,,17524.2,,,,,,,,,,,26043548000,26043548000,17188741000,
2020-12-31,yearly,58543493000,-47331414000,11212080000,,-2169395000,,-7938621000,-11283972000,-71892000,,-71892000,,-9683784000,2668478000,-323585980,-7015306000,0,,,,-7015306000,-6691720000,-1852055000,-55252000,750749000,-19398000,-9611892000,936711000,-10548603000,-52830000,2721308000,,-8406.76,-8406.76,-8406.76,,-8406.76,,,,,,,,,,,-71892000,-71892000,-47448720,
2019-12-31,yearly,52323525000,-45679500000,6644022000,,-2471910000,,-4856818000,-6700600000,-56578000,,-56578000,,-4802969000,1905996000,-99403000,-2896973000,0,,,,-2896973000,-2797570000,-1783455000,-7069000,2408434000,10218000,-4746391000,819417000,-5565808000,-228944990,2134941000,,-3514.58,-3514.58,-3514.58,,-3514.58,,,,,,,,,,,-56578000,-56578000,-37341480,
2018-12-31,yearly,57999868000,-46407496000,11592371000,,-1832824100,,90852000,-3288428000,8303943000,,8303943000,,3652501000,-745291000,40535000,2907210000,0,,,,2907210000,2866675000,-1545568000,0,0,-888000,-4651442000,1857793000,-6509235000,-509774020,-235516990,,3603.33,3603.33,3603.34,,3603.34,,,,,,,,,,,8303943000,8303943000,5480602600,
2017-12-31,yearly,49260593000,-36400746000,12859846000,,-1601728000,,-479404000,-3500784100,9359062000,,9359062000,,5416713000,-1292268000,50331000,4124445000,8876000,,,,4133321000,4082990000,-1459608100,0,0,39956000,-3942349000,820011000,-4762360000,-869493000,-422775000,,5121.37,5121.37,5121.37,,5121.37,,,,,,,,,,,9359062000,9359062000,6176981000,
2016-12-31,yearly,47663990000,-34940620000,12723369000,,-1639209000,,-3752163000,-6772122000,5951247000,,5951247000,,-140010000,-616046000,-317725000,-756056000,26859000,,,,-729197000,-411472000,-1410828000,0,0,30078000,-6091257000,-449553980,-5641703000,-898845000,282799000,,-556.21,-556.21,556.21,,-556.21,,,,,,,,,,,5951247000,5951247000,3927823000,
2015-12-31,yearly,47282995000,-36902085000,10380910000,,-1501773000,,-707153000,-3328719000,7052191000,,7052191000,,4559685000,-1660905000,-241531010,2898780000,0,,,,2898780000,3140311000,-1122012000,0,0,2219000,-2492506000,1701027000,-4193533000,-406336000,-1254569000,,3947.4,3947.4,3947.4,,3947.4,,,,,,,,,,,7052191000,7052191000,4654446000,
2014-12-31,yearly,46031390000,-40057340000,5974047700,,-1348565000,,95596000,-2404840000,3569208000,,3569208000,,1178565000,-452264000,-137763010,726301000,0,,,,726301000,864064000,-1155800100,0,0,3929000,-2390643000,355221000,-2745864000,-57806000,-394457980,,1085.7,1085.7,1085.7,,1085.7,,,,,,,,,,,3569208000,3569208000,2355677200,
2013-12-31,yearly,40969490000,-35820760000,5148729000,,-1193746000,,-211090000,-2408808000,2739921000,,2739921000,,963948030,-456910020,-2659000,507038020,0,,,,507038020,509697000,-1000749000,0,0,-3223000,-1775973000,773138000,-2549111000,-45218000,-411692000,,640.3,640.3,640.3,,640.3,,,,,,,,,,,2739921000,2739921000,1808347900,
2012-12-31,yearly,35513397000,-32209959000,3303439000,,-1104459000,,333767000,-1764836000,1538603000,,1538603000,,-1833714000,793376000,-7162000,-1040338000,302033000,,,,-738305000,-731143000,-968337000,0,0,-25807000,-3372317000,530182020,-3902499000,-17269000,810645000,,-1297.5,-1297.0,-1297.5,,-1297.0,,,,,,,,,,,1538603000,1538603000,1015477950,
2011-12-31,yearly,33176160000,-29317951000,3858209000,,-1124751000,,0,-1928304000,1929905000,,1929905000,,-874994000,358155000,8303000,-516839000,0,,,,-516839000,-525142020,-824187000,0,22053000,-1419000,-2804899000,769341000,-3574240000,-18981000,377136000,,-658.0,657.77,-658.0,,657.77,,,,,,,,,,,1929905000,1929905000,1273737300,
2010-12-31,yearly,25494817000,-21411774000,4083042000,,-1048707000,,-95995000,-868081000,3214961000,,3214961000,,1887438000,2047000,-5824000,1889485000,0,,,,1889485000,1895309000,-718963970,0,975283000,20302000,-1327523000,369425980,-1696949000,-61536000,63583000,,2649.7,2649.1,2649.7,,2649.1,,,,,,,,,,,3214961000,3214961000,2121874300,
