endDate,type,totalRevenue,costOfRevenue,grossProfit,researchDevelopment,sellingGeneralAdministrative,nonRecurring,otherOperatingExpenses,totalOperatingExpenses,operatingIncome,totalOtherIncomeExpenseNet,ebit,interestExpense,incomeBeforeTax,incomeTaxExpense,minorityInterest,netIncomeFromContinuingOps,discontinuedOperations,extraordinaryItems,effectOfAccountingCharges,otherItems,netIncome,netIncomeApplicableToCommonShares,salesExpenses,lossesDueToNonRecoverabilityOfAssets,otherOperatingIncome,equityIncomeResult,financialResult,financialIncome,financialExpenses,currentTaxes,deferredTaxes,incomeBeforeStatutoryParticipationsAndContributions,basicEarningsPerCommonShare,dilutedEarningsPerCommonShare,basicEarningsPerPreferredShare,profitSharingAndStatutoryContributions,dilutedEarningsPerPreferredShare,claimsAndOperationsCosts,administrativeCosts,otherOperatingIncomeAndExpenses,earningsPerShare,basicEarningsPerShare,dilutedEarningsPerShare,insuranceOperations,reinsuranceOperations,complementaryPensionOperations,capitalizationOperations,cleanEbit,cleanEbitda,cleanNopat,cleanNetIncome
2025-12-31,yearly,42751283000,-35513967000,7237316000,,-826866000,,126339000,-487008000,6750308000,,6750308000,,5671224000,-771607000,2208000,4899617000,0,,,,4899617000,4897409000,-161420990,0,174008000,200932000,-1079084000,982104000,-2061188000,-562122000,-209484990,,1710.0,1710.0,1710.0,,1710.0,,,,,,,,,,,6750308000,6750308000,4455203300,
2024-12-31,yearly,39819620000,-31663743000,8155876000,,-819915000,,-701610000,1722055900,9877932000,,9877932000,,9357140000,-2237853000,2141000,7119287000,0,,,,7119287000,7117146000,-174800990,0,3194668000,223714000,-520792000,1429996000,-1950788000,-1494843000,-743010000,,2490.0,2490.0,2490.0,,2490.0,,,,,,,,,,,9877932000,9877932000,6519435300,
2023-12-31,yearly,36849770000,-28465928000,8383840300,,-707415000,,-704129000,-1153714000,7230126000,,7230126000,,6851160000,-1084325000,2562000,5766835000,0,,,,5766835000,5764273000,-174663010,0,0,432493000,-378966020,1272079000,-1651045000,-943007000,-141318000,,2620.0,2620.0,2620.0,,2620.0,,,,,,,,,,,7230126000,7230126000,4771883000,
2022-12-31,yearly,34462806000,-27652014000,6810793000,,-789389000,,-1124891000,-1123616000,5687177000,,5687177000,,4120556000,-26189000,2054000,4094367000,0,,,,4094367000,4092313000,-108731000,0,56852000,842543000,-1566621000,1499794000,-3066415000,-950490000,924301000,,1860.0,1860.0,1860.0,,1860.0,,,,,,,,,,,5687177000,5687177000,3753536800,
2021-12-31,yearly,33646119000,-26923870000,6722248000,,-571376000,,434568000,228923010,6951171000,,6951171000,,4698178000,-945309000,1548000,3752869000,0,,,,3752869000,3751321000,-143856000,0,327511000,182076000,-2252993000,843306000,-3096299000,-1156082000,210772990,,2220.0,2220.0,2220.0,,2220.0,,,,,,,,,,,6951171000,6951171000,4587773000,
2020-12-31,yearly,25227624000,-19844751000,5382873000,,-582457000,,-857957000,-676577000,4706296000,,4706296000,,3800837000,-935715970,1011000,2865121000,0,,,,2865121000,2864110000,-146704990,0,553843970,356697980,-905459000,2445405000,-3350863900,-683681000,-252035010,,1890.0,1890.0,1890.0,,1890.0,,,,,,,,,,,4706296000,4706296000,3106155300,
2019-12-31,yearly,25390305000,-19598674000,5791633000,,-641810000,,-2000795000,-2682249000,3109384000,,3109384000,,4469661000,-1565655000,675000,2904006000,224067010,,,,3128073000,3127398000,-237732990,0,72738000,125351000,1360277000,3206850000,-1846573000,-1454341000,-111314000,,2140.0,2140.0,2140.0,,2140.0,,,,,,,,,,,3109384000,3109384000,2052193400,
2018-12-31,yearly,22266216000,-17677191000,4589025000,,-671923000,,-934123000,-2093127900,2495897000,,2495897000,,1977415000,-599123970,41614000,1378291000,363422020,,,,1741713000,1700099000,-264416000,0,-119117000,-103549000,-518481980,1705679000,-2224161000,-583273000,-15851000,,1170.0,1170.0,1180.0,,1180.0,,,,,,,,,,,2495897000,2495897000,1647292000,
2017-12-31,yearly,21711690000,-17487120000,4224570000,,-763121000,,-318521980,-1582163000,2642407000,,2642407000,,1645856000,-644259970,642000,1001596030,0,,,,1001596030,1000954000,-248280000,0,0,-252240000,-996551000,803713000,-1800263900,-446348000,-197912000,,370.0,370.0,840.0,,840.0,,,,,,,,,,,2642407000,2642407000,1743988600,
2016-12-31,yearly,18772656000,-14428830000,4343826000,,-666577000,,-1187919000,-2538708000,1805118000,,1805118000,,367927000,-33173000,420000,334753980,0,,,,334753980,334334020,-382368000,0,0,-301844000,-1437191000,1041304000,-2478495000,-173832990,140660000,,270.0,270.0,270.0,,270.0,,,,,,,,,,,1805118000,1805118000,1191377900,
2015-12-31,yearly,21292210000,-15783198000,5509013000,,-673802000,,-1685395000,-1412359900,4096653000,,4096653000,,3361586000,-892583000,503000,2469003000,0,,,,2469003000,2468500000,-175595010,0,729442000,392990020,-735067000,1469277000,-2204344000,-881045000,-11538000,,1960.0,1960.0,1960.0,,1960.0,,,,,,,,,,,4096653000,4096653000,2703791000,
2014-12-31,yearly,19539579000,-12802483000,6737095000,,-654352000,,-865358000,-1156697000,5580398000,,5580398000,,4479410000,-1342507000,264000,3136903000,0,,,,3136903000,3136639000,-128416000,0,280945000,210484000,-1100988000,592684030,-1693671900,-1259226000,-83281000,,2490.0,,2490.0,,,,,,,,,,,,,5580398000,5580398000,3683062800,
2013-12-31,yearly,14627280000,-9848757000,4778523000,,-798841000,,-544312000,-416052000,4362471000,,4362471000,,4053996000,-950141000,0,3103855000,0,,,,3103855000,3103855000,-121005000,0,284297980,763808000,-308475000,885503000,-1193978000,-993941000,43800000,,2470.0,,2470.0,,,,,,,,,,,,,4362471000,4362471000,2879231000,
2012-12-31,yearly,18460375000,-12383533000,6076842000,,-1280470000,,-626920000,-1994240000,4082602000,,4082602000,,5334926000,-1063241000,0,4271685000,0,,,,4271685000,4271685000,-348071000,0,0,261220990,1252324000,3210239000,-1957915000,-1504093000,440852000,,5370.0,,5370.0,,,,,,,,,,,,,4082602000,4082602000,2694517200,
2011-12-31,yearly,15814227000,-9956824000,5857403000,,-840961000,,-413713000,-1445238000,4412165000,,4412165000,,3356374000,-940924030,0,2415450000,0,,,,2415450000,2415450000,-189820000,0,0,-744000,-1055791000,994995000,-2050786000,-1111451000,170527010,,3538.05,,3538.05,,,,,,,,,,,,,4412165000,4412165000,2912029000,
2010-12-31,yearly,12863330000,-8297571000,4565759000,,-367141000,,-268643000,-918963970,3646795000,,3646795000,,2822286000,-564310000,0,2257976000,0,,,,2257976000,2257976000,-283180000,0,0,0,-824509000,849098000,-1673607000,-871930000,307620000,,,,,,,,,,,,,,,,,3646795000,3646795000,2406884600,
