endDate,type,totalRevenue,costOfRevenue,grossProfit,researchDevelopment,sellingGeneralAdministrative,nonRecurring,otherOperatingExpenses,totalOperatingExpenses,operatingIncome,totalOtherIncomeExpenseNet,ebit,interestExpense,incomeBeforeTax,incomeTaxExpense,minorityInterest,netIncomeFromContinuingOps,discontinuedOperations,extraordinaryItems,effectOfAccountingCharges,otherItems,netIncome,netIncomeApplicableToCommonShares,salesExpenses,lossesDueToNonRecoverabilityOfAssets,otherOperatingIncome,equityIncomeResult,financialResult,financialIncome,financialExpenses,currentTaxes,deferredTaxes,incomeBeforeStatutoryParticipationsAndContributions,basicEarningsPerCommonShare,dilutedEarningsPerCommonShare,basicEarningsPerPreferredShare,profitSharingAndStatutoryContributions,dilutedEarningsPerPreferredShare,claimsAndOperationsCosts,administrativeCosts,otherOperatingIncomeAndExpenses,earningsPerShare,basicEarningsPerShare,dilutedEarningsPerShare,insuranceOperations,reinsuranceOperations,complementaryPensionOperations,capitalizationOperations,cleanEbit,cleanEbitda,cleanNopat,cleanNetIncome
2025-12-31,yearly,7016663000,-2189619000,4827044000,,-1892503000,,-732047000,-3520025000,1307019000,,1307019000,,578983000,7052000,-39484000,586035000,0,,,,586035000,625519000,-887451000,0,7596000,-15620000,-728035970,322062020,-1050098000,-5331000,12383000,,0.0,0.0,,,,,,,,,,,,,,1307019000,1307019000,862632500,
2024-12-31,yearly,6390593000,-2113100000,4277493000,,-1562979000,,-599273000,-2925525000,1351968000,,1351968000,,662830000,332091000,111760000,994921000,-3290000,,,,991631000,879871000,-768095000,0,17122000,-12300000,-689138000,556567000,-1245705000,202151010,129940000,,0.0,0.0,,,,,,,,,,,,,,1351968000,1351968000,892298900,
2023-12-31,yearly,5814798000,-2109212000,3705586000,,-1766613000,,-520629000,-2973426000,732160000,,732160000,,-171578000,-295748000,-18474000,-467326020,-44027000,,,,-511353000,-492879000,-702994000,0,35466000,-18656000,-903738000,388361000,-1292099000,12166000,-307913980,,0.0,0.0,,,,,,,,,,,,,,732160000,732160000,483225600,
2022-12-31,yearly,5092202000,-1864883000,3227319000,,-1709188000,,-463708000,-2924015000,303304000,,303304000,,-592123000,51125000,-12068000,-540998000,0,,,,-540998000,-528929980,-548718000,-215434000,14920000,-1887000,-895427000,509905000,-1405332000,19718000,31407000,,0.0,0.0,,,,,,,,,,,,,,303304000,303304000,200180640,
2021-12-31,yearly,4778057000,-1903710000,2874347000,,-1662087000,,-570688000,-2795943000,78404000,,78404000,,-505368000,43845000,-23860000,-461523000,-51462000,,,,-512985000,-489125000,-570753000,0,6028000,1557000,-583772030,309825980,-893598000,-2392000,46237000,,0.0,0.0,,,,,,,,,,,,,,78404000,78404000,51746640,
2020-12-31,yearly,5269144000,-1946923000,3322221000,,-1644018000,,-576936000,-6559128000,-3236907000,,-3236907000,,-3835601000,209218000,37000,-3626383000,-2179415000,,,,-5805798000,-5805835000,-2293415000,-2050424100,0,5665000,-598694000,279817980,-878512000,-36728000,245946000,,0.0,0.0,,,,,,,,,,,,,,-3236907000,-3236907000,-2136358700,
2019-12-31,yearly,7027194000,-2809622000,4217572000,,-1702759900,,39275000,-3200633000,1016939000,,1016939000,,183786000,58802000,7344000,242588000,0,,,,242588000,235244000,-1536991000,0,0,-157000,-833153000,346517000,-1179670000,-90504000,149306000,,0.0,0.0,,,,,,,,,,,,,,1016939000,1016939000,671179700,
2018-12-31,yearly,6060708000,-2268804000,3791904000,,-1051990000,,9591000,-2547006000,1244898000,,1244898000,,1379389000,13467000,-10891000,1392856100,0,,,,1392856100,1403747000,-1502580000,0,0,-2027000,134491010,430924000,-296433000,-122422000,135888990,,860.0,840.0,,,,,,,,,,,,,,1244898000,1244898000,821632700,
2017-12-31,yearly,5557748000,-2105890000,3451858000,,-839198000,,23723000,-1757351000,1694507000,,1694507000,,1920595000,-38279000,0,1882316000,0,,,,1882316000,1882316000,-941875970,0,0,0,226088000,321025980,-94938000,-97000000,58721000,,1160.0,1140.0,,,,,,,,,,,,,,1694507000,1694507000,1118374700,
2016-12-31,yearly,5244718000,-2156782000,3087936000,,-854714000,,240160990,-1281537000,1806399000,,1806399000,,1922855000,-58220000,0,1864635000,0,,,,1864635000,1864635000,-666984000,0,0,0,116456000,279926020,-163470000,-61973000,3753000,,1150.0,1140.0,,,,,,,,,,,,,,1806399000,1806399000,1192223400,
2015-12-31,yearly,5265058000,-2240874000,3024184000,,-941808000,,-246000,-1528814000,1495370000,,1495370000,,1464461000,-68327000,0,1396134000,0,,,,1396134000,1396134000,-586760000,0,0,0,-30909000,164663010,-195572000,-106114000,37787000,,860.0,860.0,,,,,,,,,,,,,,1495370000,1495370000,986944200,
2014-12-31,yearly,3774475000,-1643130000,2131345000,,-709109000,,-2014000,-1090528000,1040817000,,1040817000,,1015841000,-15241000,0,1000600000,0,,,,1000600000,1000600000,-379405000,0,0,0,-24976000,124157000,-149132990,-28936000,13695000,,740.0,740.0,,,,,,,,,,,,,,1040817000,1040817000,686939200,
2013-12-31,yearly,2015942000,-922387970,1093554000,,-332680000,,-2014000,-534804000,558750000,,558750000,,533540000,-16969000,0,516571000,0,,,,516571000,516571000,-200510000,0,400000,0,-25210000,68173000,-93383000,-19023000,2054000,,1920.0,1920.0,0.0,,,,,,,,,,,,,558750000,558750000,368775000,
2012-12-31,yearly,1405566000,-762841000,642725000,,-260808990,,-466000,-399669000,243056000,,243056000,,208620990,-6577000,0,202044000,0,,,,202044000,202044000,-138511010,0,117000,0,-34435000,60708000,-95143000,-16300000,9723000,,860.0,860.0,0.0,,,,,,,,,,,,,243056000,243056000,160416960,
2011-12-31,yearly,734553000,-493454020,241099010,,-127290000,,-44918000,-203335010,37764000,,37764000,,42680000,-5305000,0,37375000,0,,,,37375000,37375000,-71943000,0,40816000,0,4916000,31028000,-26112000,-2338000,-2967000,,79.43,0.0,68.78,,,,,,,,,,,,,37764000,37764000,24924240,
2010-12-31,yearly,599681000,-434404000,165276990,,-121222000,,-3664000,-196632990,-31356000,,-31356000,,-27186000,-2437000,0,-29623000,0,,,,-29623000,-29623000,-71747000,0,0,0,4170000,21177000,-17007000,-1557000,-880000,,-375.13,-375.13,,,,,,,,,,,,,,-31356000,-31356000,-20694960,
