endDate,type,totalRevenue,costOfRevenue,grossProfit,researchDevelopment,sellingGeneralAdministrative,nonRecurring,otherOperatingExpenses,totalOperatingExpenses,operatingIncome,totalOtherIncomeExpenseNet,ebit,interestExpense,incomeBeforeTax,incomeTaxExpense,minorityInterest,netIncomeFromContinuingOps,discontinuedOperations,extraordinaryItems,effectOfAccountingCharges,otherItems,netIncome,netIncomeApplicableToCommonShares,salesExpenses,lossesDueToNonRecoverabilityOfAssets,otherOperatingIncome,equityIncomeResult,financialResult,financialIncome,financialExpenses,currentTaxes,deferredTaxes,incomeBeforeStatutoryParticipationsAndContributions,basicEarningsPerCommonShare,dilutedEarningsPerCommonShare,basicEarningsPerPreferredShare,profitSharingAndStatutoryContributions,dilutedEarningsPerPreferredShare,claimsAndOperationsCosts,administrativeCosts,otherOperatingIncomeAndExpenses,earningsPerShare,basicEarningsPerShare,dilutedEarningsPerShare,insuranceOperations,reinsuranceOperations,complementaryPensionOperations,capitalizationOperations,cleanEbit,cleanEbitda,cleanNopat,cleanNetIncome
2025-12-31,yearly,44367780000,-30243584000,14124196000,,-1722798000,,-637243000,-3069725000,11054471000,,11054471000,,8091247000,-2348694000,258228990,5742553000,0,,,,5742553000,5484324000,-985664000,0,0,275980000,-2963224000,1979745000,-4942969000,-1888131000,-460563000,,4760.0,4760.0,,,,,,,,,,,,,,11054471000,11054471000,7295951000,
2024-12-31,yearly,42628210000,-29059437000,13568773000,,-1588046000,,-505621000,-2738545000,10830228000,,10830228000,,8088893000,-2327339000,303902020,5761554000,0,,,,5761554000,5457652000,-981340030,0,0,336462020,-2741335000,1601868000,-4343203000,-1816076000,-511263000,,4740.0,4740.0,,,,,,,,,,,,,,10830228000,10830228000,7147950600,
2023-12-31,yearly,39743190000,-26101100000,13642089000,,-1657307000,,-910038000,-3062466000,10579623000,,10579623000,,8022783000,-2485621000,10061000,5537162000,0,,,,5537162000,5527101000,-813829000,0,0,318708000,-2556840000,1935333000,-4492173000,-2362594000,-123027000,,4800.0,4800.0,,,,,,,,,,,,,,10579623000,10579623000,6982551000,
2022-12-31,yearly,39354237000,-27517743000,11836493000,,-1470759000,,181086000,-1605577000,10230916000,,10230916000,,7319648300,-2100835000,119227000,5218813000,0,,,,5218813000,5099586000,-806434000,0,0,490529980,-2911269000,2154127000,-5065396000,-1598618000,-502217000,,4430.0,4430.0,,,,,,,,,,,,,,10230916000,10230916000,6752404500,
2021-12-31,yearly,39210148000,-29952666000,9257482000,,-1084757000,,-492979000,-1849542000,7407940000,,7407940000,,6615459000,-1761708000,105702000,4853751000,0,,,,4853751000,4748049000,-793611000,0,0,521805000,-792481000,1125153000,-1917634000,-1632993000,-128715000,,4120.0,4120.0,,,,,,,,,,,,,,7407940000,7407940000,4889240600,
2020-12-31,yearly,30898459000,-23977370000,6921088000,,-1061655000,,-469740000,-1807772000,5113316000,,5113316000,,4797341000,-1090355000,63837000,3706986000,0,,,,3706986000,3643149000,-685983000,0,0,409606020,-315975000,936781000,-1252756000,-709025000,-381329980,,3070.0,3070.0,,,,,,,,,,,,,,5113316000,5113316000,3374788600,
2019-12-31,yearly,29932474000,-23354890000,6577583000,,-1027230000,,-486993000,-1865043000,4712540000,,4712540000,,3986293000,-1237996000,45626000,2748297000,0,,,,2748297000,2702671000,-699910000,0,0,349089980,-726247000,903575000,-1629822000,-1108326000,-129670000,,2480.0,2470.0,,,,,,,,,,,,,,4712540000,4712540000,3110276400,
2018-12-31,yearly,28136626000,-22347258000,5789369000,,-987291000,,-485428000,-1746705000,4042664000,,4042664000,,2939977000,-773982000,107955000,2165995000,0,,,,2165995000,2058040100,-608184000,0,0,334198020,-1102687000,762413000,-1865100000,-805845000,31863000,,2020.0,2010.0,,,,,,,,,,,,,,4042664000,4042664000,2668158200,
2017-12-31,yearly,26744906000,-21747274000,4997632000,,-947072000,,-438494020,-1663408000,3334223900,,3334223900,,1846670000,-603628030,63292000,1243042000,0,,,,1243042000,1179750000,-590232000,0,0,312390020,-1487554000,880314000,-2367868000,-540618000,-63010000,,1160.0,1160.0,,,,,,,,,,,,,,3334223900,3334223900,2200587800,
2016-12-31,yearly,19112090000,-14806069000,4306020000,,-849416000,,-386745000,-1471999000,2834021000,,2834021000,,1380547000,-501489980,-21828000,879057000,0,,,,879057000,900885000,-547251000,0,0,311413000,-1453474000,1200503000,-2653977000,-867198000,365708000,,0.0,0.0,,,,,,,,,,,,,,2834021000,2834021000,1870453900,
2015-12-31,yearly,20205870000,-16268044000,3937825000,,-863499000,,-357654020,-1468851000,2468974000,,2468974000,,1454454000,-579177000,10337000,875277000,0,,,,875277000,864940030,-464583000,0,0,216884990,-1014520000,1558047000,-2572567000,-12860000,-566317000,,0.0,0.0,,,,,,,,,,,,,,2468974000,2468974000,1629522800,
2014-12-31,yearly,17305942000,-13261541000,4044401000,,-773631000,,-327997000,-1444643000,2599758000,,2599758000,,1510304000,-623861000,-62734000,886443000,0,,,,886443000,949177000,-402699000,0,0,59684000,-1089454000,890435970,-1979890000,-466021000,-157840000,,0.0,0.0,,,,,,,,,,,,,,2599758000,2599758000,1715840300,
2013-12-31,yearly,14633856000,-10673721000,3960135000,,-928614000,,-285149000,-1469492000,2490643000,,2490643000,,1519200000,-570163970,11617000,949036030,0,,,,949036030,937419000,-376597000,0,0,120868000,-971443000,699208000,-1670651000,-521981000,-48183000,,0.0,0.0,,,,,,,,,,,,,,2490643000,2490643000,1643824400,
2012-12-31,yearly,15055147000,-10701965000,4353182000,,-732824000,,-380899000,-1582069000,2771113000,,2771113000,,2003481000,-746747000,30810000,1256734000,0,,,,1256734000,1225924000,-468345980,0,0,0,-767632000,720332030,-1487964000,-927267970,180520990,,1270.0,1260.0,,,,,,,,,,,,,,2771113000,2771113000,1828934500,
2011-12-31,yearly,12764028000,-8517565000,4246463000,,-615171000,,-216392990,-1195916000,3050547000,,3050547000,,2361957000,-779573000,51981000,1582384000,0,,,,1582384000,1530403000,-364352000,0,0,0,-688590000,698188030,-1386778000,-735907970,-43665000,,0.0,,,,,,,,,,,,,,,3050547000,3050547000,2013361000,
2010-12-31,yearly,12023729000,-8340963000,3682766000,,-443212000,,-199804000,-943451000,2739315000,,2739315000,,2385372000,-825335000,21757000,1560037000,0,,,,1560037000,1538279900,-300435000,0,0,0,-353943000,483115000,-837058000,-755321000,-70014000,,3242.4,,,,,,,,,,,,,,,2739315000,2739315000,1807947900,
