endDate,type,totalRevenue,costOfRevenue,grossProfit,researchDevelopment,sellingGeneralAdministrative,nonRecurring,otherOperatingExpenses,totalOperatingExpenses,operatingIncome,totalOtherIncomeExpenseNet,ebit,interestExpense,incomeBeforeTax,incomeTaxExpense,minorityInterest,netIncomeFromContinuingOps,discontinuedOperations,extraordinaryItems,effectOfAccountingCharges,otherItems,netIncome,netIncomeApplicableToCommonShares,salesExpenses,lossesDueToNonRecoverabilityOfAssets,otherOperatingIncome,equityIncomeResult,financialResult,financialIncome,financialExpenses,currentTaxes,deferredTaxes,incomeBeforeStatutoryParticipationsAndContributions,basicEarningsPerCommonShare,dilutedEarningsPerCommonShare,basicEarningsPerPreferredShare,profitSharingAndStatutoryContributions,dilutedEarningsPerPreferredShare,claimsAndOperationsCosts,administrativeCosts,otherOperatingIncomeAndExpenses,earningsPerShare,basicEarningsPerShare,dilutedEarningsPerShare,insuranceOperations,reinsuranceOperations,complementaryPensionOperations,capitalizationOperations,cleanEbit,cleanEbitda,cleanNopat,cleanNetIncome
2025-12-31,yearly,26116856000,-20455356000,5661499000,,-876873000,,-497921980,-616488000,5045011000,,5045011000,,3246659000,-577618000,-675000,2669041000,18898000,,,,2687939000,2688614000,-133601000,0,651911000,239996990,-1798352000,1343658000,-3142010000,-196186000,-381432000,,905.24,903.79,0.0,,0.0,,,,,,,,,,,5045011000,5045011000,3329707300,
2024-12-31,yearly,22651036000,-17759791000,4891244000,,-825350000,,-513684000,-826995970,4064248000,,4064248000,,2907234000,-599435000,-10261000,2307799000,491571000,,,,2799370000,2809631000,-137120990,0,367957000,281201980,-1157014000,1184779000,-2341793000,-177999010,-421436000,,891.63,890.51,981.65,,981.65,,,,,,,,,,,4064248000,4064248000,2682403600,
2023-12-31,yearly,21479467000,-16581428000,4898040000,,-1078037000,,-374640000,-1203326000,3694714000,,3694714000,,2489724000,-354057000,68358000,2135667000,191500990,,,,2327168000,2258810000,-152638000,0,94180000,307809000,-1204990000,1069116030,-2274106000,-371104000,17047000,,785.74,785.74,909.31,,909.31,,,,,,,,,,,3694714000,3694714000,2438511400,
2022-12-31,yearly,21927720000,-16928407000,4999314000,,-803721000,,-1659522000,-2083078000,2916236000,,2916236000,,950199000,199122000,37314000,1149321000,0,,,,1149321000,1112007000,-186740000,0,88328000,478577000,-1966037000,1032837000,-2998874000,-429267000,628389000,,388.39,388.39,503.43,,503.43,,,,,,,,,,,2916236000,2916236000,1924715800,
2021-12-31,yearly,23984288000,-19119636000,4864650000,,-924561000,,-345967000,581388030,5446038000,,5446038000,,5118677000,-1259632000,96029000,3859045000,1189557000,,,,5048602000,4952573000,-194998000,0,1680600100,366313980,-327361000,932049000,-1259410000,-469225980,-790406000,,1614.29,1614.29,1862.52,,1862.52,,,,,,,,,,,5446038000,5446038000,3594385200,
2020-12-31,yearly,18633249000,-13347822000,5285427000,,-809408000,,-280487000,-1032161000,4253266000,,4253266000,,5119537000,-1285365000,5548000,3834172000,75578000,,,,3909750000,3904202000,-159824990,0,24012000,193547010,866271000,1839668000,-973397000,-1260469000,-24896000,,1362.29,1362.29,1800.62,,1800.62,,,,,,,,,,,4253266000,4253266000,2807155500,
2019-12-31,yearly,16244274000,-11760176000,4484098000,,-734300030,,-508091000,-1293417000,3190681000,,3190681000,,2702195000,-639326000,72923000,2062869000,0,,,,2062869000,1989946000,-207059010,0,49276000,106757000,-488486020,750241000,-1238727000,-433555000,-205771010,,6943.44,6943.44,9115.25,,9115.25,,,,,,,,,,,3190681000,3190681000,2105849500,
2018-12-31,yearly,14934780000,-11501688000,3433092000,,-723534000,,-548761200,-1039045000,2394047000,,2394047000,,1955997000,-511993000,36941000,1444004000,0,,,,1444004000,1407063000,-148708990,0,246071200,135888000,-438049980,813915000,-1251965000,-580065000,68072000,,4910.91,4910.91,5402.01,,5402.01,,,,,,,,,,,2394047000,2394047000,1580071000,
2017-12-31,yearly,14024573000,-10665890000,3358683000,,-685675000,,-521555000,-1217302000,2141381000,,2141381000,,1392941000,-274686020,84629000,1118255000,0,,,,1118255000,1033626000,-169050000,0,57239000,101739000,-748440000,699310000,-1447750000,-379943000,105257000,,3607.54,3607.54,3968.3,,3968.3,,,,,,,,,,,2141381000,2141381000,1413311500,
2016-12-31,yearly,13101753000,-10234115000,2867638000,,-741145000,,-134879010,-823536000,2044102000,,2044102000,,1478358000,-530568000,-10860000,947790000,0,,,,947790000,958650000,-250448000,0,81241000,221695010,-565744000,896553000,-1462297000,-589322000,58754000,,3345.87,0.0,3680.45,,0.0,,,,,,,,,,,2044102000,2044102000,1349107300,
2015-12-31,yearly,14728131000,-11799316000,2928815000,,-670606000,,-188051010,-1020077000,1908738000,,1908738000,,1797780000,-532229000,72813000,1265551000,0,,,,1265551000,1192738000,-283397000,0,29432000,92545000,-110958000,987340030,-1098298000,-698023000,165794000,,4162.87,4162.87,4578.07,,4578.07,,,,,,,,,,,1908738000,1908738000,1259767000,
2014-12-31,yearly,13918517000,-11165078000,2753440000,,-552115970,,-543432000,-1043526000,1709914000,,1709914000,,1857631000,-522016000,129665000,1335615000,0,,,,1335615000,1205950000,-120987000,0,13054000,159955010,147716990,694523000,-546806000,-747869000,225852990,,4208.99,4208.99,4629.53,,4629.53,,,,,,,,,,,1709914000,1709914000,1128543200,
2013-12-31,yearly,9180214000,-7037998000,2142215900,,-530104000,,-422383000,-916023000,1226193000,,1226193000,,1506503900,-405069000,28875000,1101435000,0,,,,1101435000,1072560000,-95615000,0,18473000,113606000,280311000,652363000,-372052000,-554520000,149451010,,,,,,,,,,,,,,,,,1226193000,1226193000,809287360,
2012-12-31,yearly,8532217000,-6578971000,1953246000,,-544828030,,-356035000,-952727000,1000519000,,1000519000,,972698000,-246178000,25832000,726520000,0,,,,726520000,700688000,-65659000,0,2755000,11040000,-27821000,648938000,-676759000,-458312000,212134000,,,,,,,,,,,,,,,,,1000519000,1000519000,660342500,
2011-12-31,yearly,7776165000,-5457015000,2319150000,,-461452000,,-443310020,-960002000,1359148000,,1359148000,,1583916000,-407062020,19164000,1176854000,0,,,,1176854000,1157690000,-113764000,0,2870000,55654000,224768000,577532030,-352764000,-611601000,204539010,,,,,,,,,,,,,,,,,1359148000,1359148000,897037700,
2010-12-31,yearly,6901113000,-4976143000,1924970000,,-353625980,,-539934000,-892663000,1032307000,,1032307000,,1380732000,-370451000,22474000,1010281000,0,,,,1010281000,987807000,-62466000,-44571000,8597000,99337000,348425000,652231000,-303806020,-497968000,127517000,,,,,,,,,,,,,,,,,1032307000,1032307000,681322600,
