endDate,type,totalRevenue,costOfRevenue,grossProfit,researchDevelopment,sellingGeneralAdministrative,nonRecurring,otherOperatingExpenses,totalOperatingExpenses,operatingIncome,totalOtherIncomeExpenseNet,ebit,interestExpense,incomeBeforeTax,incomeTaxExpense,minorityInterest,netIncomeFromContinuingOps,discontinuedOperations,extraordinaryItems,effectOfAccountingCharges,otherItems,netIncome,netIncomeApplicableToCommonShares,salesExpenses,lossesDueToNonRecoverabilityOfAssets,otherOperatingIncome,equityIncomeResult,financialResult,financialIncome,financialExpenses,currentTaxes,deferredTaxes,incomeBeforeStatutoryParticipationsAndContributions,basicEarningsPerCommonShare,dilutedEarningsPerCommonShare,basicEarningsPerPreferredShare,profitSharingAndStatutoryContributions,dilutedEarningsPerPreferredShare,claimsAndOperationsCosts,administrativeCosts,otherOperatingIncomeAndExpenses,earningsPerShare,basicEarningsPerShare,dilutedEarningsPerShare,insuranceOperations,reinsuranceOperations,complementaryPensionOperations,capitalizationOperations,cleanEbit,cleanEbitda,cleanNopat,cleanNetIncome
2025-12-31,yearly,40418595000,-27242988000,13175609000,,-2527748000,,0,-13375473000,-199864000,,-199864000,,-7991285000,-2203116000,-472276000,-10194401000,0,,,,-10194401000,-9722125000,-1850143000,-1493752100,3161271000,-10665101000,-7791421000,5980669000,-13772090000,-1286327000,-916789000,,-3891.906,-3935.6995,,,,,,,,,,,,,,-199864000,-199864000,-131910240,
2024-12-31,yearly,43950744000,-30236062000,13714681000,,-2845282000,,0,-10210083000,3504598000,,3504598000,,-5245119000,-3190522000,1262029000,-8435641000,273875000,,,,-8161766000,-9423795000,-1575890000,-3155400000,1549834000,-4183345000,-8749718000,4628758000,-13378475000,-1952203000,-1238319000,,-5158.6,-5159.3,,,,,,,,,,,,,,3504598000,3504598000,2313034800,
2023-12-31,yearly,39468500000,-28549896000,10918601000,,-2527974000,,0,2092177000,13010778000,,13010778000,,5113751000,-274425980,3790353000,4839325000,45419000,,,,4884744000,1094391000,-1350570000,0,3924377000,2046343900,-7897027000,4805572000,-12702599000,-1645063000,1370637000,,577.8,575.1,,,,,,,,,,,,,,13010778000,13010778000,8587113500,
2022-12-31,yearly,39737370000,-30753137000,8984231000,,-1976331000,,1752222000,-1123824000,7860407000,,7860407000,,2702471000,118404000,1644843000,2820875000,0,,,,2820875000,1176032000,-1276279000,0,0,376564000,-5157936000,-451401000,-4706535000,-1246990000,1365394000,,629.2,626.4,,,,,,,,,,,,,,7860407000,7860407000,5187868700,
2021-12-31,yearly,24907150000,-18568049000,6339101000,,-2053813000,,387440000,2337207000,8676308000,,8676308000,,5900023000,450753000,227560000,6350776000,0,,,,6350776000,6123216000,-716210000,0,0,4719790000,-2776285000,859459000,-3635744000,-191012000,641765000,,3337.8,3326.4,,,,,,,,,,,,,,8676308000,8676308000,5726363000,
2020-12-31,yearly,13508787000,-9816078000,3692709000,,-1006625000,,71774000,-1263482000,2429227000,,2429227000,,1166665000,-257851010,56956000,908814000,0,,,,908814000,851858000,-927346000,0,0,598715000,-1262562000,2029715000,-3292277000,-695832000,437981000,,2209.3,2188.7,,,,,,,,,,,,,,2429227000,2429227000,1603289900,
2019-12-31,yearly,13560445000,-9588006000,3972439000,,-796322000,,428790020,-372583000,3599856100,,3599856100,,3201076000,-728822000,57870000,2472254000,11021000,,,,2483275000,2425405000,-1115813000,0,0,1110762000,-398780000,1214155000,-1612935000,-835708030,106886000,,6153.4,6132.0,,,,,,,,,,,,,,3599856100,3599856100,2375905000,
2018-12-31,yearly,10299099000,-7694386000,2604713000,,-632058000,,803453000,148354000,2753067000,,2753067000,,2420874000,-517123000,251430000,1903751000,0,,,,1903751000,1652321000,-1010614000,0,0,987573000,-332193000,1636717000,-1968910000,-395957000,-121166000,,4115.9,4104.1,,,,,,,,,,,,,,2753067000,2753067000,1817024300,
2017-12-31,yearly,7670777000,-5045884000,2624893000,,-597430000,,880983000,241756000,2866649000,,2866649000,,1968255000,-457725000,195206000,1510530000,0,,,,1510530000,1315324000,-1039817000,0,0,998019970,-898394000,911107000,-1809501000,-88470000,-369255000,,3198.33,3192.49,,,,,,,,,,,,,,2866649000,2866649000,1891988400,
2016-12-31,yearly,7541793000,-4586552000,2955241000,,-570465000,,-115764000,-161810000,2793431000,,2793431000,,1485562000,-60213000,354001980,1425349000,-35262000,,,,1390087000,1036085000,-1032893000,0,0,1557312000,-1307869000,1801493000,-3109362000,-112633000,52420000,,2737.42,2671.79,-187.21,,-183.77,,,,,,,,,,,2793431000,2793431000,1843664500,
2015-12-31,yearly,8451901000,-5923321000,2528580000,,-593075970,,240759010,-499105000,2029475000,,2029475000,,901321000,66942000,301679000,968263000,0,,,,968263000,666584000,-919168000,0,0,772380030,-1128154000,882874000,-2011028000,-150227010,217168990,,,,,,,,,,,,,,,,,2029475000,2029475000,1339453400,
2014-12-31,yearly,8146863000,-5803359000,2343503900,,-561462000,,-10495000,-861532030,1481972000,,1481972000,,536083000,14514000,351269000,550597000,92695000,,,,643292030,292023000,-881543000,0,0,591968000,-945889000,346948000,-1292837000,-120912000,135426000,,,,,,,,,,,,,,,,,1481972000,1481972000,978101500,
2013-12-31,yearly,6878214000,-4878229000,1999985000,,-464060000,,0,-737234000,1262751000,,1262751000,,562442000,-39194000,289097980,523248000,0,,,,523248000,234150000,-603965000,0,83258000,247532990,-700309000,417296000,-1117605000,-129976000,90782000,,,,,,,,,,,,,,,,,1262751000,1262751000,833415700,
2013-03-31,yearly,30016487000,-26684266000,3332222000,,-826546000,,-49281000,-1733684000,1598538000,,1598538000,,991162000,-261764990,230090000,729397000,138918000,,,,868315000,638225000,-1292312100,0,375595000,58860000,-607376000,331366020,-938742000,-294638020,32873000,,1233.0,1220.0,343.0,,339.0,,,,,,,,,,,1598538000,1598538000,1055035100,
2012-03-31,yearly,24096880000,-21465008000,2631872000,,-641894000,,-115842000,1597270000,4229142000,,4229142000,,3755002000,-1110212000,38956000,2644790000,0,,,,2644790000,2605834000,-1136286000,0,3458024000,33268000,-474140000,939371000,-1413511000,-147454000,-962758000,,64430.0,64340.0,,,,,,,,,,,,,,4229142000,4229142000,2791233800,
2011-03-31,yearly,18063480000,-15150079000,2913401000,,-541002000,,-95301000,-1575643000,1337758000,,1337758000,,1191070000,-414508000,4997000,776562000,0,,,,776562000,771565000,-1026000000,0,61473000,25187000,-146688000,308228000,-454916000,-85437000,-329071000,,1900.0,1900.0,,,,,,,,,,,,,,1337758000,1337758000,882920260,
