endDate,type,totalRevenue,costOfRevenue,grossProfit,researchDevelopment,sellingGeneralAdministrative,nonRecurring,otherOperatingExpenses,totalOperatingExpenses,operatingIncome,totalOtherIncomeExpenseNet,ebit,interestExpense,incomeBeforeTax,incomeTaxExpense,minorityInterest,netIncomeFromContinuingOps,discontinuedOperations,extraordinaryItems,effectOfAccountingCharges,otherItems,netIncome,netIncomeApplicableToCommonShares,salesExpenses,lossesDueToNonRecoverabilityOfAssets,otherOperatingIncome,equityIncomeResult,financialResult,financialIncome,financialExpenses,currentTaxes,deferredTaxes,incomeBeforeStatutoryParticipationsAndContributions,basicEarningsPerCommonShare,dilutedEarningsPerCommonShare,basicEarningsPerPreferredShare,profitSharingAndStatutoryContributions,dilutedEarningsPerPreferredShare,claimsAndOperationsCosts,administrativeCosts,otherOperatingIncomeAndExpenses,earningsPerShare,basicEarningsPerShare,dilutedEarningsPerShare,insuranceOperations,reinsuranceOperations,complementaryPensionOperations,capitalizationOperations,cleanEbit,cleanEbitda,cleanNopat,cleanNetIncome
2025-12-31,yearly,8330190000,-4797685000,3532505000,,-753314000,,-278985980,-1525446000,2007059000,,2007059000,,1749145000,-333401000,0,1415744000,0,,,,1415744000,1415744000,-570823000,0,77677000,0,-257914000,587686000,-845600000,-360476000,27075000,,3730,3730.0,0.0,,,,,,,,,,,,,2007059000,2007059000,1324659000,
2024-12-31,yearly,7878006000,-4504365000,3373641000,,-717294000,,-202272000,-1379100000,1994541000,,1994541000,,1673006000,-356086020,0,1316920100,0,,,,1316920100,1316920100,-503064000,0,43530000,0,-321535000,376241000,-697776000,-371448000,15362000,,3470,3470.0,,,,,,,,,,,,,,1994541000,1994541000,1316397000,
2023-12-31,yearly,7404379000,-4342430000,3061949000,,-651367000,,-205363010,-1272755000,1789194000,,1789194000,,1786272000,-406926020,0,1379346000,0,,,,1379346000,1379346000,-483728000,0,67703000,0,-2922000,333150020,-336072000,-305613000,-101313000,,3640,3640.0,,,,,,,,,,,,,,1789194000,1789194000,1180868100,
2022-12-31,yearly,6176855000,-3861339000,2315516000,,-576962000,,-154143010,-1063180030,1252336000,,1252336000,,1045954000,-202592000,0,843362000,0,,,,843362000,843362000,-468943000,0,136868000,0,-206382000,277875000,-484257000,-126952000,-75640000,,2220,2220.0,,,,,,,,,,,,,,1252336000,1252336000,826541760,
2021-12-31,yearly,5894710000,-3745491000,2149219000,,-625802000,,-399723000,-1302463000,846755970,,846755970,,654449000,-116862000,0,537587000,0,,,,537587000,537587000,-456123000,0,179184990,0,-192307010,287553000,-479860000,-257504990,140643010,,1420,1420.0,,,,,,,,,,,,,,846755970,846755970,558858940,
2020-12-31,yearly,5343338000,-2939233000,2404105000,,-499427000,,-203847010,-1123755000,1280350000,,1280350000,,1105275000,-288798020,0,816477000,0,,,,816477000,816477000,-598314000,0,177832990,0,-175075010,147036990,-322112000,-349635000,60837000,,2150,5250.0,,,,,,,,,,,,,,1280350000,1280350000,845031000,
2019-12-31,yearly,5157224000,-3000897000,2156327000,,-490033980,,-223251010,-1000939000,1155388000,,1155388000,,1022304000,-267930000,0,754374000,0,,,,754374000,754374000,-398757000,0,111103000,0,-133084000,116592000,-249676000,-298169000,30239000,,5970,5970.0,,,,,,,,,,,,,,1155388000,1155388000,762556100,
2018-12-31,yearly,4737285000,-2887675000,1849610000,,-488726020,,-178723010,-927155000,922455000,,922455000,,731872000,-153172000,0,578700030,0,,,,578700030,578700030,-458190020,0,198484000,0,-190583010,117748000,-308331000,-155604990,2433000,,4580,4580.0,,,,,,,,,,,,,,922455000,922455000,608820300,
2017-12-31,yearly,4326401000,-2490995000,1835406000,,-475797000,,-263190000,-878693000,956713000,,956713000,,758700030,-198262000,0,560438000,0,,,,560438000,560438000,-389958020,0,250252000,0,-198012990,134428000,-332441000,-188598000,-9664000,,4420,4420.0,,,,,,,,,,,,,,956713000,956713000,631430600,
2016-12-31,yearly,4032875000,-2484398000,1548477000,,-351509000,,-245368000,-749150000,799327000,,799327000,,600499000,-166338000,0,434161000,0,,,,434161000,434161000,-348084000,0,195811010,0,-198828000,204906000,-403734020,-156260000,-10078000,,3560,3560.0,,,,,,,,,,,,,,799327000,799327000,527555800,
2015-12-31,yearly,3834469000,-2698211000,1136258000,,-525573000,,-210720000,-821315970,314942020,,314942020,,-27980000,16388000,0,-11592000,0,,,,-11592000,-11592000,-320336000,0,235312990,0,-342921980,122024000,-464945980,-4699000,21087000,,-100,-100.0,,,,,,,,,,,,,,314942020,314942020,207861710,
2014-12-31,yearly,4131432000,-2723279900,1408152100,,-450812000,,-184420000,-788355000,619797000,,619797000,,432640000,-114499000,0,318141000,0,,,,318141000,318141000,-266888000,0,113765000,0,-187156990,76465000,-263622000,-122106000,7607000,,2670,2670.0,,,,,,,,,,,,,,619797000,619797000,409066020,
2013-12-31,yearly,3733397000,-2341918000,1391479000,,-430095000,,-111853000,-665198000,726281000,,726281000,,566221000,-146426000,0,419795000,0,,,,419795000,419795000,-234983010,0,111733000,0,-160060000,84687000,-244747010,-138744000,-7682000,,3520,3520.0,,,,,,,,,,,,,,726281000,726281000,479345470,
2012-12-31,yearly,3519027000,-2167896000,1351131000,,-376589000,,-123652000,-588028030,763103000,,763103000,,639400000,-157676990,0,481723000,0,,,,481723000,481723000,-215308000,0,127521000,0,-123703000,133756000,-257459010,-156252000,-1425000,,4040,4040.0,,,,,,,,,,,,,,763103000,763103000,503647970,
2011-12-31,yearly,3224932000,-1923418000,1301514000,,-370991000,,-96835000,-565686000,735827970,,735827970,,639936000,-175428990,0,464507000,0,,,,464507000,464507000,-179630000,0,81770000,0,-95892000,89537000,-185428990,-152160000,-23269000,,4040,3960.0,,,,,,,,,,,,,,735827970,735827970,485646460,
2010-12-31,yearly,3238071000,-2043383000,1194688000,,-339063000,,-123101000,-245038000,949650000,,949650000,,910486000,-240710000,0,669776000,0,,,,669776000,669776000,-174248990,0,391375000,0,-39164000,115112000,-154276000,-240710000,0,,114929330,,,,,,,,,,,,,,,949650000,949650000,626769000,
