endDate,type,totalRevenue,costOfRevenue,grossProfit,researchDevelopment,sellingGeneralAdministrative,nonRecurring,otherOperatingExpenses,totalOperatingExpenses,operatingIncome,totalOtherIncomeExpenseNet,ebit,interestExpense,incomeBeforeTax,incomeTaxExpense,minorityInterest,netIncomeFromContinuingOps,discontinuedOperations,extraordinaryItems,effectOfAccountingCharges,otherItems,netIncome,netIncomeApplicableToCommonShares,salesExpenses,lossesDueToNonRecoverabilityOfAssets,otherOperatingIncome,equityIncomeResult,financialResult,financialIncome,financialExpenses,currentTaxes,deferredTaxes,incomeBeforeStatutoryParticipationsAndContributions,basicEarningsPerCommonShare,dilutedEarningsPerCommonShare,basicEarningsPerPreferredShare,profitSharingAndStatutoryContributions,dilutedEarningsPerPreferredShare,claimsAndOperationsCosts,administrativeCosts,otherOperatingIncomeAndExpenses,earningsPerShare,basicEarningsPerShare,dilutedEarningsPerShare,insuranceOperations,reinsuranceOperations,complementaryPensionOperations,capitalizationOperations,cleanEbit,cleanEbitda,cleanNopat,cleanNetIncome
2025-12-31,yearly,44797948000,-32404222000,12393725000,,-979164030,,-2384937000,-7577051000,4816674000,,4816674000,,-1679518000,172792000,495648000,-1506726000,0,,,,-1506726000,-2002374000,-5033148000,0,301454020,518744000,-6496192000,1516807000,-8012999000,-921471000,1094263000,,-1509.98,-1509.98,,,,,,,,,,,,,,4816674000,4816674000,3179005000,
2024-12-31,yearly,43687460000,-31990696000,11696764000,,-855999000,,-1817710000,-7426742000,4270022000,,4270022000,,-1543349000,5208000,1053710000,-1538141000,0,,,,-1538141000,-2591851000,-5453297000,0,252216000,448048000,-5813371000,1398063000,-7211434000,-1300719000,1305927000,,-1954.5,-1954.5,,,,,,,,,,,,,,4270022000,4270022000,2818214400,
2023-12-31,yearly,45437950000,-33475189000,11962761000,,-760894000,,-3087176000,-6776012000,5186749000,,5186749000,,1035367000,-632718000,720855000,402649000,0,,,,402649000,-318206020,-3729089000,0,450016000,351131000,-4151382000,1655747000,-5807129000,-1036262000,403544000,,-239.96,-239.96,,,,,,,,,,,,,,5186749000,5186749000,3423254300,
2022-12-31,yearly,44362120000,-31054017000,13308104000,,-674119000,,-2907855000,-5666642000,7641462000,,7641462000,,4126437000,-1958739000,613638000,2167698000,0,,,,2167698000,1554060000,-2575818000,0,253232990,237916990,-3515025000,-78220000,-3436805000,0,0,,1171.08,1171.08,,,,,,,,,,,,,,7641462000,7641462000,5043365000,
2021-12-31,yearly,47912040000,-25837476000,22074565000,,-587148030,,-1716032000,-1534602000,20539961000,,20539961000,,18595779000,-5000157000,1336993000,13595621000,0,,,,13595621000,12258628000,-2372298000,0,2958372000,182504000,-1944184100,1167184000,-3111368000,0,0,,8906.54,8906.54,,,,,,,,,,,,,,20539961000,20539961000,13556375000,
2020-12-31,yearly,30064020000,-19124902000,10939119000,,-504457980,,-3270056000,-5224682000,5714437000,,5714437000,,4918126000,-625507970,498323000,4292618000,0,,,,4292618000,3794295000,-2004417000,0,482494020,71755000,-796311000,1802727900,-2599039000,0,0,,2749.26,2749.26,,,,,,,,,,,,,,5714437000,5714437000,3771528400,
2019-12-31,yearly,25436416000,-17263264000,8173153000,,-511065000,,-2406851000,-4631236000,3541917000,,3541917000,,1410733000,833778000,455444000,2244511000,0,,,,2244511000,1789067000,-2342805000,0,503769980,125715000,-2131184000,379041980,-2510226000,0,0,,1296.32,1296.32,,,,,,,,,,,,,,3541917000,3541917000,2337665300,
2018-12-31,yearly,22968885000,-16105657000,6863228000,,-494023000,,-1330706000,83332000,6946560000,,6946560000,,5450917000,-250334000,126447000,5200583000,0,,,,5200583000,5074136000,-2263688000,0,4036043000,135706000,-1495643000,1310514000,-2806157000,0,0,,3694.98,3694.98,,,,,,,,,,,,,,6946560000,6946560000,4584729600,
2017-12-31,yearly,18524600000,-13596141000,4928460000,,-415841000,,-646944000,-1944495000,2983965000,,2983965000,,520337980,-409109000,100957000,111229000,0,,,,111229000,10272000,-1815107000,0,824286000,109111000,-2463627000,295073980,-2758701000,0,0,,7.57,7.57,,,,,,,,,,,,,,2983965000,2983965000,1969417000,
2016-12-31,yearly,17148950000,-12640042000,4508907000,,-518232000,,-1076730000,-2563431000,1945476000,,1945476000,,-576951000,-266546000,81689000,-843497000,-9561000,,,,-853058000,-934747000,-1696896000,0,663509000,64918000,-2522427000,643590000,-3166017000,0,0,,-688.76,-688.76,,,,,,,,,,,,,,1945476000,1945476000,1284014200,
2015-12-31,yearly,15331852000,-11799758000,3532094000,,-470368000,,-1334331000,1645531000,5177625000,,5177625000,,1804575000,-188624000,-1842000,1615951000,0,,,,1615951000,1617793000,-1436000000,0,3725882000,1160348000,-3373050000,491987000,-3865037000,0,0,,1192.05,1192.05,,,,,,,,,,,,,,5177625000,5177625000,3417232400,
2014-12-31,yearly,16126232000,-11592382000,4533850000,,-438383000,,-657127000,-1715837000,2818013000,,2818013000,,-263420000,151152990,-7049000,-112267000,0,,,,-112267000,-105218000,-1041975000,0,90488000,331160000,-3081433000,171552000,-3252985000,0,0,,-74.43,-74.43,,,,,,,,,,,,,,2818013000,2818013000,1859888600,
2013-12-31,yearly,17312432000,-12422706000,4889726000,,-485089980,,-1134208000,-1769972000,3119754000,,3119754000,,608155000,-74161000,24969000,533993980,0,,,,533993980,509025000,-874875000,0,566063000,158138000,-2511599000,171984000,-2683583000,0,0,,349.13,349.13,,,,,,,,,,,,,,3119754000,3119754000,2059037700,
2012-12-31,yearly,16896264000,-12072206000,4824058000,,-576514000,,-2719373000,-4182361000,641697000,,641697000,,-1350708000,870134000,-60461000,-480574020,0,,,,-480574020,-420113000,-931525000,0,46003000,-952000,-1992405000,416781000,-2409186000,0,0,,-288.15,-288.15,,,,,,,,,,,,,,641697000,641697000,423520030,
2011-12-31,yearly,16519584000,-9800844000,6718740000,,-575585000,,-501302020,-961818000,5756922000,,5756922000,,3751119000,-83885000,-38799000,3667234000,0,,,,3667234000,3706033000,-604108030,0,719177000,0,-2005803000,717450000,-2723253000,0,0,,2541.91,2541.91,,,,,,,,,,,,,,5756922000,5756922000,3799568600,
2010-12-31,yearly,14450510000,-7686742000,6763768000,,-536857000,,-643081000,-1765422000,4998346000,,4998346000,,3086888000,-570697000,-185000,2516191000,0,,,,2516191000,2516376000,-677962000,0,92478000,0,-1911458000,643139970,-2554598000,-313371000,-257326000,,1725.94,1725.94,,,,,,,,,,,,,,4998346000,4998346000,3298908400,
