endDate,type,totalRevenue,costOfRevenue,grossProfit,researchDevelopment,sellingGeneralAdministrative,nonRecurring,otherOperatingExpenses,totalOperatingExpenses,operatingIncome,totalOtherIncomeExpenseNet,ebit,interestExpense,incomeBeforeTax,incomeTaxExpense,minorityInterest,netIncomeFromContinuingOps,discontinuedOperations,extraordinaryItems,effectOfAccountingCharges,otherItems,netIncome,netIncomeApplicableToCommonShares,salesExpenses,lossesDueToNonRecoverabilityOfAssets,otherOperatingIncome,equityIncomeResult,financialResult,financialIncome,financialExpenses,currentTaxes,deferredTaxes,incomeBeforeStatutoryParticipationsAndContributions,basicEarningsPerCommonShare,dilutedEarningsPerCommonShare,basicEarningsPerPreferredShare,profitSharingAndStatutoryContributions,dilutedEarningsPerPreferredShare,claimsAndOperationsCosts,administrativeCosts,otherOperatingIncomeAndExpenses,earningsPerShare,basicEarningsPerShare,dilutedEarningsPerShare,insuranceOperations,reinsuranceOperations,complementaryPensionOperations,capitalizationOperations,cleanEbit,cleanEbitda,cleanNopat,cleanNetIncome
2025-12-31,yearly,1488493000,-42699000,1445794000,,-975982000,,0,-1170537000,275257000,,275257000,,-724000,-40211000,0,-40935000,0,,,,-40935000,-40935000,-288500000,0,93945000,0,-275981000,0,-275981000,-29145000,-11066000,,-82.62,-82.62,,,,,,,,,,,,,,275257000,275257000,181669620,
2024-12-31,yearly,1420763000,-105947000,1314816000,,-963863000,,0,-1224001000,90815000,,90815000,,-83367000,-19974000,0,-103341000,0,,,,-103341000,-103341000,-253824000,0,-6314000,0,-174182000,0,-174182000,-1428000,-18546000,,-202.73,-202.64,,,,,,,,,,,,,,90815000,90815000,59937900,
2023-12-31,yearly,1432690000,-139792990,1292897000,,-974881000,,0,-1423372000,-130475000,,-130475000,,-452504000,-4376000,0,-456880000,0,,,,-456880000,-456880000,-245328990,-58699000,-144175010,-288000,-322029000,0,-322029000,-1475000,-2901000,,-1222.03,-1217.95,,,,,,,,,,,,,,-130475000,-130475000,-86113496,
2022-12-31,yearly,1221595000,0,1221595000,,-1111626000,,0,-1259168000,-37573000,,-37573000,,-347073980,-86367000,0,0,0,,,,-433441000,-433441000,-194864990,-48399000,96659000,-937000,-309501000,0,-309501000,-859000,-85508000,,-1721.4319,-1721.4319,,,,,,,,,,,,,,-37573000,-37573000,-24798180,
2021-12-31,yearly,825866000,0,825866000,,-1009544000,,-191686000,-1269508000,-443641980,,-443641980,,-545304000,58662000,-10299000,0,0,,,,-486641980,-476343000,-161599010,1835000,91486000,0,-101662000,0,-101662000,564000,58098000,,-2306.5447,-2226.4534,,,,,,,,,,,,,,-443641980,-443641980,-292803700,
2020-12-31,yearly,624839000,-107462000,517377000,,-925223000,,-768620030,-1920612000,-1403235000,,-1403235000,,-1538424100,311688000,-30109000,-1226736000,0,,,,-1226736000,-1196627000,-135136990,-91632000,0,0,-135188990,0,-135188990,3495000,308193000,,-7460.0,-6210.0,,,,,,,,,,,,,,-1403235000,-1403235000,-926135100,
2019-12-31,yearly,1709456000,-139600990,1569855000,,-825710000,,-128206000,-1293353000,276502020,,276502020,,61584000,-63449000,2039000,-1865000,0,,,,-1865000,-3904000,-291630020,-47807000,0,0,-214918000,0,-214918000,-87894000,24445000,,-30.0,-30.0,,,,,,,,,,,,,,276502020,276502020,182491310,
2018-12-31,yearly,1692569000,-127395000,1565174000,,-699740030,,-52857000,-1020569000,544605000,,544605000,,374459000,-109458000,-5735000,265000990,-459000,,,,264542000,270277000,-235111010,-33345000,0,484000,-170146000,65918000,-236064000,-149832990,40375000,,1870.0,1840.0,,,,,,,,,,,,,,544605000,544605000,359439300,
2017-12-31,yearly,1185145000,0,1185145000,,-412511000,,-19194000,-696173000,488972000,,488972000,,341019000,-102571000,13540000,238448000,-1016000,,,,237432000,223892000,-192260990,0,-72207000,0,-147952990,44293000,-192246000,-123471000,20900000,,1650.0,1590.0,,,,,,,,,,,,,,488972000,488972000,322721500,
2016-12-31,yearly,1063929000,0,1063929000,,-349257980,,-29298000,-624563970,439365000,,439365000,,299598020,-100202000,19495000,199396000,-2187000,,,,197208990,177714000,-185156990,0,-60851000,0,-139767010,0,0,-82388000,-17814000,,0.0,0.0,,,,,,,,,,,,,,439365000,439365000,289980900,
2015-12-31,yearly,881879000,0,881879000,,-263116990,,-19770000,-497428000,384451000,,384451000,,267552990,-92319000,4047000,175234000,0,,,,175234000,171187010,-183104990,0,-31436000,0,-116898000,0,0,-32667000,-59652000,,0.0,0.0,,,,,,,,,,,,,,384451000,384451000,253737660,
2014-12-31,yearly,714535000,0,714535000,,-203704990,,-13256000,-390451000,324084000,,324084000,,225226000,-79487000,0,145739010,0,,,,145739010,145739010,-146555010,0,-26935000,0,-98858000,0,0,-44161000,-35326000,,0.0,0.0,,,,,,,,,,,,,,324084000,324084000,213895440,
2013-12-31,yearly,641189000,0,641189000,,-204762000,,-11689000,-375643000,265546000,,265546000,,174655010,-62973000,0,111682000,0,,,,111682000,111682000,-134922000,0,-24270000,0,-90891000,8055000,-98946000,-28377000,-34596000,,0.0,0.0,,,,,,,,,,,,,,265546000,265546000,175260350,
2012-12-31,yearly,623361000,0,623361000,,-237828000,,-86285000,-462617980,160743010,,160743010,,42428000,-22316000,0,20112000,0,,,,20112000,20112000,-127038000,0,-11467000,0,-118315000,15496000,-133811000,-36920000,14604000,,460000.0,450000.0,,,,,,,,,,,,,,160743010,160743010,106090376,
