endDate,type,totalRevenue,costOfRevenue,grossProfit,researchDevelopment,sellingGeneralAdministrative,nonRecurring,otherOperatingExpenses,totalOperatingExpenses,operatingIncome,totalOtherIncomeExpenseNet,ebit,interestExpense,incomeBeforeTax,incomeTaxExpense,minorityInterest,netIncomeFromContinuingOps,discontinuedOperations,extraordinaryItems,effectOfAccountingCharges,otherItems,netIncome,netIncomeApplicableToCommonShares,salesExpenses,lossesDueToNonRecoverabilityOfAssets,otherOperatingIncome,equityIncomeResult,financialResult,financialIncome,financialExpenses,currentTaxes,deferredTaxes,incomeBeforeStatutoryParticipationsAndContributions,basicEarningsPerCommonShare,dilutedEarningsPerCommonShare,basicEarningsPerPreferredShare,profitSharingAndStatutoryContributions,dilutedEarningsPerPreferredShare,claimsAndOperationsCosts,administrativeCosts,otherOperatingIncomeAndExpenses,earningsPerShare,basicEarningsPerShare,dilutedEarningsPerShare,insuranceOperations,reinsuranceOperations,complementaryPensionOperations,capitalizationOperations,cleanEbit,cleanEbitda,cleanNopat,cleanNetIncome
2025-12-31,yearly,0,0,0,,-149420990,,-321745980,4647593000,4647593000,,4647593000,,4829789000,-538229000,0,4291560000,0,,,,4291560000,4291560000,0,0,1838846000,3279914000,182196000,193094000,-10898000,-537890000,-339000,,1430.52,,,,,,,,,,,,,,,4647593000,4647593000,3067411500,
2024-12-31,yearly,0,0,0,,-126617000,,-297677000,4223023000,4223023000,,4223023000,,4336515000,-571331000,0,3765184000,0,,,,3765184000,0,0,0,1963980000,2683337000,113492000,172227010,-58735000,-571214000,-117000,,1255.06,,,,,,,,,,,,,,,4223023000,4223023000,2787195100,
2023-12-31,yearly,0,0,0,,-110036000,,-247168990,3951228000,3951228000,,3951228000,,4065096000,-482852000,0,3582244000,0,,,,3582244000,0,0,0,1638983000,2669450000,113868000,147812990,-33945000,-482811000,-41000,,1194.08,,,,,,,,,,,,,,,3951228000,3951228000,2607810600,
2022-12-31,yearly,0,0,0,,-100302000,,101351000,3321421000,3321421000,,3321421000,,3419109000,-513164000,0,2905945000,46895000,,,,2952840000,2952840000,0,0,1382246000,1938126000,97688000,98182000,-494000,-513205000,41000,,984.28,,,,,,,,,,,,,,,3321421000,3321421000,2192138000,
2021-12-31,yearly,0,0,0,,-69563000,,-120945000,2185663000,2185663000,,2185663000,,2196235000,-300083000,0,1896152100,0,,,,1896152100,1896152100,0,0,1048434000,1327737000,10572000,15583000,-5011000,-300083000,0,,632.0,,,,,,,,,,,,,,,2185663000,2185663000,1442537600,
2020-12-31,yearly,0,0,0,,-54106000,,-85753000,2025482000,2025482000,,2025482000,,2045823000,-276409980,0,1769413000,0,,,,1769413000,1769413000,0,0,894690000,1270651000,20341000,21182000,-841000,-276409980,0,,589.8,,,,,,,,,,,,,,,2025482000,2025482000,1336818200,
2019-12-31,yearly,0,0,0,,-44539000,,-70006000,1709065000,1709065000,,1709065000,,1744009000,-207952000,0,1536057000,0,,,,1536057000,1536057000,0,0,646333000,1177277000,34944000,35438000,-494000,-207950000,-2000,,1280.05,,,,,,,,,,,,,,,1709065000,1709065000,1127982800,
2018-12-31,yearly,0,0,0,,-45504000,,-71002000,1672505000,1672505000,,1672505000,,1696401000,-218794000,0,1477607000,0,,,,1477607000,1477607000,0,0,696673000,1092338000,23896000,29848000,-5952000,-218794000,0,,1231.34,,,,,,,,,,,,,,,1672505000,1672505000,1103853300,
2017-12-31,yearly,0,0,0,,-37832000,,-55937000,1450351000,1450351000,,1450351000,,1474599000,-175748990,0,1298850000,0,,,,1298850000,1298850000,0,0,506484000,1037635970,24248000,29738000,-5490000,-175748990,0,,1082.38,,,,,,,,,,,,,,,1450351000,1450351000,957231700,
2016-12-31,yearly,0,0,0,,-21206000,,-44216000,1209440000,1209440000,,1209440000,,1223544100,-133951000,0,1089593000,0,,,,1089593000,1089593000,0,0,328085000,946777000,14104000,20114000,-6010000,-133951000,0,,907.99,,,,,,,,,,,,,,,1209440000,1209440000,798230400,
2015-12-31,yearly,0,0,0,,-2169000,,-17618000,590894000,590894000,,590894000,,592833000,-57979000,0,534854020,0,,,,534854020,534854020,0,0,136055010,474625980,1939000,1939000,0,-57979000,0,,445.71,,,,,,,,,,,,,,,590894000,590894000,389990050,
