endDate,type,totalRevenue,costOfRevenue,grossProfit,researchDevelopment,sellingGeneralAdministrative,nonRecurring,otherOperatingExpenses,totalOperatingExpenses,operatingIncome,totalOtherIncomeExpenseNet,ebit,interestExpense,incomeBeforeTax,incomeTaxExpense,minorityInterest,netIncomeFromContinuingOps,discontinuedOperations,extraordinaryItems,effectOfAccountingCharges,otherItems,netIncome,netIncomeApplicableToCommonShares,salesExpenses,lossesDueToNonRecoverabilityOfAssets,otherOperatingIncome,equityIncomeResult,financialResult,financialIncome,financialExpenses,currentTaxes,deferredTaxes,incomeBeforeStatutoryParticipationsAndContributions,basicEarningsPerCommonShare,dilutedEarningsPerCommonShare,basicEarningsPerPreferredShare,profitSharingAndStatutoryContributions,dilutedEarningsPerPreferredShare,claimsAndOperationsCosts,administrativeCosts,otherOperatingIncomeAndExpenses,earningsPerShare,basicEarningsPerShare,dilutedEarningsPerShare,insuranceOperations,reinsuranceOperations,complementaryPensionOperations,capitalizationOperations,cleanEbit,cleanEbitda,cleanNopat,cleanNetIncome
2025-12-31,yearly,9423494000,-6353525000,3069969000,,-524921000,,-282844000,-773788030,2296181000,,2296181000,,2543860000,-148031010,-389073000,2395829000,0,,,,2395829000,2006756000,-938220030,0,424091000,548106000,247679010,975978000,-728299000,-197740990,49710000,,4570.04,4570.04,,,,,,,,,,,,,,2296181000,2296181000,1515479400,
2024-12-31,yearly,7965688000,-5385823000,2579865000,,-462436000,,-372134020,-587068030,1992797000,,1992797000,,2106482000,-185430000,-272056000,1921052000,0,,,,1921052000,1648996000,-659283970,0,405905980,500880000,113685000,683473000,-569788030,-158483010,-26947000,,4498.91,4498.91,,,,,,,,,,,,,,1992797000,1992797000,1315246100,
2023-12-31,yearly,6252699000,-4209100000,2043599000,,-517647000,,-157152990,-918160000,1125439000,,1125439000,,1262211000,-156511010,163610000,1105700000,0,,,,1105700000,942090000,-628585000,0,123166000,262059010,136772000,694725000,-557953000,-143963010,-12548000,,2512.77,2512.77,,,,,,,,,,,,,,1125439000,1125439000,742789760,
2022-12-31,yearly,5412295000,-3678333000,1733962000,,-554805000,,-293193000,-820673000,913289000,,913289000,,981616000,-123025000,49711000,858591000,0,,,,858591000,808880000,-514969000,0,325209000,217084990,68327000,572713000,-504385980,-121158000,-1867000,,2152.82,2152.82,,,,,,,,,,,,,,913289000,913289000,602770750,
2021-12-31,yearly,4790833000,-3125013000,1665820000,,-501453000,,-130238000,-602883000,1062937000,,1062937000,,1105934000,-88620000,102959000,1017314000,0,,,,1017314000,914355970,-347846020,0,79487000,297167000,42997000,271862020,-228864990,-93019000,4399000,,2378.01,2378.01,,,,,,,,,,,,,,1062937000,1062937000,701538430,
2020-12-31,yearly,3823695000,-2573313000,1250382000,,-390677000,,-226318000,954495000,2204877000,,2204877000,,2289378000,-459881980,69239000,1829496100,0,,,,1829496100,1760257000,-326318020,0,1492096000,405712000,84501000,202431010,-117930000,-197539010,-262343010,,4578.0,4578.0,,,,,,,,,,,,,,2204877000,2204877000,1455218800,
2019-12-31,yearly,3930822000,-2715109000,1215713000,,-393355000,,-70965000,-625817000,589896000,,589896000,,620489000,-86173000,118475000,534316000,0,,,,534316000,415841000,-382005000,0,116308000,104200000,30593000,180522000,-149928990,-83217000,-2956000,,1081.72,1081.5,,,,,,,,,,,,,,589896000,589896000,389331360,
2018-12-31,yearly,3146157000,-2311230000,834927000,,-369998020,,-263184990,-782485000,52442000,,52442000,,74560000,-68532000,90391000,6028000,0,,,,6028000,-84363000,-332795000,0,75839000,107654000,22118000,173006000,-150888000,-67433000,-1099000,,-330.91,-97.51,,,,,,,,,,,,,,52442000,52442000,34611720,
2017-12-31,yearly,2673770000,-1939257000,734513000,,-397231000,,-194350000,-717695000,16818000,,16818000,,54630000,-65169000,84465000,-10539000,0,,,,-10539000,-95004000,-343283000,0,143479010,73690000,37812000,205392000,-167580000,-82764000,17595000,,-252.22,-250.57,,,,,,,,,,,,,,16818000,16818000,11099880,
2016-12-31,yearly,3195310000,-2132787000,1062523000,,-438601000,,0,-823323000,239200000,,239200000,,318343000,-73723000,93268000,244620000,0,,,,244620000,151352000,-400579000,0,-33581000,49438000,79143000,305693000,-226550000,-83164000,9441000,,0.0,,,,,,,,,,,,,,,239200000,239200000,157872000,
2015-12-31,yearly,4341184000,-2838105000,1503079000,,-412408000,,0,-830272000,672807000,,672807000,,690403970,-97251000,145352990,593153000,0,,,,593153000,447800000,-459537980,0,-31971000,73645000,17597000,330885000,-313288000,-118474000,21223000,,0.0,,,,,,,,,,,,,,,672807000,672807000,444052600,
2014-12-31,yearly,5817927000,-3949181000,1868746000,,-467317000,,0,-908483000,960263000,,960263000,,976407000,-145020990,169887010,831386000,0,,,,831386000,661499000,-466628000,0,-92759000,118221000,16144000,278643000,-262499010,-139210000,-5811000,,0.0,,,,,,,,,,,,,,,960263000,960263000,633773570,
2013-12-31,yearly,5371882000,-3612593000,1759289000,,-401077000,,0,-757277000,1002012030,,1002012030,,1029890000,-135891010,175167010,893999000,0,,,,893999000,718832000,-431373000,0,-14921000,90094000,27878000,207166000,-179288000,-142835010,6944000,,0.0,,,,,,,,,,,,,,,1002012030,1002012030,661327940,
2012-12-31,yearly,5837953000,-4003320000,1834633000,,-419301000,,0,-913150000,921483000,,921483000,,939638000,-160919010,118571000,778719000,0,,,,778719000,660147970,-473317000,0,-28649000,8117000,18155000,276607000,-258452000,-193988000,33069000,,1601.89,,,,,,,,,,,,,,,921483000,921483000,608178750,
2011-12-31,yearly,6126781000,-4393291000,1733490000,,-404033000,,0,-1002711000,730779000,,730779000,,780398000,-188212000,94015000,592186000,0,,,,592186000,498171000,-511246020,0,-88881000,1449000,49619000,363335000,-313716000,-178072990,-10139000,,1204.83,,,,,,,,,,,,,,,730779000,730779000,482314140,
2010-12-31,yearly,4890105000,-3353475000,1536630000,,-352425000,,0,-787866000,748764030,,748764030,,813996030,-128930000,84817000,685066000,0,,,,685066000,600249000,-401820000,0,-34817000,1196000,65232000,287612000,-222380000,-106789000,-22141000,,0.0,,,,,,,,,,,,,,,748764030,748764030,494184220,
