endDate,type,totalRevenue,costOfRevenue,grossProfit,researchDevelopment,sellingGeneralAdministrative,nonRecurring,otherOperatingExpenses,totalOperatingExpenses,operatingIncome,totalOtherIncomeExpenseNet,ebit,interestExpense,incomeBeforeTax,incomeTaxExpense,minorityInterest,netIncomeFromContinuingOps,discontinuedOperations,extraordinaryItems,effectOfAccountingCharges,otherItems,netIncome,netIncomeApplicableToCommonShares,salesExpenses,lossesDueToNonRecoverabilityOfAssets,otherOperatingIncome,equityIncomeResult,financialResult,financialIncome,financialExpenses,currentTaxes,deferredTaxes,incomeBeforeStatutoryParticipationsAndContributions,basicEarningsPerCommonShare,dilutedEarningsPerCommonShare,basicEarningsPerPreferredShare,profitSharingAndStatutoryContributions,dilutedEarningsPerPreferredShare,claimsAndOperationsCosts,administrativeCosts,otherOperatingIncomeAndExpenses,earningsPerShare,basicEarningsPerShare,dilutedEarningsPerShare,insuranceOperations,reinsuranceOperations,complementaryPensionOperations,capitalizationOperations,cleanEbit,cleanEbitda,cleanNopat,cleanNetIncome
2025-12-31,yearly,4343008300,-2620591000,1722417000,,-254780990,,-529761000,-719282000,1003135000,,1003135000,,1078495000,-98803000,190350000,979692030,0,,,,979692030,789342000,-408037000,0,410665980,62631000,75360000,422421000,-347061000,-85445000,-13358000,,1520,1500,,,,,,,,,,,,,,1003135000,1003135000,662069100,
2024-12-31,yearly,3348470000,-2130127000,1218343000,,-210307010,,-424335000,-463364000,754979000,,754979000,,792298000,-64630000,89290000,727667970,0,,,,727667970,638378000,-289705980,0,374456000,86528000,37319000,294108000,-256788990,-52025000,-12605000,,3690,3650,,,,,,,,,,,,,,754979000,754979000,498286140,
2023-12-31,yearly,2355183000,-1550208000,804975000,,-174710000,,-266852000,-382240000,422735000,,422735000,,436859000,-49982000,55317000,386877000,0,,,,386877000,331560000,-202242000,0,207863010,53701000,14124000,302169000,-288045000,-44262000,-5720000,,2060,2030,,,,,,,,,,,,,,422735000,422735000,279005100,
2022-12-31,yearly,2162616000,-1428891000,733725000,,-151631010,,-230631010,-358312000,375413000,,375413000,,301535000,-45846000,65669000,255688990,0,,,,255688990,190020000,-203082000,0,205274000,21758000,-73878000,195488990,-269367000,-42043000,-3803000,,1270,1270,,,,,,,,,,,,,,375413000,375413000,247772580,
2021-12-31,yearly,1776380000,-1129274000,647106000,,-132511000,,-260080000,-324241000,322865000,,322865000,,244323010,-35563000,49256000,208760000,0,,,,208760000,159504000,-190902000,0,241692990,17559000,-78542000,80632000,-159174000,-33784000,-1779000,,1100,1090,,,,,,,,,,,,,,322865000,322865000,213090900,
2020-12-31,yearly,1500723000,-978154000,522569000,,-115572000,,-96168000,-301206020,221363010,,221363010,,181243010,-31110000,37060000,150132990,0,,,,150132990,113073000,-158044000,0,65114000,3464000,-40120000,-84236000,44116000,-32078000,968000,,760,760,,,,,,,,,,,,,,221363010,221363010,146099580,
2019-12-31,yearly,1458228000,-967112000,491116000,,-112406000,,-102498000,-298099000,193016990,,193016990,,153802000,-32986000,20340000,120816000,0,,,,120816000,100476000,-146206000,0,60617000,2394000,-39215000,-80156000,40941000,-33782000,796000,,680,670,,,,,,,,,,,,,,193016990,193016990,127391216,
2018-12-31,yearly,1166048000,-849225000,316823000,,-100301000,,-139954000,-347640000,-30817000,,-30817000,,-51328000,-22608000,3559000,-73936000,0,,,,-73936000,-77495000,-105046000,0,0,-2339000,-20511000,38347000,-58858000,-26086000,3478000,,-530,-530,,,,,,,,,,,,,,-30817000,-30817000,-20339220,
2017-12-31,yearly,751857000,-714399000,37458000,,-107644000,,2984000,-169328000,-131870000,,-131870000,,-120710000,-16725000,6346000,-137435010,0,,,,-137435010,-143780990,-63288000,0,0,-1380000,11160000,54158000,-42998000,-20127000,3402000,,-970,-970,,,,,,,,,,,,,,-131870000,-131870000,-87034200,
2016-12-31,yearly,1358078000,-1201779000,156299010,,-105135000,,4016000,-153340000,2959000,,2959000,,20202000,-21599000,10465000,-1397000,0,,,,-1397000,-11862000,-50741000,0,0,-1480000,17243000,67521000,-50278000,-19945000,-1654000,,-80,-80,,,,,,,,,,,,,,2959000,2959000,1952940,
2015-12-31,yearly,1569577000,-1239094000,330483000,,-105265000,,-17267000,-167216000,163267010,,163267010,,179498000,-23288000,32563000,156210000,0,,,,156210000,123647000,-42910000,0,0,-1774000,16231000,64983000,-48752000,-25492000,2204000,,830,830,,,,,,,,,,,,,,163267010,163267010,107756216,
2014-12-31,yearly,1835613000,-1408650000,426963000,,-114675000,,-22657000,-183304990,243658000,,243658000,,255527010,-23311000,26346000,232216000,0,,,,232216000,205870000,-51723000,0,0,5750000,11869000,57838000,-45969000,-28180000,4869000,,1340,1340,,,,,,,,,,,,,,243658000,243658000,160814270,
2013-12-31,yearly,1743929000,-1340379000,403550020,,-104395000,,-11036000,-144828990,258720990,,258720990,,260196000,-23742000,8257000,236454000,0,,,,236454000,228196990,-41188000,0,0,11790000,1475000,32586000,-31111000,-21235000,-2507000,,1480,1460,,,,,,,,,,,,,,258720990,258720990,170755860,
2012-12-31,yearly,1367773000,-997790000,369983000,,-98917000,,0,-144560990,225422000,,225422000,,249064000,-18897000,5129000,230167010,0,,,,230167010,225038000,-39143000,0,-6501000,0,23642000,38481000,-14839000,0,-18897000,,1460,1410,,,,,,,,,,,,,,225422000,225422000,148778510,
2011-12-31,yearly,1072312000,-771739000,300573000,,-96193000,,0,-122803000,177770000,,177770000,,206688000,-25098000,6374000,181590000,0,,,,181590000,175216000,-27673000,0,1063000,0,28918000,44794000,-15876000,0,-25098000,,1150,1130,,,,,,,,,,,,,,177770000,177770000,117328200,
2010-12-31,yearly,781907000,-533784000,248123010,,-59872000,,-13889000,-89365000,158758000,,158758000,,187363010,-20811000,0,166552000,0,,,,166552000,166552000,-20041000,0,4437000,0,28605000,33172000,-4567000,-9132000,-11679000,,1249,1208,,,,,,,,,,,,,,158758000,158758000,104780280,
