endDate,type,totalRevenue,costOfRevenue,grossProfit,researchDevelopment,sellingGeneralAdministrative,nonRecurring,otherOperatingExpenses,totalOperatingExpenses,operatingIncome,totalOtherIncomeExpenseNet,ebit,interestExpense,incomeBeforeTax,incomeTaxExpense,minorityInterest,netIncomeFromContinuingOps,discontinuedOperations,extraordinaryItems,effectOfAccountingCharges,otherItems,netIncome,netIncomeApplicableToCommonShares,salesExpenses,lossesDueToNonRecoverabilityOfAssets,otherOperatingIncome,equityIncomeResult,financialResult,financialIncome,financialExpenses,currentTaxes,deferredTaxes,incomeBeforeStatutoryParticipationsAndContributions,basicEarningsPerCommonShare,dilutedEarningsPerCommonShare,basicEarningsPerPreferredShare,profitSharingAndStatutoryContributions,dilutedEarningsPerPreferredShare,claimsAndOperationsCosts,administrativeCosts,otherOperatingIncomeAndExpenses,earningsPerShare,basicEarningsPerShare,dilutedEarningsPerShare,insuranceOperations,reinsuranceOperations,complementaryPensionOperations,capitalizationOperations,cleanEbit,cleanEbitda,cleanNopat,cleanNetIncome
2025-12-31,yearly,11521073000,-7055929000,4465144000,,-393283000,,209800990,-183482000,4281662000,,4281662000,,1793202000,-925734000,-19033000,867468030,-650000,,,,866818000,885851000,0,0,0,0,-2488460000,575448000,-3063908000,-783171970,-142562000,,1273.47,1273.47,1274.4,,1274.4,,,,,,,,,,,4281662000,4281662000,2825897000,
2024-12-31,yearly,9872372000,-5963464000,3908908000,,-350366020,,-36251000,-386617000,3522291000,,3522291000,,1720252000,-806801000,9354000,913451000,0,,,,913451000,904097000,0,0,0,0,-1802039000,491198020,-2293237000,-781592000,-25209000,,1299.7,1299.7,0.0,,0.0,,,,,,,,,,,3522291000,3522291000,2324712000,
2023-12-31,yearly,8845179000,-5590491000,3254688000,,-307789000,,-164256000,-472045000,2782643000,,2782643000,,1280731000,-684099000,27068000,596632000,0,,,,596632000,569564030,0,0,0,0,-1501912100,382396000,-1884308000,-628163000,-55936000,,818.78,818.78,0.0,,0.0,,,,,,,,,,,2782643000,2782643000,1836544400,
2022-12-31,yearly,6061329000,-4134658000,1926671000,,-310953980,,-73334000,-384288000,1542383000,,1542383000,,510291000,-268889980,-11636000,241400990,-7342000,,,,234059010,245695010,0,0,0,0,-1032092030,347062020,-1379154000,-331556000,62666000,,353.2,353.2,347.03,,347.03,,,,,,,,,,,1542383000,1542383000,1017972800,
2021-12-31,yearly,4651761000,-2811871000,1839890000,,-278582020,,6640000,-271961980,1567928100,,1567928100,,652474000,-285212000,-4780000,367262020,0,,,,367262020,0,0,0,0,-20000,-915454000,247696990,-1163151000,-287003000,1791000,,582.6,582.6,582.6,,582.6,,,,,,,,,,,1567928100,1567928100,1034832450,
2020-12-31,yearly,3999786000,-2356815000,1642971000,,0,,-777230000,-777234000,865737000,,865737000,,79072000,-497060000,0,-417988000,-6000000,,,,-423988000,-423988000,0,0,0,-4000,-786665000,62902000,-849567000,-339347000,-157712990,,-759.94,-749.18,-759.94,,-749.18,,,,,,,,,,,865737000,865737000,571386430,
2019-12-31,yearly,3952889000,-2449007000,1503882000,,-301213000,,-406983000,-708186000,795696000,,795696000,,95624000,-280904000,0,-185280000,-180000,,,,-185460000,-185460000,0,0,0,10000,-700072000,187495010,-887567000,-331133000,50229000,,333.27,332.31,332.94,,331.99,,,,,,,,,,,795696000,795696000,525159360,
2018-12-31,yearly,3169267000,-1780016000,1389251000,,-219172990,,14192000,-204947010,1184304000,,1184304000,,723560000,-322920000,7625000,400640000,-18505000,,,,382135000,374510020,0,0,0,34000,-460744000,234631010,-695375000,-327910020,4990000,,673.02,666.34,719.98,,712.83,,,,,,,,,,,1184304000,1184304000,781640640,
2017-12-31,yearly,3200704000,-1643157000,1557547000,,-225131010,,13558000,-345864000,1211683000,,1211683000,,756249000,-336265000,19845000,419984000,-7653000,,,,412331000,392486020,-134344990,0,0,54000,-455433980,122877000,-578311000,-327341000,-8924000,,705.32,697.21,754.73,,746.06,,,,,,,,,,,1211683000,1211683000,799710800,
2016-12-31,yearly,2828996000,-1545435000,1283561000,,-210762000,,-298319000,-509089000,774472000,,774472000,,220112000,-479945000,15488000,-259832990,-689301000,,,,-949134000,-964622000,0,0,0,-8000,-554360000,138536990,-692897000,-278924000,-201020990,,-1733.48,-1711.98,-466.93,,-461.14,,,,,,,,,,,774472000,774472000,511151520,
2015-12-31,yearly,2900707000,-1620189000,1280518000,,-331281980,,12320000,-334774020,945744000,,945744000,,257732990,-141960990,6798000,115772000,0,,,,115772000,108974000,0,0,0,-15812000,-688011000,144435010,-832446000,-220364990,78404000,,195.83,195.05,,,,,,,,,,,,,,945744000,945744000,624191040,
2014-12-31,yearly,2937001000,-1721156000,1215845000,,-358476000,,280469000,-106427000,1109418000,,1109418000,,716908030,-242658000,2350000,474249980,0,,,,474249980,471900000,0,0,0,-28420000,-392510020,127645000,-520155000,-241440000,-1218000,,847.09,844.64,,,,,,,,,,,,,,1109418000,1109418000,732215900,
2013-12-31,yearly,2639059000,-1346606000,1292453000,,-365104000,,31538000,-332797000,959656000,,959656000,,634179000,-234667010,1662000,399512000,0,,,,399512000,397849980,0,0,0,769000,-325477000,113407000,-438884000,-212624990,-22042000,,711.45,706.5,,,,,,,,,,,,,,959656000,959656000,633372900,
2012-12-31,yearly,2409107000,-1162350000,1246757000,,-342976000,,0,-293704000,953053000,,953053000,,688101000,-261056000,4973000,427045000,0,,,,427045000,422072000,0,0,49272000,0,-264952000,82557000,-347509000,-253880000,-7176000,,760.0,750.0,,,,,,,,,,,,,,953053000,953053000,629015000,
2011-12-31,yearly,1827371000,-813023000,1014348030,,-225900000,,0,-226080000,788268030,,788268030,,605187970,-217622000,4549000,387566020,0,,,,387566020,383017000,0,0,0,-180000,-183080000,107329000,-290409000,-207794000,-9828000,,690.0,680.0,,,,,,,,,,,,,,788268030,788268030,520256860,
2010-12-31,yearly,1427608100,-623618000,803990000,,-132323000,,0,165455010,969445000,,969445000,,769985000,-175946000,3744000,594039000,0,,,,594039000,590295000,0,0,297777980,0,-199460000,90551000,-290011000,-165140000,-10806000,,1118.0,1117.0,,,,,,,,,,,,,,969445000,969445000,639833700,
