endDate,type,totalRevenue,costOfRevenue,grossProfit,researchDevelopment,sellingGeneralAdministrative,nonRecurring,otherOperatingExpenses,totalOperatingExpenses,operatingIncome,totalOtherIncomeExpenseNet,ebit,interestExpense,incomeBeforeTax,incomeTaxExpense,minorityInterest,netIncomeFromContinuingOps,discontinuedOperations,extraordinaryItems,effectOfAccountingCharges,otherItems,netIncome,netIncomeApplicableToCommonShares,salesExpenses,lossesDueToNonRecoverabilityOfAssets,otherOperatingIncome,equityIncomeResult,financialResult,financialIncome,financialExpenses,currentTaxes,deferredTaxes,incomeBeforeStatutoryParticipationsAndContributions,basicEarningsPerCommonShare,dilutedEarningsPerCommonShare,basicEarningsPerPreferredShare,profitSharingAndStatutoryContributions,dilutedEarningsPerPreferredShare,claimsAndOperationsCosts,administrativeCosts,otherOperatingIncomeAndExpenses,earningsPerShare,basicEarningsPerShare,dilutedEarningsPerShare,insuranceOperations,reinsuranceOperations,complementaryPensionOperations,capitalizationOperations,cleanEbit,cleanEbitda,cleanNopat,cleanNetIncome
2025-12-31,yearly,12860075000,-6853514000,6006561000,,-450687000,,0,261764000,6268325000,,6268325000,,3626519000,-768600000,275078020,2857919000,0,,,,2857919000,2582841000,-68694000,0,93741000,687404030,-2641806000,729335000,-3371141000,-525896000,-242704000,,2261.09,2261.09,,,,,,,,,,,,,,6268325000,6268325000,4137094400,
2024-12-31,yearly,11218635000,-5112053000,6106582000,,-443460000,,-27685000,1575469000,7682051000,,7682051000,,5705971000,-1403130000,23492000,4302841000,0,,,,4302841000,4279349000,-64610000,0,1397109000,714115000,-1976080000,622113000,-2598193000,-996255000,-406875000,,5244.76,5244.76,,,,,,,,,,,,,,7682051000,7682051000,5070153700,
2023-12-31,yearly,10747784000,-4840645000,5907139000,,-374091000,,-1306439900,453159000,6360298000,,6360298000,,4397300000,-968240000,-495000,3429060000,0,,,,3429060000,3429555000,-57921000,0,1198494000,993117000,-1962998000,448980000,-2411978000,-325247000,-642993000,,4203.26,4203.26,,,,,,,,,,,,,,6360298000,6360298000,4197796600,
2022-12-31,yearly,11906605000,-6317412000,5589193000,,-339153000,,-149560990,211391010,5800584000,,5800584000,,3285294000,-620726000,1489000,2664568000,0,,,,2664568000,2663079000,-27031000,0,0,727136000,-2515290000,585191000,-3100481000,-569224000,-51502000,,3263.87,3263.87,,,,,,,,,,,,,,5800584000,5800584000,3828385500,
2021-12-31,yearly,12540673000,-6629461000,5911212000,,-300707000,,-1285417000,-1013088000,4898124000,,4898124000,,1819434000,-254464000,1245000,1564970000,0,,,,1564970000,1563725000,-28949000,0,0,601985000,-3078690000,280849000,-3359539000,-285345000,30881000,,1916.5,1916.5,,,,,,,,,,,,,,4898124000,4898124000,3232761900,
2020-12-31,yearly,12259159000,-6795857000,5463302000,,-251999010,,-98755000,106261000,5569563000,,5569563000,,3687128000,-889859970,177000,2797268000,0,,,,2797268000,2797091000,-25369000,0,-4667000,487051000,-1882435000,254804000,-2137239000,-411793000,-478067000,,3428.11,3428.11,,,,,,,,,,,,,,5569563000,5569563000,3675911700,
2019-12-31,yearly,9804478000,-5652963000,4151515000,,-226670000,,-4900000,143383010,4294898000,,4294898000,,3087937000,-776838000,1174000,2311099000,0,,,,2311099000,2309925000,-26566000,0,320405000,81114000,-1206961000,147151010,-1354112000,-555024000,-221814000,,2831.04,2831.04,,,,,,,,,,,,,,4294898000,4294898000,2834632700,
2018-12-31,yearly,8794792000,-4875986000,3918806000,,-201004990,,-39327000,-251695010,3667111000,,3667111000,,2967816000,-652409000,1046000,2315407000,0,,,,2315407000,2314361000,-6744000,0,-3648000,-971000,-699295000,154684990,-853980030,-392447000,-259962000,,2836.48,2836.48,,,,,,,,,,,,,,3667111000,3667111000,2420293400,
2017-12-31,yearly,7009957000,-4003871000,3006086000,,-178616990,,-18419000,-155876000,2850210000,,2850210000,,2623380000,-618821000,1147000,2004559000,0,,,,2004559000,2003412000,-17347000,0,60390000,-1883000,-226830000,223483010,-450313000,-419560000,-199260990,,3070.98,3070.98,,,,,,,,,,,,,,2850210000,2850210000,1881138600,
2016-12-31,yearly,6442371000,-3701457000,2740914000,,-185248000,,-121278000,-319297000,2421617000,,2421617000,,2066773000,-518472000,998000,1548301000,0,,,,1548301000,1547303000,-17246000,0,7307000,-2832000,-354844000,397921000,-752765000,-636385000,117913000,,2372.0,2372.0,,,,,,,,,,,,,,2421617000,2421617000,1598267300,
2015-12-31,yearly,6512037000,-3803095000,2708942000,,-182756990,,-24209000,-205112000,2503830000,,2503830000,,2033232000,-531929000,911000,1501303000,0,,,,1501303000,1500391900,-17461000,0,19315000,0,-470598020,280830020,-751427970,-324985980,-206943010,,2300.0,2300.0,,,,,,,,,,,,,,2503830000,2503830000,1652527700,
2014-12-31,yearly,6472496000,-3974788000,2497708000,,-180340000,,-2335000,-194760000,2302948000,,2302948000,,1956649000,-573544000,737000,1383105000,0,,,,1383105000,1382368000,-17212000,0,5127000,0,-346299000,206410000,-552709000,-508686020,-64858000,,2118.91,2118.91,,,,,,,,,,,,,,2302948000,2302948000,1519945700,
2013-12-31,yearly,5568658000,-2911860000,2656798000,,-178466000,,-73248000,-269568000,2387230000,,2387230000,,2001709000,-564962000,635000,1436747000,0,,,,1436747000,1436112000,-18637000,0,783000,0,-385521000,182659010,-568179970,-608767000,43805000,,2201.09,2201.09,,,,,,,,,,,,,,2387230000,2387230000,1575571800,
2012-12-31,yearly,4912499000,-2130934000,2781565000,,-170016990,,-45713000,-234327010,2547238000,,2547238000,,2100000000,-600077000,426000,1499923000,0,,,,1499923000,1499497000,-18597000,0,0,0,-447238020,88185000,-535423000,-580551000,-19526000,,2297.88,2297.88,,,,,,,,,,,,,,2547238000,2547238000,1681177100,
2011-12-31,yearly,4326951000,-1860623000,2466328000,,-157060000,,0,-57730000,2408598000,,2408598000,,2034788000,-586682000,470000,1448106000,0,,,,1448106000,1447636000,-16826000,0,116156000,0,-373809980,133672000,-507481980,-563125000,-23557000,,2218.5,2218.5,,,,,,,,,,,,,,2408598000,2408598000,1589674600,
2010-12-31,yearly,4100381000,-1888071900,2212309000,,-159935010,,-181000,-62157000,2150152000,,2150152000,,1721310000,-509661000,0,1211649000,0,,,,1211649000,1211649000,-14363000,0,112322000,0,-428841980,130627000,-559469000,-532184000,22523000,,1856.24,1856.24,,,,,,,,,,,,,,2150152000,2150152000,1419100300,
