endDate,type,totalRevenue,costOfRevenue,grossProfit,researchDevelopment,sellingGeneralAdministrative,nonRecurring,otherOperatingExpenses,totalOperatingExpenses,operatingIncome,totalOtherIncomeExpenseNet,ebit,interestExpense,incomeBeforeTax,incomeTaxExpense,minorityInterest,netIncomeFromContinuingOps,discontinuedOperations,extraordinaryItems,effectOfAccountingCharges,otherItems,netIncome,netIncomeApplicableToCommonShares,salesExpenses,lossesDueToNonRecoverabilityOfAssets,otherOperatingIncome,equityIncomeResult,financialResult,financialIncome,financialExpenses,currentTaxes,deferredTaxes,incomeBeforeStatutoryParticipationsAndContributions,basicEarningsPerCommonShare,dilutedEarningsPerCommonShare,basicEarningsPerPreferredShare,profitSharingAndStatutoryContributions,dilutedEarningsPerPreferredShare,claimsAndOperationsCosts,administrativeCosts,otherOperatingIncomeAndExpenses,earningsPerShare,basicEarningsPerShare,dilutedEarningsPerShare,insuranceOperations,reinsuranceOperations,complementaryPensionOperations,capitalizationOperations,cleanEbit,cleanEbitda,cleanNopat,cleanNetIncome
2025-12-31,yearly,41883234000,-34524890000,7358344000,,-1190991000,,-1383736100,,-4010230000,,3348114000,,1455643000,536393980,,1992037000,0,,,,1992037000,,-1886225000,-20919000,510364000,-38723000,-1892471000,1793799900,-3686271000,536393980,0,,2666.5,2666.5,,,,,,,,,,,,,,3348114000,3348114000,2209755100,
2024-12-31,yearly,35424174000,-29041940000,6382234000,,-1074842000,,-1174508000,,-2610113000,,3772121000,,3108931000,-1185100000,,1923831000,0,,,,1923831000,,-1671416100,-121576000,1455864100,-23635000,-663190000,1122030000,-1785220000,-506974020,-678126000,,2612.0,2612.0,,,,,,,,,,,,,,3772121000,3772121000,2489599700,
2023-12-31,yearly,26110517000,-21607123000,4503394000,,-1022541000,,-1233185000,,-2980785000,,1522609000,,558861000,225494000,,784355000,0,,,,784355000,,-1569513000,48999000,745474000,49981000,-963747970,779690000,-1743438000,-537767000,763261000,,1066.6,1066.6,,,,,,,,,,,,,,1522609000,1522609000,1004921900,
2022-12-31,yearly,23448770000,-18738792000,4709978000,,-954194000,,-3467520000,,-5265566000,,-555587970,,-1062616000,15403000,,-1047213000,0,,,,-1047213000,,-1416049000,-84749000,615190000,41756000,-507028000,830794000,-1337822000,-439721000,455124000,,-1298.14,-1298.14,,,,,,,,,,,,,,-555587970,-555587970,-366688060,
2021-12-31,yearly,22669705000,-19130601000,3539104000,,-827176000,,-876093000,,-2484386000,,1054718000,,121453000,-389071000,,-267618000,0,,,,-267618000,,-1223305000,70919000,365829000,5440000,-933265000,397365000,-1330630000,-168836000,-220235010,,-374.04,-374.04,,,,,,,,,,,,,,1054718000,1054718000,696113860,
2020-12-31,yearly,19641764000,-17234817000,2406948000,,-738736000,,-2565736000,,-4088021000,,-1681073000,,-3312177000,-284056000,,-3596233000,0,,,,-3596233000,,-1002572030,-293912000,500225980,12709000,-1631104000,-468987000,-1162117000,120393000,-404449000,,-4911.97,-4911.97,,,,,,,,,,,,,,-1681073000,-1681073000,-1109508200,
2019-12-31,yearly,10467931000,-9037330000,1430601000,,-540875000,,-1448258000,,-2074257000,,-643656000,,-401401980,-446257000,,-847659000,-446427000,,,,-1294086000,,-584186000,0,500033000,-971000,242254000,258623010,-16369000,-152924990,-293332000,,-1789.5,-1789.5,,,,,,,,,,,,,,-643656000,-643656000,-424812960,
2018-12-31,yearly,18721620000,-15915158000,2806462000,,-669870000,,-1200856100,,-2703377000,,103085000,,-526863000,-116705000,,-643568000,0,,,,-643568000,,-1114317000,0,283313000,-1647000,-629948030,-221911010,-408037000,-212968000,96263000,,-911.4,-911.4,,,,,,,,,,,,,,103085000,103085000,68036096,
2017-12-31,yearly,18713045000,-15291675000,3421370000,,-572683000,,-1067419000,,-2361786000,,1059584000,,926323000,-78947000,,847376000,0,,,,847376000,,-981608000,0,255932000,3992000,-133261000,430176000,-563437000,-132707000,53760000,,1083.79,1082.99,,,,,,,,,,,,,,1059584000,1059584000,699325440,
2016-12-31,yearly,21435695000,-17166104000,4269592000,,-574129000,,-2160136000,,-3551800000,,717792000,,555821000,35990000,,591811000,0,,,,591811000,,-1289043000,0,472463000,-955000,-161971010,1749350000,-1911321000,-493077000,529067000,,795.89,794.06,,,,,,,,,,,,,,717792000,717792000,473742720,
2015-12-31,yearly,20301770000,-16545358000,3756413000,,-609223000,,-1764909000,,-2653346000,,1103067000,,1101892000,-820284030,,281608000,0,,,,281608000,,-1206620000,0,928384000,-978000,-1175000,-1061709000,1060534000,-440247000,-380037000,,330.87,329.35,,,,,,,,,,,,,,1103067000,1103067000,728024200,
2014-12-31,yearly,14935910000,-11977173000,2958737000,,-489121980,,-553088000,,-1654963000,,1303774000,,1201051000,-374451000,,826600000,0,,,,826600000,,-989413000,0,376808000,-148000,-102723000,-192063010,89340000,-180956000,-193495010,,1085.06,1079.49,,,,,,,,,,,,,,1303774000,1303774000,860490800,
2013-12-31,yearly,13635846000,-10540019000,3095827000,,-453664000,,-629468030,,-1489942000,,1605885000,,1352291000,-565881000,,786410000,0,,,,786410000,,-978829000,0,572019000,0,-253594000,-207668000,-45926000,-139834000,-426047000,,1066.79,1059.82,,,,,,,,,,,,,,1605885000,1605885000,1059884100,
2012-12-31,yearly,12201715000,-9248569000,2953146000,,-547886000,,-371369000,,-1735715000,,1217431000,,1222857000,-523849000,,699008000,0,,,,699008000,,-946773000,0,130734000,-421000,5426000,7157000,-1731000,-385094020,-138755010,,962.4,958.9,,,,,,,,,,,,,,1217431000,1217431000,803504450,
2011-12-31,yearly,9858055000,-7638825000,2219230000,,-440044000,,-683203000,,-1697502000,,521728000,,382028000,-210774000,,171254000,0,,,,171254000,,-702866000,0,129235000,-624000,-139700000,-50331000,-89369000,-70843000,-139931010,,216.0,215.6,,,,,,,,,,,,,,521728000,521728000,344340480,
2010-12-31,yearly,9380625000,-7582662000,1797963000,,-346061000,,-272894020,,-1112443000,,685520000,,715055000,-114877000,,600178000,0,,,,600178000,,-657010000,0,163522000,0,29535000,357751000,-328216000,-59824000,-55053000,,792.6,792.2,,,,,,,,,,,,,,685520000,685520000,452443200,
