endDate,type,totalRevenue,costOfRevenue,grossProfit,researchDevelopment,sellingGeneralAdministrative,nonRecurring,otherOperatingExpenses,totalOperatingExpenses,operatingIncome,totalOtherIncomeExpenseNet,ebit,interestExpense,incomeBeforeTax,incomeTaxExpense,minorityInterest,netIncomeFromContinuingOps,discontinuedOperations,extraordinaryItems,effectOfAccountingCharges,otherItems,netIncome,netIncomeApplicableToCommonShares,salesExpenses,lossesDueToNonRecoverabilityOfAssets,otherOperatingIncome,equityIncomeResult,financialResult,financialIncome,financialExpenses,currentTaxes,deferredTaxes,incomeBeforeStatutoryParticipationsAndContributions,basicEarningsPerCommonShare,dilutedEarningsPerCommonShare,basicEarningsPerPreferredShare,profitSharingAndStatutoryContributions,dilutedEarningsPerPreferredShare,claimsAndOperationsCosts,administrativeCosts,otherOperatingIncomeAndExpenses,earningsPerShare,basicEarningsPerShare,dilutedEarningsPerShare,insuranceOperations,reinsuranceOperations,complementaryPensionOperations,capitalizationOperations,cleanEbit,cleanEbitda,cleanNopat,cleanNetIncome
2025-12-31,yearly,18416056000,-13011489000,5404567000,,-1951303900,,-160324000,-1691367900,3713199000,,3713199000,,2431980000,-740350000,534055000,1691630000,0,,,,1691630000,1157575000,0,0,420883000,-623000,-1281219000,1681681000,-2962900000,-219874000,-520476000,,1000.0,1000.0,,,,,,,,,,,,,,3713199000,3713199000,2450711300,
2024-12-31,yearly,11387505000,-7434022000,3953483000,,-1068203000,,-704239000,-1741574000,2211909000,,2211909000,,-1349778000,1899250000,507459000,549472000,0,,,,549472000,42013000,0,0,24027000,6841000,-3561687000,597740030,-4159427000,-237858000,2137108000,,25.14,25.14,,,,,,,,,,,,,,2211909000,2211909000,1459860000,
2023-12-31,yearly,10090895000,-6379745000,3711150000,,-1101589000,,-2951000,-1038827000,2672323000,,2672323000,,281557000,21875000,85747000,303432000,0,,,,303432000,217684990,0,0,64641000,1072000,-2390766000,1122051000,-3512817000,-120566000,142440990,,137.54,137.45,,,,,,,,,,,,,,2672323000,2672323000,1763733100,
2022-12-31,yearly,6128603000,-4251279000,1877324000,,-877121000,,-142044990,-593369000,1283955000,,1283955000,,516793000,-141019010,0,375774020,0,,,,375774020,375774020,0,0,422998020,2799000,-767162000,540738000,-1307900000,-89747000,-51272000,,269.33,269.26,,,,,,,,,,,,,,1283955000,1283955000,847410300,
2021-12-31,yearly,5124441000,-3181706000,1942735000,,-544768000,,-201000,-350896000,1591839000,,1591839000,,1405319000,-232027010,-8000,1173292000,0,,,,1173292000,1173300000,0,0,194796000,-723000,-186520000,151884990,-338405000,-105886000,-126141000,,927.5,920.25,,,,,,,,,,,,,,1591839000,1591839000,1050613760,
2020-12-31,yearly,3243309000,-1745379000,1497930000,,-448537000,,-21046000,-381156000,1116774000,,1116774000,,817120000,189416000,-1070000,1006536000,0,,,,1006536000,1007606000,0,0,97190000,-8763000,-299654020,192058000,-491712000,-33858000,223274000,,3190.81,3176.18,,,,,,,,,,,,,,1116774000,1116774000,737070850,
2019-12-31,yearly,3137369000,-1899594000,1237775000,,-373121000,,-67561000,-271136000,966639000,,966639000,,556459000,42621000,-1718000,599080000,0,,,,599080000,600798000,0,0,171884990,-2339000,-410180000,178590000,-588770000,-39483000,82104000,,1905.21,1891.01,,,,,,,,,,,,,,966639000,966639000,637981760,
2018-12-31,yearly,3129107000,-1875092000,1254015000,,-330092000,,-13000,-135924990,1118090000,,1118090000,,613758000,274465000,350000,888223000,0,,,,888223000,887873000,0,0,203060990,-8881000,-504332000,186712000,-691043970,-35912000,310377000,,2818.73,2818.73,,,,,,,,,,,,,,1118090000,1118090000,737939400,
2017-12-31,yearly,2721773000,-1611638000,1110135000,,-353001980,,-55794000,-404278020,705857000,,705857000,,185054000,-91194000,-1638000,93860000,0,,,,93860000,95498000,0,0,30888000,-26370000,-520803000,114298000,-635101000,-49494000,-41700000,,370.98,370.98,,,,,,,,,,,,,,705857000,705857000,465865630,
2016-12-31,yearly,2160983000,-1429043000,731939970,,-174262000,,-164195010,-171867010,560073000,,560073000,,11713000,-122852000,-3032000,-111139000,0,,,,-111139000,-108107000,0,0,207400990,-40811000,-548360000,165912990,-714273000,-45191000,-77661000,,-597.79,-597.79,,,,,,,,,,,,,,560073000,560073000,369648200,
2015-12-31,yearly,1518633000,-1118838000,399795000,,-131082000,,-154758000,-270028000,129767000,,129767000,,147860990,26109000,-5528000,173970000,-36861000,,,,137108990,142636990,0,0,63122000,-47310000,18094000,650479000,-632385000,-13825000,39934000,,8.48,0.0,,,,,,,,,,,,,,129767000,129767000,85646216,
2014-12-31,yearly,1798092000,-1579302000,218790000,,-173012990,,-843318000,-702499000,-483709000,,-483709000,,-993763970,-2531000,-39778000,-996295000,-560665000,,,,-1556960000,-1517182000,0,0,484487000,-170655010,-510055000,131714000,-641769000,-1238000,-1293000,,-4996.87,0.0,,,,,,,,,,,,,,-483709000,-483709000,-319247940,
2013-12-31,yearly,1438831000,-1507047000,-68216000,,-167260990,,-43108000,-358957000,-427173000,,-427173000,,-933269000,-11152000,-1966000,-944421000,0,,,,-944421000,-942455000,0,0,4424000,-153012000,-506096000,88513000,-594609000,-3744000,-7408000,,-3525.56,-3525.56,,,,,,,,,,,,,,-427173000,-427173000,-281934180,
2012-12-31,yearly,490940000,-597554000,-106614000,,-280284000,,-2241000,-314937000,-421551000,,-421551000,,-549091970,114638000,748000,-434454020,0,,,,-434454020,-435201980,0,0,1823000,-34235000,-127541000,165279010,-292820000,-2289000,116927000,,-752.63,-752.63,,,,,,,,,,,,,,-421551000,-421551000,-278223650,
2011-12-31,yearly,168279010,-163778000,4501000,,-277934020,,-37062000,-341585000,-337084000,,-337084000,,-539471000,137608990,6691000,-401862020,0,,,,-401862020,-408553000,0,0,1128000,-27717000,-202387010,1586887000,-1789274000,-4864000,142472990,,-2988.24,-2988.24,,,,,,,,,,,,,,-337084000,-337084000,-222475440,
2010-12-31,yearly,98455000,-116482000,-18027000,,-226167010,,-30399000,-249864990,-267892000,,-267892000,,-313637000,58023000,636000,-255614000,0,,,,-255614000,-256250000,0,0,8236000,-1535000,-45745000,75893000,-121638000,-280000,58303000,,-1875.1,-1875.1,,,,,,,,,,,,,,-267892000,-267892000,-176808720,
