endDate,type,totalRevenue,costOfRevenue,grossProfit,researchDevelopment,sellingGeneralAdministrative,nonRecurring,otherOperatingExpenses,totalOperatingExpenses,operatingIncome,totalOtherIncomeExpenseNet,ebit,interestExpense,incomeBeforeTax,incomeTaxExpense,minorityInterest,netIncomeFromContinuingOps,discontinuedOperations,extraordinaryItems,effectOfAccountingCharges,otherItems,netIncome,netIncomeApplicableToCommonShares,salesExpenses,lossesDueToNonRecoverabilityOfAssets,otherOperatingIncome,equityIncomeResult,financialResult,financialIncome,financialExpenses,currentTaxes,deferredTaxes,incomeBeforeStatutoryParticipationsAndContributions,basicEarningsPerCommonShare,dilutedEarningsPerCommonShare,basicEarningsPerPreferredShare,profitSharingAndStatutoryContributions,dilutedEarningsPerPreferredShare,claimsAndOperationsCosts,administrativeCosts,otherOperatingIncomeAndExpenses,earningsPerShare,basicEarningsPerShare,dilutedEarningsPerShare,insuranceOperations,reinsuranceOperations,complementaryPensionOperations,capitalizationOperations,cleanEbit,cleanEbitda,cleanNopat,cleanNetIncome
2025-12-31,yearly,35441353000,-26443713000,8997641000,,-1877859000,,-536078020,-2244694000,6752947000,,6752947000,,3334908000,-194836000,925633000,3140072000,0,,,,3140072000,2214439000,0,0,73765000,95478000,-3418039000,2326073000,-5744112000,-1192653000,997817000,,950.0,,950.0,,,,,,,,,,,,,6752947000,6752947000,4456945000,
2024-12-31,yearly,33715476000,-25151840000,8563636000,,-2034407000,,-589181000,-2452714000,6110922000,,6110922000,,4375159000,261123010,846604030,4636282000,0,,,,4636282000,3789678000,0,0,179340990,-8467000,-1735763000,1855184000,-3590947000,-156111010,417233980,,1590.0,,1590.0,,,,,,,,,,,,,6110922000,6110922000,4033208600,
2023-12-31,yearly,28531857000,-20750868000,7780989000,,-1546368000,,-231296000,-1733673000,6047316000,,6047316000,,3569838000,-986304000,689315000,2583534000,0,,,,2583534000,1894219000,0,0,43991000,0,-2477478000,1687303900,-4164782000,-751637000,-234667010,,930.0,,930.0,,,,,,,,,,,,,6047316000,6047316000,3991228700,
2022-12-31,yearly,26503137000,-19312220000,7190917000,,-1369335000,,-174363010,-1469159000,5721758000,,5721758000,,3138784000,-710764030,292559000,2428020000,0,,,,2428020000,2135461000,0,0,74539000,0,-2582974000,1613404000,-4196378000,-906136000,195372000,,1120.0,,1120.0,,,,,,,,,,,,,5721758000,5721758000,3776360200,
2021-12-31,yearly,26475504000,-20777843000,5697662000,,-887410000,,-482774020,-1071078000,4626584000,,4626584000,,3529038000,-762698000,223307010,2766340000,48467000,,,,2814807000,2591500000,0,0,299105980,0,-1097546000,1430243000,-2527789000,-615654000,-147044000,,1390.0,,1390.0,,,,,,,,,,,,,4626584000,4626584000,3053545500,
2020-12-31,yearly,20330207000,-16672688000,3657520100,,-812739000,,-274000000,-955074000,2702446000,,2702446000,,2046650000,-527653000,138528990,1518997000,88477000,,,,1607474000,1468945000,0,0,131665000,0,-655795970,735250000,-1391046000,-375889000,-151764000,,810.0,,810.0,,,,,,,,,,,,,2702446000,2702446000,1783614300,
2019-12-31,yearly,19903136000,-16651741000,3251394000,,-930617000,,-158632990,-909350000,2342044000,,2342044000,,981638000,-454480000,71785000,527158020,0,,,,527158020,455373000,0,0,179900000,0,-1360406000,910603000,-2271009000,-357709000,-96771000,,250954.8,,0.0,,,,,,,,,,,,,2342044000,2342044000,1545749000,
2018-12-31,yearly,15787581000,-13282703000,2504878000,,-734547970,,-190948990,363003000,2867881000,,2867881000,,1917385000,-737713000,31238000,1179672100,0,,,,1179672100,1148434000,0,0,1288500000,0,-950496000,534999000,-1485495000,1795900000,-2533613000,,661.2,,0.0,,,,,,,,,,,,,2867881000,2867881000,1892801400,
2017-12-31,yearly,13637154000,-11749228000,1887926000,,-593193000,,-146599010,-643033000,1244893000,,1244893000,,606890000,-34308000,13970000,572582000,0,,,,572582000,558611970,0,0,96759000,0,-638003000,783713000,-1421716000,-150891010,116583000,,0.0,,0.0,,,,,,,,,,,,,1244893000,1244893000,821629400,
2016-12-31,yearly,11810695000,-9984088000,1826607000,,-657681000,,-151076990,-710028030,1116579000,,1116579000,,344080000,-96814000,41069000,247266000,-51480000,,,,195786000,154716990,0,0,98730000,0,-772499000,733843000,-1506342000,-275334020,178520000,,0.0,,0.0,,,,,,,,,,,,,1116579000,1116579000,736942140,
2015-12-31,yearly,11935130000,-10287228000,1647902000,,-705548030,,-91093000,-783235000,864667000,,864667000,,-181279010,56939000,26479000,-124340000,475741000,,,,351401000,324921980,0,0,13406000,0,-1045946000,794303000,-1840249000,-134310000,191248990,,0.0,,0.0,,,,,,,,,,,,,864667000,864667000,570680200,
2014-12-31,yearly,8279559000,-6362837000,1916722000,,-738021000,,-71650000,-953326000,963395970,,963395970,,327470020,-21861000,24242000,305609000,-889000,,,,304720000,280478020,-195095010,0,55063000,-3623000,-635926000,492476000,-1128402000,-291739000,269878020,,0.0,,0.0,,,,,,,,,,,,,963395970,963395970,635841340,
2013-12-31,yearly,2857772000,-1992707000,865065000,,-293275000,,-37691000,-414616000,450449000,,450449000,,248406000,-45659000,1386000,202747010,0,,,,202747010,201360990,-112038000,0,28282000,106000,-202043010,171764000,-373807000,0,0,,0.0,,0.0,,,,,,,,,,,,,450449000,450449000,297296350,
2012-12-31,yearly,2919079000,-2009720100,909359000,,-286985000,,-50148000,-408112000,501247000,,501247000,,422044000,-130979000,624000,291065000,0,,,,291065000,290441000,-94631000,0,23652000,0,-79203000,231931010,-311134020,-132124000,1145000,,269.4,,269.4,,,,,,,,,,,,,501247000,501247000,330823000,
2011-12-31,yearly,2426613000,-1665021000,761592000,,-227931010,,-16850000,-338107000,423485000,,423485000,,267332000,-55278000,0,212054000,0,,,,212054000,212054000,-117880000,0,24554000,0,-156152990,141340990,-297494020,-87381000,32103000,,196.7,,196.7,,,,,,,,,,,,,423485000,423485000,279500100,
2010-12-31,yearly,2154319000,-1491646000,662673000,,-219172990,,-7513000,-298739000,363934020,,363934020,,264436990,-69789000,0,194648000,0,,,,194648000,194648000,-80611000,0,8558000,0,-99497000,134344000,-233840990,-110911000,41122000,,178.5,,178.5,,,,,,,,,,,,,363934020,363934020,240196430,
