endDate,type,totalRevenue,costOfRevenue,grossProfit,researchDevelopment,sellingGeneralAdministrative,nonRecurring,otherOperatingExpenses,totalOperatingExpenses,operatingIncome,totalOtherIncomeExpenseNet,ebit,interestExpense,incomeBeforeTax,incomeTaxExpense,minorityInterest,netIncomeFromContinuingOps,discontinuedOperations,extraordinaryItems,effectOfAccountingCharges,otherItems,netIncome,netIncomeApplicableToCommonShares,salesExpenses,lossesDueToNonRecoverabilityOfAssets,otherOperatingIncome,equityIncomeResult,financialResult,financialIncome,financialExpenses,currentTaxes,deferredTaxes,incomeBeforeStatutoryParticipationsAndContributions,basicEarningsPerCommonShare,dilutedEarningsPerCommonShare,basicEarningsPerPreferredShare,profitSharingAndStatutoryContributions,dilutedEarningsPerPreferredShare,claimsAndOperationsCosts,administrativeCosts,otherOperatingIncomeAndExpenses,earningsPerShare,basicEarningsPerShare,dilutedEarningsPerShare,insuranceOperations,reinsuranceOperations,complementaryPensionOperations,capitalizationOperations,cleanEbit,cleanEbitda,cleanNopat,cleanNetIncome
2025-12-31,yearly,52073804000,-38466548000,13607256000,,-2542113000,,-2266991000,-5470344000,8136912000,,8136912000,,2455004000,-421765000,825579000,2033239000,470692000,,,,2503931000,1678352000,-1180990000,-739884030,0,1259634000,-5681908000,4776870000,-10458778000,-773987000,352222020,,1334.01,1333.43,,,,,,,,,,,,,,8136912000,8136912000,5370362000,
2024-12-31,yearly,45366673000,-32309713000,13056962000,,-2174553000,,-622080000,-4420499000,8636463000,,8636463000,,3895665000,-127860000,956130000,3767805000,0,,,,3767805000,2811675000,-1258105000,-630522000,0,264760990,-4740798000,4401355000,-9142153000,-208332990,80473000,,0.0,0.0,,,,,,,,,,,,,,8636463000,8636463000,5700066000,
2023-12-31,yearly,40985076000,-28842545000,12142532000,,-2278845000,,-591407000,-4495123000,7647409000,,7647409000,,3034789000,-158504990,800691000,2876284000,0,,,,2876284000,2075593000,-982349000,-642522000,0,0,-4612620000,3395525000,-8008145000,-248356990,89852000,,0.0,0.0,,,,,,,,,,,,,,7647409000,7647409000,5047290000,
2022-12-31,yearly,27132506000,-18565736000,8566771000,,-1598146000,,-637339000,-3289558000,5277213000,,5277213000,,2692737000,-770734000,548065000,1922003000,0,,,,1922003000,1373938000,-789078000,-264995010,0,0,-2584476000,3498413000,-6082889000,-605659000,-165075010,,0.0,0.0,,,,,,,,,,,,,,5277213000,5277213000,3482960600,
2021-12-31,yearly,24240886000,-17345410000,6895476000,,-1199595000,,-210854000,-1907984000,4987492000,,4987492000,,4169434000,133075000,607982000,4302509000,0,,,,4302509000,3694527000,-597431000,32920000,0,66976000,-818058000,2239703000,-3057761000,-356097980,489173000,,0.0,0.0,,,,,,,,,,,,,,4987492000,4987492000,3291744800,
2020-12-31,yearly,17890068000,-11903314000,5986755000,,-940908030,,0,-1204327900,4782427000,,4782427000,,4358302000,-910649000,472564000,3447653000,0,,,,3447653000,2975089000,-94163000,-268176990,65180000,33740000,-424125000,1126722000,-1550847000,-305801980,-604847000,,0.0,0.0,,,,,,,,,,,,,,4782427000,4782427000,3156402000,
2019-12-31,yearly,18796345000,-13067195000,5729151000,,-557666000,,-410061000,-1421432100,4307719000,,4307719000,,3680059000,-964427000,300001980,2715632100,0,,,,2715632100,2415630000,-272838020,-97573000,0,-83294000,-627660030,1761378000,-2389038000,-200787010,-763640000,,0.0,0.0,,,,,,,,,,,,,,4307719000,4307719000,2843094500,
2018-12-31,yearly,11252627000,-8336908000,2915719000,,-162651010,,-166671010,-837586000,2078133000,,2078133000,,1295549000,-134488990,243124990,1161060000,0,,,,1161060000,917935000,-524529000,0,0,16265000,-782584000,901994000,-1684578000,-145836000,11347000,,0.0,0.0,,,,,,,,,,,,,,2078133000,2078133000,1371567700,
2017-12-31,yearly,9071420000,-6446385000,2625035000,,-570259970,,-111920000,-1214703000,1410332000,,1410332000,,1241116000,-36033000,207820000,1205083000,0,,,,1205083000,997263000,-583261000,0,0,50738000,-169216000,571945000,-741161000,-112061000,76028000,,5017.9,4989.5,5017.9,,4989.5,,,,,,,,,,,1410332000,1410332000,930819140,
2016-12-31,yearly,7952181000,-5803400000,2148781000,,-328599000,,-107538000,-969843970,1178937000,,1178937000,,1050012030,-176886000,160908990,873126000,0,,,,873126000,712217000,-560600000,0,0,26893000,-128925000,862887000,-991811970,-80993000,-95893000,,3584.8,3549.6,,,,,,,,,,,,,,1178937000,1178937000,778098430,
2015-12-31,yearly,7252942000,-5449010000,1803932000,,-327091000,,-267863010,-992149000,811783000,,811783000,,1121063000,-161215010,151366000,959848000,0,,,,959848000,808482000,-428616000,0,0,31421000,309280000,1272426000,-963146000,-50530000,-110685000,,4071.2,,,,,,,,,,,,,,,811783000,811783000,535776770,
2014-12-31,yearly,6773453000,-5073379000,1700074000,,-272839000,,-155778000,-777233000,922841000,,922841000,,711932030,68630000,142806000,780562000,0,,,,780562000,637756030,-266856990,-105565000,0,23806000,-210908990,902123000,-1113031900,-66430000,135060000,,3213.7,,,,,,,,,,,,,,,922841000,922841000,609075100,
2013-12-31,yearly,4715036000,-3672894000,1042142000,,-325613000,,-116582000,-753577000,288565000,,288565000,,69467000,9050000,9880000,78517000,0,,,,78517000,68637000,-248716990,-79512000,0,16847000,-219098000,473381000,-692479000,44007000,-34957000,,345.9,,,,,,,,,,,,,,,288565000,288565000,190452900,
2012-12-31,yearly,2987183000,-2122864000,864319000,,-176976000,,-53796000,-436875000,427444000,,427444000,,328953980,-113884000,74075000,215070000,0,,,,215070000,140995010,-146980000,-59123000,0,0,-98490000,260564990,-359055000,-45630000,-68254000,,710.5,,,,,,,,,,,,,,,427444000,427444000,282113020,
2011-12-31,yearly,1980528000,-1276724000,703804030,,-100468000,,-107526000,-346373000,357431000,,357431000,,304003000,-57834000,86173000,246168990,0,,,,246168990,159996000,-110472000,-27907000,0,0,-53428000,111037000,-164464990,-26979000,-30855000,,1465.7,,,,,,,,,,,,,,,357431000,357431000,235904460,
2010-12-31,yearly,1798884000,-1105927000,692957000,,-98847000,,-73038000,-284641980,408315000,,408315000,,344302020,-58204000,97227000,286097980,0,,,,286097980,188871010,-84929000,-35906000,0,8078000,-64013000,99767000,-163780000,-39359000,-18845000,,,,,,,,,,,,,,,,,408315000,408315000,269487900,
