endDate,type,totalRevenue,costOfRevenue,grossProfit,researchDevelopment,sellingGeneralAdministrative,nonRecurring,otherOperatingExpenses,totalOperatingExpenses,operatingIncome,totalOtherIncomeExpenseNet,ebit,interestExpense,incomeBeforeTax,incomeTaxExpense,minorityInterest,netIncomeFromContinuingOps,discontinuedOperations,extraordinaryItems,effectOfAccountingCharges,otherItems,netIncome,netIncomeApplicableToCommonShares,salesExpenses,lossesDueToNonRecoverabilityOfAssets,otherOperatingIncome,equityIncomeResult,financialResult,financialIncome,financialExpenses,currentTaxes,deferredTaxes,incomeBeforeStatutoryParticipationsAndContributions,basicEarningsPerCommonShare,dilutedEarningsPerCommonShare,basicEarningsPerPreferredShare,profitSharingAndStatutoryContributions,dilutedEarningsPerPreferredShare,claimsAndOperationsCosts,administrativeCosts,otherOperatingIncomeAndExpenses,earningsPerShare,basicEarningsPerShare,dilutedEarningsPerShare,insuranceOperations,reinsuranceOperations,complementaryPensionOperations,capitalizationOperations,cleanEbit,cleanEbitda,cleanNopat,cleanNetIncome
2025-12-31,yearly,1498822000,-873665000,625157000,,-152524990,,-8868000,-183300000,441857000,,441857000,,601586000,-53991000,12583000,547595000,0,,,,547595000,535012000,-127383000,0,39857000,65619000,159728990,245764990,-86036000,-38826000,-15165000,,2410,2410.0,,,,,,,,,,,,,,441857000,441857000,291625630,
2024-12-31,yearly,1560541000,-1027729000,532812000,,-144542000,,-9038000,-198420990,334391000,,334391000,,466419000,-37701000,24113000,428718020,0,,,,428718020,404605000,-120117000,0,-4134000,79410000,132028000,176919010,-44891000,-26505000,-11196000,,1850,1850.0,,,,,,,,,,,,,,334391000,334391000,220698060,
2023-12-31,yearly,1083172000,-739473000,343699000,,-138562000,,-7540000,-154619010,189080000,,189080000,,273948000,-27852000,6629000,246096000,0,,,,246096000,239467010,-113873000,0,2719000,102637000,84868000,135503010,-50635000,-25542000,-2310000,,1080,1080.0,,,,,,,,,,,,,,189080000,189080000,124792800,
2022-12-31,yearly,1121260000,-737031000,384229000,,-134051000,,-9944000,-144483010,239746000,,239746000,,377897000,-35790000,17400000,342107000,0,,,,342107000,324707000,-97068000,0,9560000,87020000,138151010,175158000,-37007000,-35511000,-279000,,1480,1480.0,,,,,,,,,,,,,,239746000,239746000,158232350,
2021-12-31,yearly,957866000,-516063000,441803000,,-112993000,,-6868000,-132068000,309735000,,309735000,,478224000,-26087000,22009000,452137000,0,,,,452137000,430128000,-86179000,0,-2549000,76521000,168488990,187580990,-19092000,-29093000,3006000,,1890,1890.0,,,,,,,,,,,,,,309735000,309735000,204425100,
2020-12-31,yearly,936627970,-533513000,403115000,,-104675000,,-8174000,-136982000,266132990,,266132990,,434180000,-19153000,9815000,415027000,0,,,,415027000,405212000,-74449000,0,10463000,39853000,168047010,186396000,-18349000,-20289000,1136000,,1790,1790.0,,,,,,,,,,,,,,266132990,266132990,175647780,
2019-12-31,yearly,804390000,-476161000,328229000,,-95704000,,-5955000,-108122000,220107010,,220107010,,313183000,-22722000,9378000,290461000,0,,,,290461000,281083000,-91810000,0,21872000,63475000,93076000,102809000,-9733000,-17350000,-5372000,,1430,1430.0,,,,,,,,,,,,,,220107010,220107010,145270620,
2018-12-31,yearly,390761980,-248906000,141856000,,-87592000,,-5798000,-139207010,2649000,,2649000,,112138000,-9978000,4619000,102160000,0,,,,102160000,97541000,-63183000,0,909000,16457000,109489000,128099000,-18610000,-14384000,4406000,,590,590.0,,,,,,,,,,,,,,2649000,2649000,1748340,
2017-12-31,yearly,980323000,-545679000,434644000,,-86807000,,-5312000,-117932000,316712000,,316712000,,384199000,-22734000,2637000,361465000,0,,,,361465000,358828000,-72292000,0,22298000,24181000,67487000,91267000,-23780000,-27684000,4950000,,2170,2170.0,,,,,,,,,,,,,,316712000,316712000,209029920,
2016-12-31,yearly,572227000,-302124000,270103000,,-86507000,,-4655000,-102316000,167787010,,167787010,,248447010,-16165000,2069000,232282000,0,,,,232282000,230212990,-54978000,0,4418000,39406000,80660000,98220000,-17560000,-17322000,1157000,,1430,0.0,,,,,,,,,,,,,,167787010,167787010,110739416,
2015-12-31,yearly,814363000,-397404000,416959000,,-96450000,,-3831000,-25648000,391311000,,391311000,,473279000,-28809000,459000,444470020,0,,,,444470020,444011000,-45929000,0,5317000,115245000,81968000,90681000,-8713000,-31837000,3028000,,2890,2890.0,,,,,,,,,,,,,,391311000,391311000,258265260,
2014-12-31,yearly,951472000,-451325000,500147000,,-103911000,,-3040000,-63770000,436377000,,436377000,,497078020,-23123000,-369000,473955000,0,,,,473955000,474324000,-58118000,0,-2351000,103650000,60701000,64528000,-3827000,-21562000,-1561000,,3230,3230.0,,,,,,,,,,,,,,436377000,436377000,288008830,
2013-12-31,yearly,1138962000,-542773000,596189000,,-83789000,,-4912000,-27685000,568504000,,568504000,,615040000,-26286000,2767000,588754000,0,,,,588754000,585987000,-48968000,0,5530000,104454000,46536000,52900000,-6364000,-20040000,-6246000,,3990,,,,,,,,,,,,,,,568504000,568504000,375212640,
2012-12-31,yearly,799451000,-384979000,414472000,,-61799000,,3200000,-104473000,309999000,,309999000,,353851000,-15631000,2054000,338220000,0,,,,338220000,336166020,-45874000,0,0,0,43852000,50980000,-7128000,-18542000,2911000,,2290,,,,,,,,,,,,,,,309999000,309999000,204599340,
2011-12-31,yearly,744185000,-368548000,375637000,,-52051000,,-2256000,-87135000,288502020,,288502020,,353091000,-22350000,1774000,330741000,0,,,,330741000,328967000,-32828000,0,0,0,64589000,71875000,-7286000,-20584000,-1766000,,2250,,,,,,,,,,,,,,,288502020,288502020,190411310,
2010-12-31,yearly,636397000,-338729000,297668000,,-43250000,,-2524000,-70491000,227176990,,227176990,,268104990,-22643000,1728000,245462000,0,,,,245462000,243734000,-28050000,0,3333000,0,40928000,44125000,-3197000,-18085000,-4558000,,1700,,,,,,,,,,,,,,,227176990,227176990,149936820,
