endDate,type,totalRevenue,costOfRevenue,grossProfit,researchDevelopment,sellingGeneralAdministrative,nonRecurring,otherOperatingExpenses,totalOperatingExpenses,operatingIncome,totalOtherIncomeExpenseNet,ebit,interestExpense,incomeBeforeTax,incomeTaxExpense,minorityInterest,netIncomeFromContinuingOps,discontinuedOperations,extraordinaryItems,effectOfAccountingCharges,otherItems,netIncome,netIncomeApplicableToCommonShares,salesExpenses,lossesDueToNonRecoverabilityOfAssets,otherOperatingIncome,equityIncomeResult,financialResult,financialIncome,financialExpenses,currentTaxes,deferredTaxes,incomeBeforeStatutoryParticipationsAndContributions,basicEarningsPerCommonShare,dilutedEarningsPerCommonShare,basicEarningsPerPreferredShare,profitSharingAndStatutoryContributions,dilutedEarningsPerPreferredShare,claimsAndOperationsCosts,administrativeCosts,otherOperatingIncomeAndExpenses,earningsPerShare,basicEarningsPerShare,dilutedEarningsPerShare,insuranceOperations,reinsuranceOperations,complementaryPensionOperations,capitalizationOperations,cleanEbit,cleanEbitda,cleanNopat,cleanNetIncome
2025-12-31,yearly,8291182000,-6085145000,2206037000,,-793074000,,0,-984889000,1221148000,,1221148000,,753207000,-156536000,-16160000,596671000,0,,,,596671000,612831000,-167011010,0,-11245000,-13559000,-467941000,335437000,-803378000,-161848000,5312000,,0.0,0.0,,,,,,,,,,,,,,1221148000,1221148000,805957700,
2024-12-31,yearly,7684659000,-5541534000,2143125000,,-757899000,,0,-945405000,1197720100,,1197720100,,786411000,-182756990,-12518000,603654000,0,,,,603654000,616172030,-170402000,0,-12857000,-4247000,-411309000,205486000,-616795000,-176771010,-5986000,,0.0,0.0,,,,,,,,,,,,,,1197720100,1197720100,790495170,
2023-12-31,yearly,6470850000,-4730916000,1739934000,,-699795970,,0,-823999000,915935000,,915935000,,531328000,-110505000,-2935000,420823000,0,,,,420823000,423758020,-127338000,0,2977000,158000,-384607000,220310000,-604917000,-75117000,-35388000,,0.0,0.0,,,,,,,,,,,,,,915935000,915935000,604517100,
2022-12-31,yearly,4463040000,-3252930000,1210110000,,-498315000,,0,-475139000,734971000,,734971000,,405393000,-96662000,823000,308731000,0,,,,308731000,307908000,0,0,22573000,603000,-329577980,113461000,-443039000,-125923000,29261000,,954.3484,953.89764,,,,,,,,,,,,,,734971000,734971000,485080860,
2021-12-31,yearly,3872651000,-2745758000,1126893000,,-480999000,,-969000,-459632000,667261000,,667261000,,496108000,-144616990,1565000,351491000,0,,,,351491000,349926020,0,0,21786000,550000,-171152990,48878000,-220031010,-197092990,52476000,,1104.44,1101.23,,,,,,,,,,,,,,667261000,667261000,440392260,
2020-12-31,yearly,2971616000,-2161887000,809729000,,-320958020,,-9776000,-331060000,478669000,,478669000,,340733000,-83772000,0,256960990,0,,,,256960990,256960990,0,0,0,-326000,-137936000,37107000,-175043010,-89742000,5970000,,810.0,800.0,,,,,,,,,,,,,,478669000,478669000,315921540,
2019-12-31,yearly,2905107000,-2016715000,888392000,,-320387000,,-7493000,-328213000,560179000,,560179000,,426201000,-113884000,0,312317000,0,,,,312317000,312317000,0,0,0,-333000,-133978000,33813000,-167791010,-109120000,-4764000,,990.0,980.0,,,,,,,,,,,,,,560179000,560179000,369718140,
2018-12-31,yearly,2664463000,-1855962000,808501000,,-295571000,,-10583000,-305254020,503247000,,503247000,,451140000,-119555000,0,331585000,0,,,,331585000,331585000,0,0,0,900000,-52107000,50273000,-102380000,-91281000,-28274000,,1050.0,1030.0,,,,,,,,,,,,,,503247000,503247000,332143000,
2017-12-31,yearly,2383012000,-1646936100,736076030,,-256535010,,-3602000,-259204000,476872000,,476872000,,427765000,-107147000,0,320617980,0,,,,320617980,320617980,0,0,0,933000,-49107000,49159000,-98266000,-35116000,-72031000,,1020.0,990.0,,,,,,,,,,,,,,476872000,476872000,314735520,
2016-12-31,yearly,2096113000,-1495062000,601051000,,-243316990,,-19998000,-262196000,338855000,,338855000,,294376000,-65627000,0,228748990,0,,,,228748990,228748990,0,0,0,1119000,-44479000,108368000,-152847010,-16346000,-49281000,,1460.0,1430.0,,,,,,,,,,,,,,338855000,338855000,223644300,
2015-12-31,yearly,1894960000,-1392074000,502886020,,-222211010,,-45153000,-267247010,235639010,,235639010,,172480000,-65137000,0,107343000,0,,,,107343000,107343000,0,0,0,117000,-63159000,84683000,-147842000,-15855000,-49282000,,690.0,680.0,,,,,,,,,,,,,,235639010,235639010,155521740,
2014-12-31,yearly,1678900000,-1278921000,399979000,,-209440000,,7032000,-205844000,194135010,,194135010,,143598000,-57796000,0,85802000,0,,,,85802000,85802000,0,0,-3452000,16000,-50537000,66636000,-117173000,0,-57796000,,550.0,550.0,,,,,,,,,,,,,,194135010,194135010,128129096,
2013-12-31,yearly,1656896000,-1284920100,371976000,,-216026000,,15240000,-202470000,169506000,,169506000,,111177000,-50034000,0,61143000,0,,,,61143000,61143000,0,0,-2038000,354000,-58329000,57143000,-115472000,0,-50034000,,390.0,390.0,,,,,,,,,,,,,,169506000,169506000,111873960,
2012-12-31,yearly,1501783000,-1098530000,403253000,,-190496990,,-1485000,-188742000,214511010,,214511010,,155892000,-49304000,0,106588000,0,,,,106588000,106588000,0,0,3240000,0,-58619000,47363000,-105982000,-1045000,-48259000,,680.0,0.0,,,,,,,,,,,,,,214511010,214511010,141577260,
2011-12-31,yearly,1125741000,-733238000,392503000,,-225914000,,-25544000,-251458000,141044990,,141044990,,133335000,-32688000,0,100647000,0,,,,100647000,100647000,0,0,0,0,-7710000,65639000,-73349000,-25666000,-7022000,,740.0,740.0,,,,,,,,,,,,,,141044990,141044990,93089696,
2010-12-31,yearly,871541000,-507387000,364153980,,-196234000,,-1557000,-195548990,168604990,,168604990,,195310000,-65309000,0,130001000,0,,,,130001000,130001000,0,0,2242000,0,26705000,56216000,-29511000,-26113000,-39196000,,990.0,990.0,,,,,,,,,,,,,,168604990,168604990,111279296,
