endDate,type,totalRevenue,costOfRevenue,grossProfit,researchDevelopment,sellingGeneralAdministrative,nonRecurring,otherOperatingExpenses,totalOperatingExpenses,operatingIncome,totalOtherIncomeExpenseNet,ebit,interestExpense,incomeBeforeTax,incomeTaxExpense,minorityInterest,netIncomeFromContinuingOps,discontinuedOperations,extraordinaryItems,effectOfAccountingCharges,otherItems,netIncome,netIncomeApplicableToCommonShares,salesExpenses,lossesDueToNonRecoverabilityOfAssets,otherOperatingIncome,equityIncomeResult,financialResult,financialIncome,financialExpenses,currentTaxes,deferredTaxes,incomeBeforeStatutoryParticipationsAndContributions,basicEarningsPerCommonShare,dilutedEarningsPerCommonShare,basicEarningsPerPreferredShare,profitSharingAndStatutoryContributions,dilutedEarningsPerPreferredShare,claimsAndOperationsCosts,administrativeCosts,otherOperatingIncomeAndExpenses,earningsPerShare,basicEarningsPerShare,dilutedEarningsPerShare,insuranceOperations,reinsuranceOperations,complementaryPensionOperations,capitalizationOperations,cleanEbit,cleanEbitda,cleanNopat,cleanNetIncome
2025-12-31,yearly,69858530000,-61891040000,7967493000,,-1338443000,,-403225000,-4228425000,3739068000,,3739068000,,2524447000,-1106009000,31418000,1418438000,0,,,,1418438000,1387020000,-782351000,-1964504100,164476000,95622000,-1214621000,904377000,-2118998000,-1119427000,13418000,,690.0,690.0,690.0,,690.0,,,,,,,,,,,3739068000,3739068000,2467785000,
2024-12-31,yearly,67026657000,-57823416000,9203240000,,-1404059000,,-221544990,-1716038000,7487202000,,7487202000,,5463715000,-864653000,32745000,4599062000,0,,,,4599062000,4566317000,-762560000,-199627010,407286020,464467000,-2023487000,726154000,-2749641000,-1159640100,294987000,,2180.0,2180.0,2180.0,,2180.0,,,,,,,,,,,7487202000,7487202000,4941553000,
2023-12-31,yearly,68916445000,-57583993000,11332455000,,-1491441000,,-533204000,-879728000,10452727000,,10452727000,,9346605000,-1809622000,35418000,7536983000,0,,,,7536983000,7501565000,-716195000,0,1033506000,827606000,-1106122000,1156021000,-2262143000,-1810459000,837000,,4290.0,4260.0,4290.0,,4260.0,,,,,,,,,,,10452727000,10452727000,6898799600,
2022-12-31,yearly,82412210000,-63661154000,18751054000,,-1454592000,,-210123010,-999601000,17751454000,,17751454000,,15859027000,-4379475000,54040000,11479552000,0,,,,11479552000,11425512000,-733026000,0,246312990,1151827000,-1892426000,645441000,-2537867000,-3709414000,-670061000,,6760.0,6720.0,6760.0,,6720.0,,,,,,,,,,,17751454000,17751454000,11715959000,
2021-12-31,yearly,78345085000,-57527720000,20817360000,,-1390121000,,-622942000,205662000,21023021000,,21023021000,,20272568000,-4713630000,64827000,15558938000,0,,,,15558938000,15494111000,-715830000,0,2371397000,563158000,-750454000,1055693000,-1806147000,-4306223000,-407407000,,9090.0,9040.0,9090.0,,9040.0,,,,,,,,,,,21023021000,21023021000,13875195000,
2020-12-31,yearly,43814662000,-37884100000,5930559000,,-1017435000,,-710117000,-736174000,5194385000,,5194385000,,3495678000,-1107623900,22291000,2388054000,0,,,,2388054000,2365763000,-512950020,-411925000,1763684000,152568990,-1698707000,194092000,-1892799000,-908051000,-199572990,,1390.0,1380.0,1390.0,,1380.0,,,,,,,,,,,5194385000,5194385000,3428294100,
2019-12-31,yearly,39644010000,-35440726000,4203284000,,-954117000,,-208691010,-1019350000,3183934000,,3183934000,,1674720000,-457833000,13151000,1216887000,0,,,,1216887000,1203736100,-476339000,0,636847000,-17050000,-1509214000,223212990,-1732427000,-240400000,-217432990,,710.0,700.0,710.0,,700.0,,,,,,,,,,,3183934000,3183934000,2101396500,
2018-12-31,yearly,46159480000,-40010100000,6149378000,,-1082449000,,-684920000,-2102151900,4047226000,,4047226000,,2157431000,168951010,22514000,2326382000,0,,,,2326382000,2303868000,-580345000,0,235420990,10141000,-1889795000,236092000,-2125887000,-629209000,798160000,,1350.0,1340.0,1350.0,,1340.0,,,,,,,,,,,4047226000,4047226000,2671169300,
2017-12-31,yearly,36917620000,-33312995000,3604623900,,-1129943000,,-890569000,-2504552000,1100071900,,1100071900,,-43276000,-295391000,20693000,-338667000,0,,,,-338667000,-359360000,-524965000,-1114807000,1190329000,-34597000,-1143348000,596434000,-1739782000,-313758020,18367000,,-210.0,-210.0,-210.0,,-210.0,,,,,,,,,,,1100071900,1100071900,726047500,
2016-12-31,yearly,37651670000,-34187942000,3463726000,,-1528262000,,-172452990,-5100086000,-1636359900,,-1636359900,,-2581615000,-304313980,4882000,-2885929000,0,,,,-2885929000,-2890811000,-710766000,-2917911000,242076990,-12771000,-945255000,1103680000,-2048935000,-110511000,-193803010,,-1700.0,-1700.0,-1700.0,,-1700.0,,,,,,,,,,,-1636359900,-1636359900,-1079997600,
2015-12-31,yearly,43581240000,-39290528000,4290715000,,-1797483000,,-116431000,-7506227000,-3215512000,,-3215512000,,-6094408000,1498422000,-44548000,-4595986000,0,,,,-4595986000,-4551438000,-785002000,-4996240000,213431010,-24502000,-2878896100,465487000,-3344383000,-158450000,1656871900,,-2690.0,-2690.0,-2690.0,,-2690.0,,,,,,,,,,,-3215512000,-3215512000,-2122238000,
2014-12-31,yearly,42546340000,-37406327000,5140011000,,-2036926000,,-150542000,-2241025000,2898986000,,2898986000,,1337984000,150388990,85500000,1488373000,0,,,,1488373000,1402873000,-691021000,-339374020,874963000,101875000,-1561002000,312740000,-1873742000,-571926000,722315000,,820.0,820.0,820.0,,820.0,,,,,,,,,,,2898986000,2898986000,1913330800,
2013-12-31,yearly,39863038000,-34728460000,5134577000,,-1953014000,,-140535010,-2380154000,2754423000,,2754423000,,1452646000,241056000,109971000,1693702000,0,,,,1693702000,1583731000,-658862000,0,318256000,54001000,-1301777000,295764000,-1597541000,-318422020,559478000,,930.0,930.0,930.0,,930.0,,,,,,,,,,,2754423000,2754423000,1817919200,
2012-12-31,yearly,37981667000,-33234102000,4747566000,,-1884306000,,-180452990,-2399361000,2348205000,,2348205000,,1559462000,-63222000,70607000,1496240000,0,,,,1496240000,1425633000,-587369000,0,244414000,8353000,-788743000,316611000,-1105354000,-316271000,253048990,,840.0,840.0,840.0,,840.0,,,,,,,,,,,2348205000,2348205000,1549815300,
2011-12-31,yearly,35406780000,-30298233000,5108548000,,-1797937000,,-85533000,-2229540000,2879008000,,2879008000,,2350671900,-253096000,91849000,2097575900,0,,,,2097575900,2005727000,-603747000,0,195015010,62662000,-528336000,442121000,-970457000,-519843000,266747010,,1221.04,1221.04,1221.04,,1221.04,,,,,,,,,,,2879008000,2879008000,1900145300,
2010-12-31,yearly,31393208000,-25873476000,5519733000,,-1805914000,,-100840000,-1875181000,3644552000,,3644552000,,2959238000,-501859000,314891000,2457379000,0,,,,2457379000,2142488100,-551547000,336345980,207320000,39454000,-685314000,412319000,-1097633000,-642306000,140447010,,1503.16,1503.16,1503.16,,1503.16,,,,,,,,,,,3644552000,3644552000,2405404400,
