endDate,type,totalRevenue,costOfRevenue,grossProfit,researchDevelopment,sellingGeneralAdministrative,nonRecurring,otherOperatingExpenses,totalOperatingExpenses,operatingIncome,totalOtherIncomeExpenseNet,ebit,interestExpense,incomeBeforeTax,incomeTaxExpense,minorityInterest,netIncomeFromContinuingOps,discontinuedOperations,extraordinaryItems,effectOfAccountingCharges,otherItems,netIncome,netIncomeApplicableToCommonShares,salesExpenses,lossesDueToNonRecoverabilityOfAssets,otherOperatingIncome,equityIncomeResult,financialResult,financialIncome,financialExpenses,currentTaxes,deferredTaxes,incomeBeforeStatutoryParticipationsAndContributions,basicEarningsPerCommonShare,dilutedEarningsPerCommonShare,basicEarningsPerPreferredShare,profitSharingAndStatutoryContributions,dilutedEarningsPerPreferredShare,claimsAndOperationsCosts,administrativeCosts,otherOperatingIncomeAndExpenses,earningsPerShare,basicEarningsPerShare,dilutedEarningsPerShare,insuranceOperations,reinsuranceOperations,complementaryPensionOperations,capitalizationOperations,cleanEbit,cleanEbitda,cleanNopat,cleanNetIncome
2025-12-31,yearly,69858530000,-61891040000,7967493000,,-1351056000,,-2367905000,-4239615000,3727878000,,3727878000,,2519769000,-1106045000,937232000,1413724000,0,,,,1413724000,476492000,-782351000,0,166075010,95622000,-1208109000,911641000,-2119750000,-1119463000,13418000,,360.0,360.0,360.0,,360.0,,,,,,,,,,,3727878000,3727878000,2460399400,
2024-12-31,yearly,67026657000,-57823416000,9203240000,,-1417394000,,-1230395000,-1728918000,7474322000,,7474322000,,5478399000,-867887000,3065692000,4610512000,0,,,,4610512000,1544820000,-762560000,0,1216964000,464467000,-1995923000,756474000,-2752397000,-1162874000,294987000,,1500.0,1500.0,1500.0,,1500.0,,,,,,,,,,,7474322000,7474322000,4933052400,
2023-12-31,yearly,68916445000,-57583993000,11332455000,,-1507047900,,-560867970,-922633000,10409822000,,10409822000,,9421650000,-1836556000,5024748000,7585094000,0,,,,7585094000,2560346000,-716195000,0,1033872000,827606000,-988172030,1279680000,-2267852000,-1837393000,837000,,2480.0,2480.0,2480.0,,2480.0,,,,,,,,,,,10409822000,10409822000,6870482400,
2022-12-31,yearly,82412210000,-63661154000,18751054000,,-1467352100,,-261331010,-1061898000,17689156000,,17689156000,,15871386000,-4409102000,7717660000,11462284000,0,,,,11462284000,3744624100,-733026000,0,247984000,1151827000,-1817770000,724891000,-2542661000,-3739042000,-670060030,,3520.0,3520.0,3520.0,,3520.0,,,,,,,,,,,17689156000,17689156000,11674843000,
2021-12-31,yearly,78345085000,-57527720000,20817360000,,-1405079000,,-659584000,167208990,20984570000,,20984570000,,20291256000,-4737158000,10490768000,15554098000,0,,,,15554098000,5063330000,-715830000,0,2384544000,563158000,-693313000,1117261000,-1810574000,-4329751000,-407407000,,4680.0,4680.0,4680.0,,4680.0,,,,,,,,,,,20984570000,20984570000,13849815000,
2020-12-31,yearly,43814662000,-37884100000,5930559000,,-1029470000,,-1132509000,-744249000,5186310000,,5186310000,,3491214000,-1107623900,1510639000,2383590000,0,,,,2383590000,872951000,-512950020,0,1778111000,152568990,-1695096100,198027010,-1893123000,-908051000,-199572990,,810.0,810.0,810.0,,810.0,,,,,,,,,,,5186310000,5186310000,3422964500,
2019-12-31,yearly,39644010000,-35440726000,4203284000,,-961014000,,-211415010,-1028583000,3174701000,,3174701000,,1654558000,-457833000,771641000,1196725000,0,,,,1196725000,425084000,-476339000,0,637235000,-17050000,-1520143000,226679010,-1746822000,-240400000,-217432990,,410.0,410.0,410.0,,410.0,,,,,,,,,,,3174701000,3174701000,2095302700,
2018-12-31,yearly,46159480000,-40010100000,6149378000,,-1090915000,,-700750000,-2126672000,4022706000,,4022706000,,2089401000,151288990,1441680000,2240690000,0,,,,2240690000,799010000,-580345000,0,235196990,10141000,-1933305000,243524990,-2176830000,-646871000,798160000,,820.0,750.0,820.0,,750.0,,,,,,,,,,,4022706000,4022706000,2654986000,
2017-12-31,yearly,36917620000,-33312995000,3604623900,,-1136490000,,-2008313000,-2512904000,1091719900,,1091719900,,-109805000,-294807000,-201326000,-404612000,0,,,,-404612000,-203286000,-524965000,0,1191461000,-34597000,-1201525000,623399000,-1824924000,-313758020,18951000,,-210.0,-210.0,-210.0,,-210.0,,,,,,,,,,,1091719900,1091719900,720535170,
2016-12-31,yearly,37651670000,-34187942000,3463726000,,-1533213000,,-3095925000,-5108498000,-1644772000,,-1644772000,,-2852215000,-313033980,-1787382000,-3165249000,0,,,,-3165249000,-1377867000,-710766000,0,244176990,-12771000,-1207443000,1131458000,-2338901000,-117152000,-195882000,,-1510.0,-1510.0,-1510.0,,-1510.0,,,,,,,,,,,-1644772000,-1644772000,-1085549600,
2015-12-31,yearly,43581240000,-39290528000,4290715000,,-1802875000,,-5227630000,-7627121000,-3336406000,,-3336406000,,-6500517000,1471544100,-2699919000,-5028973000,0,,,,-5028973000,-2329054000,-785002000,0,212888000,-24502000,-3164111000,497464000,-3661575000,-183224990,1654769000,,-4820.0,-4820.0,-4820.0,,-4820.0,,,,,,,,,,,-3336406000,-3336406000,-2202028000,
2014-12-31,yearly,42546340000,-37406327000,5140011000,,-2043081000,,118841000,-2270026000,2869985000,,2869985000,,1109673000,-4381000,903147000,1105292000,0,,,,1105292000,202144990,-691021000,0,243360000,101875000,-1760312100,311585980,-2071898000,-586050000,581669000,,500.0,500.0,500.0,,500.0,,,,,,,,,,,2869985000,2869985000,1894190100,
2013-12-31,yearly,39863038000,-34728460000,5134577000,,-1958924000,,-180816000,-2417066000,2717511000,,2717511000,,1246690000,273790020,1015356030,1520480000,0,,,,1520480000,505124000,-658862000,0,327535000,54001000,-1470821000,297484000,-1768305000,-331688000,605478000,,1240.0,1240.0,1240.0,,1240.0,,,,,,,,,,,2717511000,2717511000,1793557200,
2012-12-31,yearly,37981667000,-33234102000,4747566000,,-1890525000,,-206066000,-2427111000,2320455000,,2320455000,,1350754000,-18077000,875946000,1332677000,0,,,,1332677000,456731000,-587369000,0,248496000,8353000,-969701000,316552000,-1286253000,-327087000,309009980,,1120.0,1120.0,1120.0,,1120.0,,,,,,,,,,,2320455000,2320455000,1531500300,
2011-12-31,yearly,35406780000,-30298230000,5108549000,,-1819196000,,-89284000,-2240078000,2868471000,,2868471000,,2180073000,-200424000,1219127000,1979649000,0,,,,1979649000,760522000,-603747000,0,209487010,62662000,-688398000,443358020,-1131756000,-526393980,325969980,,1871.25,1871.25,1871.25,,1871.25,,,,,,,,,,,2868471000,2868471000,1893190900,
2010-12-31,yearly,31393208000,-25873476000,5519733000,,-1833931000,,-101300000,-1914608000,3605125000,,3605125000,,2766924000,-477756000,1393484000,2289167900,0,,,,2289167900,895683970,-551547000,336345980,196370000,39454000,-838201000,415035000,-1253236000,-643673000,165916990,,2203.82,2203.82,2203.82,,2203.82,,,,,,,,,,,3605125000,3605125000,2379382500,
