endDate,type,totalRevenue,costOfRevenue,grossProfit,researchDevelopment,sellingGeneralAdministrative,nonRecurring,otherOperatingExpenses,totalOperatingExpenses,operatingIncome,totalOtherIncomeExpenseNet,ebit,interestExpense,incomeBeforeTax,incomeTaxExpense,minorityInterest,netIncomeFromContinuingOps,discontinuedOperations,extraordinaryItems,effectOfAccountingCharges,otherItems,netIncome,netIncomeApplicableToCommonShares,salesExpenses,lossesDueToNonRecoverabilityOfAssets,otherOperatingIncome,equityIncomeResult,financialResult,financialIncome,financialExpenses,currentTaxes,deferredTaxes,incomeBeforeStatutoryParticipationsAndContributions,basicEarningsPerCommonShare,dilutedEarningsPerCommonShare,basicEarningsPerPreferredShare,profitSharingAndStatutoryContributions,dilutedEarningsPerPreferredShare,claimsAndOperationsCosts,administrativeCosts,otherOperatingIncomeAndExpenses,earningsPerShare,basicEarningsPerShare,dilutedEarningsPerShare,insuranceOperations,reinsuranceOperations,complementaryPensionOperations,capitalizationOperations,cleanEbit,cleanEbitda,cleanNopat,cleanNetIncome
2025-12-31,yearly,31577240000,-27853701000,3723539000,,-1914529000,,0,-2266913000,1456626000,,1456626000,,-233843010,91672000,-422000,-142171010,2000,,,,-142168990,-141747010,-574506000,0,222122000,0,-1690469000,1729740000,-3420209000,8678000,82994000,,-280,-280,,,,,,,,,,,,,,1456626000,1456626000,961373200,
2024-12-31,yearly,28914698000,-25613945000,3300753000,,-2263655000,,0,-2559762000,740991000,,740991000,,-467277000,-188064000,-74000,-655341000,5965000,,,,-649376000,-649301000,-332262020,0,36155000,0,-1208268000,1146695900,-2354964000,-119255000,-68809000,,-100,-100,,,,,,,,,,,,,,740991000,740991000,489054050,
2023-12-31,yearly,27769790000,-24729913000,3039876000,,-1670533000,,0,-1868219000,1171657000,,1171657000,,-701237000,-56817000,522000,-758054000,645000,,,,-757409000,-757931000,-284629000,0,86943000,0,-1872894000,1029747000,-2902641000,-190712990,133896000,,-100,-100,,,,,,,,,,,,,,1171657000,1171657000,773293630,
2022-12-31,yearly,23748803000,-18093707000,5655096000,,-4542423000,,0,-5810963000,-155867010,,-155867010,,-1447809000,671970000,0,-775839000,0,,,,-775839000,0,-1820449000,0,551909000,0,-1291942000,927537000,-2219479000,-22581000,694551000,,0,0,,,,,,,,,,,,,,-155867010,-155867010,-102872216,
2021-12-31,yearly,9883385000,-6817459000,3065926000,,-1828253000,,0,-2522656000,543270000,,543270000,,492876000,7460000,2541000,500336000,0,,,,500336000,497795000,-725507970,0,31104000,0,-50394000,307611000,-358005000,-323308000,330768000,,130,130,,,,,,,,,,,,,,543270000,543270000,358558200,
2020-12-31,yearly,8554961000,-5208978000,3345983000,,-1413519000,,0,-2078846000,1267137000,,1267137000,,1132658000,-347359000,1835000,785299000,0,,,,785299000,783464000,-670720000,0,5393000,0,-134479010,152223010,-286702020,-597283000,249924000,,210,210,,,,,,,,,,,,,,1267137000,1267137000,836310400,
2019-12-31,yearly,5634383000,-3400425000,2233958000,,-676080000,,0,-1200482000,1033475970,,1033475970,,1129471000,-277625000,2021000,851846000,0,,,,851846000,849825000,-519727000,0,-4675000,0,95995000,310580000,-214584990,-362817980,85193000,,1210,1210,,,,,,,,,,,,,,1033475970,1033475970,682094140,
2018-12-31,yearly,4575898000,-2754662000,1821236000,,-507177980,,0,-950721000,870515000,,870515000,,1042335000,-254000990,864000,788334000,0,,,,788334000,787470000,-443414020,0,-129000,0,171820000,213088990,-41269000,-315089000,61088000,,1240,1240,,,,,,,,,,,,,,870515000,870515000,574539900,
2017-12-31,yearly,3847981000,-2238700000,1609281000,,-449848000,,0,-825829000,783452030,,783452030,,894995970,-244398000,1830000,650598000,0,,,,650598000,648768000,-378175000,0,2194000,0,111544000,139311010,-27767000,-242067010,-2331000,,1160,1160,,,,,,,,,,,,,,783452030,783452030,517078300,
