endDate,type,totalRevenue,costOfRevenue,grossProfit,researchDevelopment,sellingGeneralAdministrative,nonRecurring,otherOperatingExpenses,totalOperatingExpenses,operatingIncome,totalOtherIncomeExpenseNet,ebit,interestExpense,incomeBeforeTax,incomeTaxExpense,minorityInterest,netIncomeFromContinuingOps,discontinuedOperations,extraordinaryItems,effectOfAccountingCharges,otherItems,netIncome,netIncomeApplicableToCommonShares,salesExpenses,lossesDueToNonRecoverabilityOfAssets,otherOperatingIncome,equityIncomeResult,financialResult,financialIncome,financialExpenses,currentTaxes,deferredTaxes,incomeBeforeStatutoryParticipationsAndContributions,basicEarningsPerCommonShare,dilutedEarningsPerCommonShare,basicEarningsPerPreferredShare,profitSharingAndStatutoryContributions,dilutedEarningsPerPreferredShare,claimsAndOperationsCosts,administrativeCosts,otherOperatingIncomeAndExpenses,earningsPerShare,basicEarningsPerShare,dilutedEarningsPerShare,insuranceOperations,reinsuranceOperations,complementaryPensionOperations,capitalizationOperations,cleanEbit,cleanEbitda,cleanNopat,cleanNetIncome
2025-12-31,yearly,7699157000,-3153650000,4545507000,,-331609000,,-14321000,-2781231000,1764276000,,1764276000,,900073000,290753980,-5237000,1190827000,-695000,,,,1190132000,1195369000,-2463727000,0,2199000,26227000,-864203000,237336990,-1101540000,-20217000,310971000,,1889.56,1878.02,,,,,,,,,,,,,,1764276000,1764276000,1164422100,
2024-12-31,yearly,7442466000,-3061467000,4380999000,,-365464000,,-16039000,-2561049000,1819950000,,1819950000,,979238000,353761980,-10115000,1332999900,-2125000,,,,1330875000,1340990000,-2288299000,0,84572000,24181000,-840712000,271583000,-1112295000,-145000,353907000,,2119.45,2102.22,,,,,,,,,,,,,,1819950000,1819950000,1201167000,
2023-12-31,yearly,7914658000,-2919114000,4995544000,,-348121000,,-12810000,-2477733000,2517811000,,2517811000,,1509475000,141638000,2590000,1651113000,-563000,,,,1650550000,1647960100,-2172415000,0,35720000,19893000,-1008336000,247604990,-1255941000,-9365000,151003010,,2605.64,2583.85,,,,,,,,,,,,,,2517811000,2517811000,1661755300,
2022-12-31,yearly,7546355000,-2784831000,4761524000,,-314460000,,-22276000,-2278773000,2482751000,,2482751000,,1611104000,95348000,1702000,1706452000,-8053000,,,,1698399000,1696697000,-1984715000,0,19267000,23411000,-871647000,251040000,-1122687000,-17114000,112462000,,2686.44,2657.47,,,,,,,,,,,,,,2482751000,2482751000,1638615700,
2021-12-31,yearly,5937373000,-2134487000,3802886000,,-237596990,,-7054000,-1834885000,1968001000,,1968001000,,1644329000,-26580000,97000,1617749000,-287444000,,,,1330305000,1330208000,-1656942000,0,55757000,10951000,-323672000,121434000,-445105980,-1275000,-25305000,,2105.02,2080.12,,,,,,,,,,,,,,1968001000,1968001000,1298880600,
2020-12-31,yearly,4088871000,-1459596000,2629275000,,-208396990,,-17205000,-1310391000,1318884000,,1318884000,,1243456000,78173000,0,1321629000,-26513000,,,,1295116000,1295116000,-1355581000,0,253959010,16833000,-75428000,146514000,-221942000,-28279000,106452000,,2051.23,2028.88,,,,,,,,,,,,,,1318884000,1318884000,870463400,
2019-12-31,yearly,3294749000,-1209057000,2085692000,,-209262000,,-34252000,-1000018000,1085674000,,1085674000,,1100091000,88894000,0,1188985000,-24945000,,,,1164039900,1164039900,-1401629000,0,635486000,9639000,14417000,96169000,-81752000,-29640000,118534000,,1843.91,1819.0,,,,,,,,,,,,,,1085674000,1085674000,716544830,
2018-12-31,yearly,3724309000,-1059032000,2665277000,,-181754000,,-21011000,-1435503000,1229774000,,1229774000,,1229859000,-94460000,0,1135399000,-5798000,,,,1129601000,1129601000,-1299472000,0,61357000,5377000,85000,85843000,-85758000,93065000,-187524990,,1787.35,1766.38,,,,,,,,,,,,,,1229774000,1229774000,811650800,
2017-12-31,yearly,3638458000,-926746000,2711712000,,-184428000,,-17626000,-1551716000,1159996000,,1159996000,,1213347000,-101871000,0,1111476000,-146534000,,,,964942000,964942000,-1363815900,0,11286000,2868000,53351000,167091010,-113740000,-6153000,-95718000,,1530.41,1516.23,,,,,,,,,,,,,,1159996000,1159996000,765597400,
2016-12-31,yearly,3288747000,-846787000,2441960000,,-153763010,,-35552000,-1372979000,1068981000,,1068981000,,876848000,-202384000,0,674464000,500110020,,,,1174574000,1174574000,-1223664000,0,37279000,2721000,-192132990,261680990,-453814020,-86111000,-116273000,,1860.04,1830.95,,,,,,,,,,,,,,1068981000,1068981000,705527500,
2015-12-31,yearly,2956649000,-746511000,2210138000,,-157932000,,-32736000,-1326277000,883861000,,883861000,,368001980,-22514000,0,345488000,214384000,,,,559872000,559872000,-1149470000,0,16775000,-2914000,-515859000,199163010,-715022000,33413000,-55927000,,885.64,869.63,,,,,,,,,,,,,,883861000,883861000,583348300,
2014-12-31,yearly,4680348000,-1698353000,2981995000,,-240340990,,-224071010,-2071908000,910087000,,910087000,,493324000,-81115000,0,412209000,-9514000,,,,402695000,402695000,-1730199000,0,123316000,-613000,-416763000,179762000,-596525000,209394000,-290509000,,637.5,625.21,,,,,,,,,,,,,,910087000,910087000,600657400,
2013-12-31,yearly,4258740000,-1509888000,2748852000,,-222372000,,-100222000,-1852295900,896556030,,896556030,,313901000,-55081000,0,258820000,-2098000,,,,256722000,256722000,-1581451000,0,53106000,-1357000,-582655000,157368990,-740024000,334377980,-389459000,,410.0,400.0,,,,,,,,,,,,,,896556030,896556030,591727000,
2012-12-31,yearly,3873683000,-1464570000,2409113000,,-234848990,,-349085000,-1638528000,770585000,,770585000,,345713000,-117648000,0,228064990,-24152000,,,,203912990,203912990,-1392302000,0,338228000,-520000,-424872000,205180990,-630053000,223698000,-341345980,,325.9,401.2,,,,,,,,,,,,,,770585000,770585000,508586100,
2011-12-31,yearly,3324630000,-1320566000,2004064000,,-259856000,,-244827010,-1583055000,421009000,,421009000,,-187416990,14595000,0,-172822000,118171000,,,,-54651000,-54651000,-1283047900,0,204676000,0,-608426000,268084000,-876510000,188820000,-174224990,,-88.0,16.3,,,,,,,,,,,,,,421009000,421009000,277865950,
2010-12-31,yearly,3159728100,-1353303000,1806425000,,-196012000,,-76755000,-1194469000,611955970,,611955970,,428726020,-166824990,0,261900990,0,,,,261900990,261900990,-1069011970,0,147310000,0,-183230000,147256000,-330486020,134652000,-301477000,,,0.0,,,,,,,,,,,,,,611955970,611955970,403890940,
