endDate,type,totalRevenue,costOfRevenue,grossProfit,researchDevelopment,sellingGeneralAdministrative,nonRecurring,otherOperatingExpenses,totalOperatingExpenses,operatingIncome,totalOtherIncomeExpenseNet,ebit,interestExpense,incomeBeforeTax,incomeTaxExpense,minorityInterest,netIncomeFromContinuingOps,discontinuedOperations,extraordinaryItems,effectOfAccountingCharges,otherItems,netIncome,netIncomeApplicableToCommonShares,salesExpenses,lossesDueToNonRecoverabilityOfAssets,otherOperatingIncome,equityIncomeResult,financialResult,financialIncome,financialExpenses,currentTaxes,deferredTaxes,incomeBeforeStatutoryParticipationsAndContributions,basicEarningsPerCommonShare,dilutedEarningsPerCommonShare,basicEarningsPerPreferredShare,profitSharingAndStatutoryContributions,dilutedEarningsPerPreferredShare,claimsAndOperationsCosts,administrativeCosts,otherOperatingIncomeAndExpenses,earningsPerShare,basicEarningsPerShare,dilutedEarningsPerShare,insuranceOperations,reinsuranceOperations,complementaryPensionOperations,capitalizationOperations,cleanEbit,cleanEbitda,cleanNopat,cleanNetIncome
2025-12-31,yearly,1486833000,-371207000,1115626000,,-185116000,,-289481000,7203000,1122829000,,1122829000,,676666000,-94090000,116000,582576000,0,,,,582576000,582460030,0,0,483683000,-1883000,-446163000,265676990,-711840000,-103672000,9582000,,470.0,470.0,0.0,,0.0,,,,,,,,,,,1122829000,1122829000,741067140,
2024-12-31,yearly,1236345000,-406667000,829678000,,0,,-56433000,-108814000,720864000,,720864000,,468873980,-68998000,105000,399876000,0,,,,399876000,399771000,-163231010,0,122281000,-11431000,-251990000,235820990,-487811000,-79921000,10923000,,320.0,320.0,0.0,,0.0,,,,,,,,,,,720864000,720864000,475770240,
2023-12-31,yearly,1157163000,-418208000,738955000,,-139742000,,-10371000,-116824000,622131000,,622131000,,361800000,-52866000,4221000,308934020,0,,,,308934020,304713000,0,0,67076000,-33787000,-260331010,212683010,-473014020,-74849000,21983000,,250.0,250.0,0.0,,0.0,,,,,,,,,,,622131000,622131000,410606460,
2022-12-31,yearly,1016341000,-420884000,595457000,,-139956000,,-6551000,-100687000,494769980,,494769980,,-130914000,143735010,5253000,12821000,0,,,,12821000,7568000,0,0,50220000,-4400000,-625683970,186846000,-812530000,-76983000,220718000,,10.0,10.0,0.0,,0.0,,,,,,,,,,,494769980,494769980,326548200,
2021-12-31,yearly,858064000,-369223000,488841000,,-143340000,,-42040000,-147456990,341384000,,341384000,,536891000,-190686000,107181000,346205000,0,,,,346205000,239024000,0,0,35094000,2829000,195507010,487775000,-292268000,-45032000,-145654000,,204.26,204.21,0.0,,0.0,,,,,,,,,,,341384000,341384000,225313440,
2020-12-31,yearly,676664000,-275319000,401345000,,-107392000,,-33514000,-67067000,334278020,,334278020,,245343010,-69263000,99580000,176080000,0,,,,176080000,76500000,0,0,76575000,-2736000,-88935000,73566000,-162500990,-40309000,-28954000,,870.41,868.65,0.0,,0.0,,,,,,,,,,,334278020,334278020,220623470,
2019-12-31,yearly,755353000,-252215010,503137980,,-121401000,,-39437000,-20231000,482907000,,482907000,,371729000,-86141000,156924000,285588000,0,,,,285588000,128664000,0,0,140856000,-249000,-111178000,62119000,-173296990,-57998000,-28143000,,1463.94,1463.05,0.0,,0.0,,,,,,,,,,,482907000,482907000,318718620,
2018-12-31,yearly,722606000,-217331010,505275000,,-111633000,,-29896000,-70205000,435070020,,435070020,,309195000,-69531000,129510000,239664000,0,,,,239664000,110154000,0,0,59761000,11563000,-125875000,53774000,-179648990,-43745000,-25786000,,1253.33,1251.04,0.0,,0.0,,,,,,,,,,,435070020,435070020,287146200,
2017-12-31,yearly,693235000,-212303010,480932000,,-91206000,,-19413000,-77284000,403648000,,403648000,,225332990,-40027000,108405000,185306000,0,,,,185306000,76901000,0,0,33191000,144000,-178315010,65219000,-243534000,-47911000,7884000,,874.7,872.6,0.0,,0.0,,,,,,,,,,,403648000,403648000,266407680,
2016-12-31,yearly,668710000,-208423010,460287000,,-92214000,,-62124000,-98573000,361713980,,361713980,,135971010,-45470000,68937000,90501000,0,,,,90501000,21564000,0,0,72081000,-16316000,-225743010,101055000,-326798020,-58785000,13315000,,226.0,220.3,226.0,,220.3,,,,,,,,,,,361713980,361713980,238731230,
2015-12-31,yearly,636659000,-210890000,425769000,,-126329000,,-19386000,-716941000,-291172000,,-291172000,,-521200000,-47345000,-442891000,-568545000,0,,,,-568545000,-125654000,0,0,189026000,-760252030,-230028000,117366000,-347393980,-49946000,2601000,,-131.2,-131.5,-131.2,,-131.5,,,,,,,,,,,-291172000,-291172000,-192173520,
2014-12-31,yearly,577568000,-180478000,397089980,,-110412000,,-44402000,-541868030,-144778000,,-144778000,,-324703000,-23465000,-175460000,-348168000,0,,,,-348168000,-172708000,0,0,221500000,-608554000,-179924990,138536000,-318461000,-44682000,21217000,,-447.7,-449.5,0.0,,0.0,,,,,,,,,,,-144778000,-144778000,-95553480,
2013-12-31,yearly,419288000,-116895000,302393000,,-109976000,,-29196000,-123741000,178652000,,178652000,,119162000,-40671000,66653000,78491000,0,,,,78491000,11838000,0,0,62307000,-46876000,-59490000,143504990,-202995010,-37799000,-2872000,,12.4,11.3,12.4,,11.3,,,,,,,,,,,178652000,178652000,117910320,
2012-12-31,yearly,5142754000,-3215513000,1927241000,,-501359000,,-499641000,-1112207000,815034000,,815034000,,293686020,-66014000,153503010,227672000,49000,,,,227720990,74218000,-628051970,0,516845000,0,-521348000,508385000,-1029733000,-218892000,152878000,,77.5,76.5,77.5,,76.5,,,,,,,,,,,815034000,815034000,537922430,
2011-12-31,yearly,5123363000,-3242492000,1880871000,,-524837000,,-474588000,-198728000,1682143000,,1682143000,,1051356030,-56835000,210956000,994521000,-4929000,,,,989592000,778636030,-615359000,0,1423982000,-7926000,-630787000,546950000,-1177737000,-177572000,120737000,,812.9,812.3,812.9,,812.3,,,,,,,,,,,1682143000,1682143000,1110214400,
2010-12-31,yearly,7169637000,-4119434000,3050203000,,-714899000,,-571299970,-2031038000,1019165000,,1019165000,,366271000,-21949000,338155000,344321980,0,,,,344321980,6167000,-1074099000,0,329260000,0,-652894000,532968000,-1185862000,-191772990,169824000,,6.4,4.9,6.4,,4.9,,,,,,,,,,,1019165000,1019165000,672648900,
