endDate,type,totalRevenue,costOfRevenue,grossProfit,researchDevelopment,sellingGeneralAdministrative,nonRecurring,otherOperatingExpenses,totalOperatingExpenses,operatingIncome,totalOtherIncomeExpenseNet,ebit,interestExpense,incomeBeforeTax,incomeTaxExpense,minorityInterest,netIncomeFromContinuingOps,discontinuedOperations,extraordinaryItems,effectOfAccountingCharges,otherItems,netIncome,netIncomeApplicableToCommonShares,salesExpenses,lossesDueToNonRecoverabilityOfAssets,otherOperatingIncome,equityIncomeResult,financialResult,financialIncome,financialExpenses,currentTaxes,deferredTaxes,incomeBeforeStatutoryParticipationsAndContributions,basicEarningsPerCommonShare,dilutedEarningsPerCommonShare,basicEarningsPerPreferredShare,profitSharingAndStatutoryContributions,dilutedEarningsPerPreferredShare,claimsAndOperationsCosts,administrativeCosts,otherOperatingIncomeAndExpenses,earningsPerShare,basicEarningsPerShare,dilutedEarningsPerShare,insuranceOperations,reinsuranceOperations,complementaryPensionOperations,capitalizationOperations,cleanEbit,cleanEbitda,cleanNopat,cleanNetIncome
2025-12-31,yearly,5211349000,,578687000,,,,,,559916030,,559916030,,602561000,,0.0,390945000,0,,,,390945000,0.0,,,,0,42645000,468253000,-425608000,,,,,,,,,-4632662000.0,-29559000.0,10788000.0,0.0,0.0,0.0,0.0,-4632662000.0,0.0,0.0,559916030,559916030,369544540,
2024-12-31,yearly,6057974000,,776731000,,,,,,790363000,,790363000,,1196546000,,0.0,805740030,0,,,,805740030,0.0,,,,0,406183000,1783139000,-1376956000,,,,,,,,,-5281243000.0,-23535000.0,37167000.0,0.0,0.0,0.0,0.0,-5281243000.0,0.0,0.0,790363000,790363000,521639580,
2023-12-31,yearly,5794710000,,-325688000,,,,,,-378817000,,-378817000,,-257678000,,0.0,-123853000,0,,,,-123853000,0.0,,,,0,121139000,412897000,-291758020,,,,,,,,,-6120398000.0,-53743000.0,614000.0,0.0,0.0,0.0,0.0,-6120398000.0,0.0,0.0,-378817000,-378817000,-250019220,
2022-12-31,yearly,7047042000,-8486196000.0,-1439154000,,-421237000.0,,0.0,-421237000.0,65169000,,65169000,,-1795222000,614461000.0,,-1180761000,550419970,,,,-630341000,,0.0,0.0,0.0,0,0,0,0,2334708000.0,-1720247000.0,,-260.0,-260.0,0.0,,0.0,,,,,,,,,,,65169000,65169000,43011540,
2021-12-31,yearly,7987428000,-9564136000.0,-1576708000,,-419685000.0,,0.0,-419685000.0,-9161000,,-9161000,,-2005554000,610089000.0,,-1395465000,712764030,,,,-682701000,,0.0,0.0,0.0,0,0,0,0,2038700000.0,-1428611000.0,,-540.0,-540.0,0.0,,0.0,,,,,,,,,,,-9161000,-9161000,-6046260,
2020-12-31,yearly,8480669000,-10046790000.0,-1566121000,,-459720000.0,,0.0,-459720000.0,209282000,,209282000,,-1816559000,-111604000.0,,-1928163000,406900000,,,,-1521263000,,0.0,0.0,0.0,0,0,0,0,503405000.0,-615009000.0,,-1580.0,-1580.0,0.0,,0.0,,,,,,,,,,,209282000,209282000,138126110,
2019-12-31,yearly,6610019000,-5918911000.0,691107970,,-450741000.0,,0.0,-450741000.0,476865980,,476865980,,717233000,467760000.0,,1184993000,25127000,,,,1210119900,,0.0,0.0,0.0,0,0,0,0,737317000.0,-269557000.0,,1300.0,1000.0,0.0,,0.0,,,,,,,,,,,476865980,476865980,314731550,
2018-12-31,yearly,5764638000,-4430582000.0,1334055900,,-387212000.0,,0.0,-387212000.0,77512000,,77512000,,1024355970,447804000.0,,1472160000,-253364000,,,,1218796000,,0.0,0.0,0.0,0,0,0,0,1254914000.0,-807110000.0,,3930.0,3930.0,0.0,,0.0,,,,,,,,,,,77512000,77512000,51157920,
2017-12-31,yearly,4737772000,-3847142000.0,890630000,,-359369980.0,,0.0,-359369980.0,53441000,,53441000,,584701000,686326000.0,,1271027000,-345977000,,,,925050000,,0.0,0.0,0.0,0,0,0,0,1994086000.0,-1307760000.0,,2980.0,2980.0,0.0,,0.0,,,,,,,,,,,53441000,53441000,35271060,
2016-12-31,yearly,4162175000,-3422681000.0,739494000,,-396347000.0,,0.0,-396347000.0,79843000,,79843000,,422990020,818423000.0,,1241413000,-391539000,,,,849874000,,0.0,0.0,0.0,0,0,0,0,1252284000.0,-433861000.0,,2740.0,2740.0,0.0,,0.0,,,,,,,,,,,79843000,79843000,52696380,
