endDate,type,totalRevenue,costOfRevenue,grossProfit,researchDevelopment,sellingGeneralAdministrative,nonRecurring,otherOperatingExpenses,totalOperatingExpenses,operatingIncome,totalOtherIncomeExpenseNet,ebit,interestExpense,incomeBeforeTax,incomeTaxExpense,minorityInterest,netIncomeFromContinuingOps,discontinuedOperations,extraordinaryItems,effectOfAccountingCharges,otherItems,netIncome,netIncomeApplicableToCommonShares,salesExpenses,lossesDueToNonRecoverabilityOfAssets,otherOperatingIncome,equityIncomeResult,financialResult,financialIncome,financialExpenses,currentTaxes,deferredTaxes,incomeBeforeStatutoryParticipationsAndContributions,basicEarningsPerCommonShare,dilutedEarningsPerCommonShare,basicEarningsPerPreferredShare,profitSharingAndStatutoryContributions,dilutedEarningsPerPreferredShare,claimsAndOperationsCosts,administrativeCosts,otherOperatingIncomeAndExpenses,earningsPerShare,basicEarningsPerShare,dilutedEarningsPerShare,insuranceOperations,reinsuranceOperations,complementaryPensionOperations,capitalizationOperations,cleanEbit,cleanEbitda,cleanNopat,cleanNetIncome
2025-12-31,yearly,9411153000,-5708038000,3703115000,,-270484000,,-76351000,428791000,4131906000,,4131906000,,2780309000,-269294020,63116000,2511015000,0,,,,2511015000,2447899000,159463010,0,105114000,511049000,-1351597000,445857980,-1797455000,-112015000,-157279010,,3715.22,3714.98,3715.22,,3714.98,,,,,,,,,,,4131906000,4131906000,2727058000,
2024-12-31,yearly,7966581000,-4229120000,3737461000,,-364588000,,-43358000,1393817000,5131278000,,5131278000,,4168661000,-615930000,54315000,3552731000,0,,,,3552731000,3498416100,1152707000,0,64478000,584578000,-962617000,283837000,-1246454000,-59207000,-556723000,,5309.61,5309.28,5309.61,,5309.28,,,,,,,,,,,5131278000,5131278000,3386643500,
2023-12-31,yearly,6215521000,-2506641000,3708879900,,-250716990,,-119982000,233676990,3942557000,,3942557000,,3120999000,-228636990,51245000,2892362000,0,,,,2892362000,2841117000,-3685000,0,118743000,489318020,-821558000,222090000,-1043648000,-64532000,-164104990,,4312.02,4311.73,4312.02,,4311.73,,,,,,,,,,,3942557000,3942557000,2602087700,
2022-12-31,yearly,5450570000,-2170946000,3279624000,,-292521000,,-43583000,210688000,3490312000,,3490312000,,2678134000,-358343000,57546000,2319791000,0,,,,2319791000,2262245000,1825000,0,34079000,510888000,-812178000,169220990,-981399000,-114501000,-243842000,,3433.45,3433.22,3433.45,,3433.22,,,,,,,,,,,3490312000,3490312000,2303606000,
2021-12-31,yearly,5534129000,-1412463000,4121666000,,-223998000,,-58491000,315551000,4437217000,,4437217000,,3806223900,-768416000,19209000,3037808100,0,,,,3037808100,3018599000,54774000,0,24718000,518548000,-630993000,87530000,-718523000,-308917000,-459499000,,4581.39,4581.09,4581.39,,4581.09,,,,,,,,,,,4437217000,4437217000,2928563200,
2020-12-31,yearly,3696428000,-1135988000,2560440000,,-253516000,,-22589000,1866802000,4427242000,,4427242000,,4218067000,-835417000,21147000,3382650000,0,,,,3382650000,3361503000,1477622000,0,192760000,472525000,-209175010,371349000,-580524030,-415955000,-419462020,,5101.82,5101.44,5101.82,,5101.44,,,,,,,,,,,4427242000,4427242000,2921979600,
2019-12-31,yearly,3305155000,-952177000,2352978000,,-195119010,,-13367000,-11806000,2341172000,,2341172000,,2155913000,-376462020,16820000,1779451000,0,,,,1779451000,1762631000,0,0,16892000,179788000,-185259010,439041000,-624300030,-276796000,-99666000,,3315.59,3315.34,3315.59,,3315.34,,,,,,,,,,,2341172000,2341172000,1545173500,
2018-12-31,yearly,3184654000,-725246000,2459407900,,-166635010,,-49991000,-550000,2458858000,,2458858000,,2316644000,-421399000,13577000,1895245000,0,,,,1895245000,1881668000,0,0,15255000,200820990,-142214000,352777980,-494992000,-407423000,-13976000,,11423.37,11422.08,11423.37,,11422.08,,,,,,,,,,,2458858000,2458858000,1622846300,
2017-12-31,yearly,2701193000,-593278000,2107915000,,-130394000,,-69828000,-60594000,2047321000,,2047321000,,1981105000,-595645000,19948000,1385460000,0,,,,1385460000,1365511900,0,0,14822000,124806000,-66216000,123673000,-189888990,-354491000,-241154000,,8289.85,8288.98,8289.85,,8288.98,,,,,,,,,,,2047321000,2047321000,1351231900,
2016-12-31,yearly,7789240000,-494973000,7294267000,,-140859010,,-31994000,98908000,7393175000,,7393175000,,7283246000,-2333912000,17022000,4949334000,0,,,,4949334000,4932312000,0,0,4055000,267706000,-109929000,76684000,-186612990,-79301000,-2254611000,,30209.56,30013.4,30209.56,,30013.4,,,,,,,,,,,7393175000,7393175000,4879495700,
2015-12-31,yearly,1287130000,-575326000,711804030,,-222866000,,-44737000,-97750000,614054000,,614054000,,609582000,-92396000,12756000,517185980,0,,,,517185980,504430020,0,0,8547000,161306000,-4472000,139068990,-143540990,-85804000,-6592000,,3128.07,3071.92,3128.07,,3071.92,,,,,,,,,,,614054000,614054000,405275650,
2014-12-31,yearly,1102788000,-541618000,561170000,,-164403010,,-64972000,-112854000,448316000,,448316000,,460207000,-80475000,1517000,379732000,0,,,,379732000,378215000,0,0,25616000,90905000,11891000,154224990,-142334000,-50354000,-30121000,,2441.31,2337.14,2441.31,,2337.14,,,,,,,,,,,448316000,448316000,295888540,
2013-12-31,yearly,981168000,-563934000,417233980,,-158898000,,-550110000,-626720000,-209486000,,-209486000,,-137268000,169188990,0,31921000,0,,,,31921000,31921000,0,0,18431000,63857000,72218000,304279000,-232060990,-55556000,224744990,,209.1,204.95,209.1,,204.95,,,,,,,,,,,-209486000,-209486000,-138260750,
2012-12-31,yearly,2818988000,-1250564000,1568423900,,-188163010,,-4399644000,-130296000,1438128000,,1438128000,,1226712100,-383224000,0,843488000,0,,,,843488000,843488000,0,0,4457511000,0,-211416000,176564990,-387981000,-328449000,-54775000,,5525.22,5423.5,5525.22,,5423.5,,,,,,,,,,,1438128000,1438128000,949164500,
2011-12-31,yearly,2900805000,-1323409000,1577396000,,-127017000,,-66554000,-157772000,1419623900,,1419623900,,1219104000,-303844000,0,915260030,0,,,,915260030,915260030,0,0,35799000,0,-200520000,136056990,-336577000,-244206000,-59638000,,6027.35,5907.43,6027.35,,5907.43,,,,,,,,,,,1419623900,1419623900,936951800,
2010-12-31,yearly,2256286000,-948270000,1308016000,,-137932990,,-29870000,-161772990,1146243000,,1146243000,,789954000,-229376000,506795000,560578000,251592990,,,,812171000,305376000,0,0,6030000,0,-356289000,47557000,-403846020,-222630000,-6746000,,,,,,,,,,,,,,,,,1146243000,1146243000,756520400,
