endDate,type,totalRevenue,costOfRevenue,grossProfit,researchDevelopment,sellingGeneralAdministrative,nonRecurring,otherOperatingExpenses,totalOperatingExpenses,operatingIncome,totalOtherIncomeExpenseNet,ebit,interestExpense,incomeBeforeTax,incomeTaxExpense,minorityInterest,netIncomeFromContinuingOps,discontinuedOperations,extraordinaryItems,effectOfAccountingCharges,otherItems,netIncome,netIncomeApplicableToCommonShares,salesExpenses,lossesDueToNonRecoverabilityOfAssets,otherOperatingIncome,equityIncomeResult,financialResult,financialIncome,financialExpenses,currentTaxes,deferredTaxes,incomeBeforeStatutoryParticipationsAndContributions,basicEarningsPerCommonShare,dilutedEarningsPerCommonShare,basicEarningsPerPreferredShare,profitSharingAndStatutoryContributions,dilutedEarningsPerPreferredShare,claimsAndOperationsCosts,administrativeCosts,otherOperatingIncomeAndExpenses,earningsPerShare,basicEarningsPerShare,dilutedEarningsPerShare,insuranceOperations,reinsuranceOperations,complementaryPensionOperations,capitalizationOperations,cleanEbit,cleanEbitda,cleanNopat,cleanNetIncome
2025-12-31,yearly,8249000000,-6239000000,2010000000,,-556000000,,0,16109000000,18119000000,,18119000000,,16389000000,161000000,63000000,16550000000,0,,,,16550000000,16487000000,-1188999900,0,346000000,17508000000,-1730000000,912000000,-2641999900,-91000000,252000000,,1477.14,1477.14,1477.14,,1477.14,,,,,,,,,,,18119000000,18119000000,11958540000,
2024-12-31,yearly,8235000000,-5783000000,2452000000,,-542000000,,0,13936000000,16388000000,,16388000000,,15025000000,-138000000,109000000,14887000000,0,,,,14887000000,14778000000,-1224999900,0,334000000,15369000000,-1363000100,980000000,-2343000000,-130000000,-8000000,,1362.91,1362.91,1362.91,,1362.91,,,,,,,,,,,16388000000,16388000000,10816080000,
2023-12-31,yearly,7383000000,-5006000000,2377000000,,-582000000,,0,11733000000,14110000000,,14110000000,,13775000000,203000000,512000000,13978000000,0,,,,13978000000,13466000000,-1042000000,0,1027000000,12330000000,-335000000,2188000000,-2523000000,-40000000,243000000,,1318.17,1318.17,1318.17,,1318.17,,,,,,,,,,,14110000000,14110000000,9312600000,
2022-12-31,yearly,8486000000,-5611000000,2875000000,,-548000000,,0,12694000000,15569000000,,15569000000,,14556000000,-402000000,480000000,14154000000,0,,,,14154000000,13674000000,-1120000000,0,2883000000,11479000000,-1013000000,1330000000,-2343000000,-129000000,-273000000,,1409.41,1409.41,1409.41,,1409.41,,,,,,,,,,,15569000000,15569000000,10275540000,
2021-12-31,yearly,8170000000,-5296000000,2873999900,,-507000000,,0,10223000000,13097000000,,13097000000,,13240001000,51000000,1091000100,13291000000,0,,,,13291000000,12199999000,-1006000000,0,1339000100,10397000000,143000000,1228000000,-1084999900,-278000000,329000000,,1382.01,1382.01,1382.01,,1382.01,,,,,,,,,,,13097000000,13097000000,8644020000,
2020-12-31,yearly,5880000000,-4028000000,1852000000,,-415000000,,0,5872000000,7724000300,,7724000300,,7535000000,-191000000,288000000,7344000000,0,,,,7344000000,7056000000,-781000000,0,88000000,6979999700,-189000000,616000000,-805000000,-111000000,-80000000,,838.92,838.92,838.92,,838.92,,,,,,,,,,,7724000300,7724000300,5097840000,
2019-12-31,yearly,5008000000,-3718000100,1290000000,,-387000000,,0,9703999000,10994000000,,10994000000,,10730000000,-161000000,257000000,10569000000,0,,,,10569000000,10311999000,-716000000,0,535000000,10272000000,-264000000,496000000,-760000000,-165000000,4000000,,1230.0,1230.0,1230.0,,1230.0,,,,,,,,,,,10994000000,10994000000,7256040000,
2018-12-31,yearly,5375000000,-4011000000,1364000000,,-319000000,,-67000000,8563000000,9927000000,,9927000000,,9819000000,-109000000,274000000,9710000000,0,,,,9710000000,9436000000,-721000000,0,133000000,9537000000,-108000000,441000000,-549000000,-329000000,220000000,,1130.0,1130.0,1130.0,,1130.0,,,,,,,,,,,9927000000,9927000000,6551820000,
2017-12-31,yearly,4969000000,-3673999900,1295000100,,-322000000,,-567000000,7295000000,8590000000,,8590000000,,8364000300,158000000,119000000,8522000000,0,,,,8522000000,8403000000,-686000000,0,306000000,8563999700,-226000000,375000000,-601000000,-65000000,223000000,,1130.0,1130.0,1130.0,,1130.0,,,,,,,,,,,8590000000,8590000000,5669400000,
2016-12-31,yearly,4687000000,-3641000000,1046000000,,-307000000,,-584000000,7183000000,8229000000,,8229000000,,8038000000,178000000,5000000,8216000000,0,,,,8216000000,8211000000,-629000000,0,124000000,8579000000,-191000000,0,-191000000,-81000000,259000000,,1110.0,1110.0,1110.0,,1110.0,,,,,,,,,,,8229000000,8229000000,5431140000,
2015-12-31,yearly,4885000000,-3731000000,1154000000,,-316000000,,-229000000,7914000000,9068000000,,9068000000,,8976000000,18000000,126000000,8994000000,0,,,,8994000000,8868000000,-621000000,0,23000000,9057000000,-92000000,0,-92000000,-40000000,58000000,,1310.0,1310.0,1310.0,,1310.0,,,,,,,,,,,9068000000,9068000000,5984880000,
2014-12-31,yearly,5021000000,-3767000000,1254000000,,-300000000,,-158000000,7069000000,8323000000,,8323000000,,8263000000,-102000000,250000000,8161000000,0,,,,8161000000,7911000000,-582000000,0,201000000,7907999700,-60000000,0,-60000000,-56000000,-46000000,,1300.0,1300.0,1300.0,,1300.0,,,,,,,,,,,8323000000,8323000000,5493180000,
2013-12-31,yearly,5289000000,-3729000000,1560000000,,-332000000,,-223000000,4924000300,6483999700,,6483999700,,6251000000,-116000000,313000000,6135000000,-124000000,,,,6011000000,5698000000,-553000000,0,164000000,5868000300,-233000000,216000000,-449000000,-144000000,28000000,,1050.0,1050.0,1050.0,,1050.0,,,,,,,,,,,6483999700,6483999700,4279439900,
2012-12-31,yearly,5653000000,-4037000000,1616000000,,-12256000000,,-3427000000,-14448000000,-12832000000,,-12832000000,,6633000000,-1592999900,501000000,5040000000,0,,,,5040000000,4539000000,0,0,1163000100,72000000,19465000000,53503000000,-34038000000,-2968000000,1375000100,,940.0,940.0,940.0,,940.0,,,,,,,,,,,-12832000000,-12832000000,-8469120000,
2011-12-31,yearly,5094000000,-3279000000,1815000100,,-11770000000,,-3182000100,-14021000000,-12206000000,,-12206000000,,6631000000,-1264000000,530000000,5367000000,0,,,,5367000000,4837000000,0,0,1083000100,-152000000,18837000000,51904000000,-33067000000,-2568000000,1304000000,,1100.0,1100.0,1100.0,,1100.0,,,,,,,,,,,-12206000000,-12206000000,-8055960000,
2010-12-31,yearly,5240000000,-3624000000,1616000000,,-14054000000,,-2977999900,-15830000000,-14214000000,,-14214000000,,7063000000,-2050000000,596000000,5013000000,0,,,,5013000000,4417000000,0,0,1041000000,161000000,21277000000,41211000000,-19934000000,-1596000000,-454000000,,1010.0,1010.0,1010.0,,1010.0,,,,,,,,,,,-14214000000,-14214000000,-9381240000,
