endDate,type,totalRevenue,costOfRevenue,grossProfit,researchDevelopment,sellingGeneralAdministrative,nonRecurring,otherOperatingExpenses,totalOperatingExpenses,operatingIncome,totalOtherIncomeExpenseNet,ebit,interestExpense,incomeBeforeTax,incomeTaxExpense,minorityInterest,netIncomeFromContinuingOps,discontinuedOperations,extraordinaryItems,effectOfAccountingCharges,otherItems,netIncome,netIncomeApplicableToCommonShares,salesExpenses,lossesDueToNonRecoverabilityOfAssets,otherOperatingIncome,equityIncomeResult,financialResult,financialIncome,financialExpenses,currentTaxes,deferredTaxes,incomeBeforeStatutoryParticipationsAndContributions,basicEarningsPerCommonShare,dilutedEarningsPerCommonShare,basicEarningsPerPreferredShare,profitSharingAndStatutoryContributions,dilutedEarningsPerPreferredShare,claimsAndOperationsCosts,administrativeCosts,otherOperatingIncomeAndExpenses,earningsPerShare,basicEarningsPerShare,dilutedEarningsPerShare,insuranceOperations,reinsuranceOperations,complementaryPensionOperations,capitalizationOperations,cleanEbit,cleanEbitda,cleanNopat,cleanNetIncome
2025-12-31,yearly,387118000000,-248171000000,138947000000,,,,,-88697000000,-88697000000,,,,50250000000,-4401000000,992000000,45849000000,0,,,,,44857000000,,,,,,,,,,45849000000,4050,4010,4050,,4010,,,,,,,,,,,,,,
2024-12-31,yearly,335328000000,-199589000000,135739000000,,,,,-88183000000,-88183000000,,,,47556000000,-5427999700,1043000000,42128000000,0,,,,,41085000000,,,,,,,,,,42128000000,4200,4160,4200,,4160,,,,,,,,,,,,,,
2023-12-31,yearly,313221000000,-188695000000,124526000000,,,,,-84826000000,-84826000000,,,,39700000000,-5823000000,772000000,33877000000,0,,,,,33105000000,,,,,,,,,,33877000000,3380,3360,3380,,3360,,,,,,,,,,,,,,
2022-12-31,yearly,283372000000,-167802000000,115570000000,,,,,-78037000000,-78037000000,,,,37533000000,-6796000300,1035000000,30737000000,0,,,,,29702000000,,,,,,,,,,30737000000,3030,3010,3030,,3010,,,,,,,,,,,,,,
2021-12-31,yearly,195679000000,-69305000000,126374000000,,,,,-84143000000,-84143000000,,,,42231000000,-13847000000,1624000000,28384000000,0,,,,,26760000000,,,,,,,,,,28384000000,2740,2720,2740,,2720,,,,,,,,,,,,,,
2020-12-31,yearly,173757000000,-73558000000,100199000000,,,,,-94969000000,-94969000000,,,,5230000000,9834000000,-3832000000,15064001000,0,,,,,18895999000,,,,,,,,,,15064001000,1930,1930,1930,,1930,,,,,,,,,,,,,,
2019-12-31,yearly,193037000000,-75958000000,117079000000,,,,,-85836000000,-85836000000,,,,31243000000,-3430000100,700000000,27813000000,0,,,,,27113000000,,,,,,,,,,27813000000,2780000,2770000,2780000,,2770000,,,,,,,,,,,,,,
2018-12-31,yearly,131317000000,-70612000000,60705000000,,,,,-30097000000,-30097000000,,,,30607999000,-4969000000,732000000,25639000000,0,,,,,24907000000,,,,,,,,,,25639000000,2560,2550,2560,,2550,,,,,,,,,,,,,,
2017-12-31,yearly,147615000000,-78325000000,69290000000,,,,,-37079000000,-37079000000,,,,32211000000,-7943000000,365000000,24268000000,0,,,,,23903000000,,,,,,,,,,24268000000,3680,3650,3680,,3650,,,,,,,,,,,,,,
2016-12-31,yearly,174319000000,-95126000000,79193000000,,,,,-41001000000,-41001000000,,,,38192000000,-14610000000,319000000,23582000000,0,,,,,23263000000,,,,,,,,,,23582000000,3570,3540,3570,,3540,,,,,,,,,,,,,,
2015-12-31,yearly,129574000000,-75064000000,54510000000,,,,,-36245000000,-36245000000,,,,18265000000,7891000000,416000000,26156000000,0,,,,,25740000000,,,,,,,,,,26156000000,4300,4280,4300,,4280,,,,,,,,,,,,,,
2014-12-31,yearly,129035000000,-72977000000,56058000000,,,,,-27250000000,-27250000000,,,,28808000000,-6947000000,306000000,21861000000,0,,,,,21555000000,,,,,,,,,,21861000000,3940,3920,3940,,3920,,,,,,,,,,,,,,
2013-12-31,yearly,94797000000,-46361000000,48436000000,,,,,-27571000000,-27571000000,,,,20865000000,-4343000000,98000000,16522000000,0,,,,,16423999000,,,,,,,,,,16522000000,3310,3300,3310,,3300,,,,,,,,,,,,,,
2012-12-31,yearly,101582000000,-48067000000,53515000000,,,,,-36099000000,-36099000000,,,,17416000000,-4225000000,557000000,13191000000,0,,,,,12634000000,,,,,,,,,,13191000000,2800,2790,2800,,2790,,,,,,,,,,,,,,
2011-12-31,yearly,103601000000,-55599000000,48002000000,,,,,-29751000000,-29751000000,,,,18251000000,-3641000000,773000000,14610000000,0,,,,,13837000000,,,,,,,,,,14610000000,3060,3050,3060,,3050,,,,,,,,,,,,,,
2010-12-31,yearly,82620000000,-36840000000,45780000000,,,,,-27751000000,-27751000000,,,,18029000000,-5536000000,785000000,12493000000,0,,,,,11708000000,,,,,,,,,,12493000000,2580,2570,2580,,2570,,,,,,,,,,,,,,
