endDate,type,totalRevenue,costOfRevenue,grossProfit,researchDevelopment,sellingGeneralAdministrative,nonRecurring,otherOperatingExpenses,totalOperatingExpenses,operatingIncome,totalOtherIncomeExpenseNet,ebit,interestExpense,incomeBeforeTax,incomeTaxExpense,minorityInterest,netIncomeFromContinuingOps,discontinuedOperations,extraordinaryItems,effectOfAccountingCharges,otherItems,netIncome,netIncomeApplicableToCommonShares,salesExpenses,lossesDueToNonRecoverabilityOfAssets,otherOperatingIncome,equityIncomeResult,financialResult,financialIncome,financialExpenses,currentTaxes,deferredTaxes,incomeBeforeStatutoryParticipationsAndContributions,basicEarningsPerCommonShare,dilutedEarningsPerCommonShare,basicEarningsPerPreferredShare,profitSharingAndStatutoryContributions,dilutedEarningsPerPreferredShare,claimsAndOperationsCosts,administrativeCosts,otherOperatingIncomeAndExpenses,earningsPerShare,basicEarningsPerShare,dilutedEarningsPerShare,insuranceOperations,reinsuranceOperations,complementaryPensionOperations,capitalizationOperations,cleanEbit,cleanEbitda,cleanNopat,cleanNetIncome
2025-12-31,yearly,3479142000,-1271981000,2207161000,,-577627000,,823631000,253768990,2460930000,,2460930000,,2116277000,-247736990,-25296000,1868540000,0,,,,1868540000,1893836000,0,0,0,7765000,-344653000,277485000,-622138000,-66520000,-181216990,,2780.4,2772.3,,,,,,,,,,,,,,2460930000,2460930000,1624213800,
2024-12-31,yearly,1607933000,-689591000,918342000,,-379551000,,670315000,305421000,1223763000,,1223763000,,995423000,-133878000,7127000,861545000,0,,,,861545000,854418000,0,0,0,14657000,-228340000,181234000,-409574020,-12190000,-121688000,,1273.3,1269.7,,,,,,,,,,,,,,1223763000,1223763000,807683600,
2023-12-31,yearly,1593474000,-651259000,942215000,,-350575000,,324795000,-21358000,920857000,,920857000,,715959000,-218094000,45332000,497865000,0,,,,497865000,452533000,0,0,0,4422000,-204898000,112747000,-317645000,-14002000,-204092000,,734.4,732.0,,,,,,,,,,,,,,920857000,920857000,607765630,
2022-12-31,yearly,1902092000,-767437000,1134655000,,-336209980,,91185000,-242372990,892282000,,892282000,,712793000,-80699000,13205000,632094000,0,,,,632094000,618889000,0,0,0,2652000,-179488990,205760000,-385249000,-35044000,-45655000,,934.5,915.9,,,,,,,,,,,,,,892282000,892282000,588906100,
2021-12-31,yearly,2007441000,-613475000,1393966000,,-258724000,,-25091000,-280455000,1113511000,,1113511000,,995762000,-14543000,-22245000,981219000,0,,,,981219000,1003464000,0,0,0,3360000,-117749000,147323010,-265072000,-47818000,33275000,,1457.35,1449.16,,,,,,,,,,,,,,1113511000,1113511000,734917250,
2020-12-31,yearly,1170550000,-360121000,810429000,,-142392000,,172955010,5742000,816171000,,816171000,,751064000,-112210000,-4855000,638854000,0,,,,638854000,643709000,-25863000,0,0,1042000,-65107000,75777000,-140884000,-27887000,-84323000,,966.24084,955.994,,,,,,,,,,,,,,816171000,816171000,538672830,
2019-12-31,yearly,636789000,-326385980,310403000,,-114663000,,443942020,300569980,610973000,,610973000,,472589000,-145911010,4447000,326678020,0,,,,326678020,322231000,-28349000,0,0,-360000,-138384000,19905000,-158288990,-10281000,-135630000,,601.2784,586.63965,,,,,,,,,,,,,,610973000,610973000,403242180,
2018-12-31,yearly,485694020,-241926000,243768000,,-114651000,,215948990,84813000,328581000,,328581000,,211103010,-15664000,13111000,195439010,0,,,,195439010,182328000,-13248000,0,0,-3237000,-117478000,0,0,-6712000,-8952000,,371.37,365.09,,,,,,,,,,,,,,328581000,328581000,216863460,
2017-12-31,yearly,355885000,-208647010,147238000,,-102759000,,156240000,42720000,189958000,,189958000,,40352000,-67622000,-4617000,-27270000,0,,,,-27270000,-22653000,-10694000,0,0,-67000,-149606000,4154000,-153760000,-11358000,-56264000,,-43.1,-43.1,,,,,,,,,,,,,,189958000,189958000,125372280,
2016-12-31,yearly,384563000,-231119010,153444000,,-94014000,,0,-306718020,-153274000,,-153274000,,-439593000,54098000,3009000,-385495000,134916990,,,,-250578000,-253587010,-19316000,0,-196098000,2710000,-286319000,22409000,-308728000,-6273000,60371000,,0.0,0.0,,,,,,,,,,,,,,-153274000,-153274000,-101160840,
2015-12-31,yearly,630961000,-359040000,271921000,,-81613000,,0,186375010,458296000,,458296000,,246376000,-109939000,1361000,136436990,-26697000,,,,109740000,108379000,-25310000,0,293515000,-217000,-211920000,59026000,-270945980,-14157000,-95782000,,0.0,0.0,,,,,,,,,,,,,,458296000,458296000,302475360,
2014-12-31,yearly,602840000,-316332000,286508000,,-71551000,,0,-52194000,234314000,,234314000,,101896000,-58797000,1309000,43099000,0,,,,43099000,41790000,-27047000,0,42562000,3842000,-132418000,83928000,-216346000,0,-58797000,,0.0,0.0,,,,,,,,,,,,,,234314000,234314000,154647230,
2013-12-31,yearly,671078000,-357277000,313801000,,-71794000,,0,230512990,544314000,,544314000,,479749000,-159816990,600000,319932000,0,,,,319932000,319332000,-28329000,0,329694020,942000,-64565000,42888000,-107453000,0,-159816990,,0.0,0.0,,,,,,,,,,,,,,544314000,544314000,359247230,
2012-12-31,yearly,898380030,-462031000,436349000,,-71784000,,0,-172891010,263458000,,263458000,,215324990,-31162000,1370000,184163010,0,,,,184163010,182792990,-42308000,0,-60574000,1775000,-48133000,73593000,-121726000,0,-31162000,,0.0,0.0,,,,,,,,,,,,,,263458000,263458000,173882270,
2011-12-31,yearly,909436030,-517737980,391697980,,-63458000,,0,-122826000,268872000,,268872000,,246624990,-25856000,1772000,220768990,0,,,,220768990,218996990,-59425000,0,-1435000,1492000,-22247000,101700000,-123947000,0,-25856000,,515.08,515.08,,,,,,,,,,,,,,268872000,268872000,177455520,
2010-12-31,yearly,762920000,-461221000,301699000,,-57040000,,0,-66674000,235024990,,235024990,,228551010,-15085000,915000,213466000,0,,,,213466000,212551010,-52901000,0,42004000,1263000,-6474000,60034000,-66508000,-10368000,-4717000,,500.84,500.84,,,,,,,,,,,,,,235024990,235024990,155116500,
