endDate,type,totalRevenue,costOfRevenue,grossProfit,researchDevelopment,sellingGeneralAdministrative,nonRecurring,otherOperatingExpenses,totalOperatingExpenses,operatingIncome,totalOtherIncomeExpenseNet,ebit,interestExpense,incomeBeforeTax,incomeTaxExpense,minorityInterest,netIncomeFromContinuingOps,discontinuedOperations,extraordinaryItems,effectOfAccountingCharges,otherItems,netIncome,netIncomeApplicableToCommonShares,salesExpenses,lossesDueToNonRecoverabilityOfAssets,otherOperatingIncome,equityIncomeResult,financialResult,financialIncome,financialExpenses,currentTaxes,deferredTaxes,incomeBeforeStatutoryParticipationsAndContributions,basicEarningsPerCommonShare,dilutedEarningsPerCommonShare,basicEarningsPerPreferredShare,profitSharingAndStatutoryContributions,dilutedEarningsPerPreferredShare,claimsAndOperationsCosts,administrativeCosts,otherOperatingIncomeAndExpenses,earningsPerShare,basicEarningsPerShare,dilutedEarningsPerShare,insuranceOperations,reinsuranceOperations,complementaryPensionOperations,capitalizationOperations,cleanEbit,cleanEbitda,cleanNopat,cleanNetIncome
2025-12-31,yearly,20697508000,-13372597000,7324910000,,-1217691000,,192643010,-2844561000,4480349000,,4480349000,,2379403000,-701192000,0,1678211000,0,,,,1678211000,0,-1819079900,0,0,-433000,-2100946000,527597000,-2628543000,-241654000,-459537980,,228.6,228.6,228.6,,228.6,,,,,,,,,,,4480349000,4480349000,2957030400,
2024-12-31,yearly,19645264000,-12273741000,7371523000,,-1111956000,,-181232000,-2874084000,4497439000,,4497439000,,2269680100,-222735010,215934000,2046945000,0,,,,2046945000,1831011000,-1605943000,0,0,25047000,-2227759000,1781487000,-4009246000,-227596000,4861000,,301.07,301.07,301.07,,301.07,,,,,,,,,,,4497439000,4497439000,2968309800,
2023-12-31,yearly,18023750000,-11174303000,6849446000,,-1001272000,,0,-2600236000,4249210000,,4249210000,,3814057000,-966669000,152850000,2847388000,0,,,,2847388000,2694538000,-1542318000,0,-71334000,14688000,-435153000,591193000,-1026346000,-180036990,-786632000,,488.6,488.6,488.6,,488.6,,,,,,,,,,,4249210000,4249210000,2804478700,
2022-12-31,yearly,20032698000,-10517844000,9514855000,,-1051201000,,0,-2824261000,6690594000,,6690594000,,6599155000,-1910252000,227652000,4688903000,0,,,,4688903000,4691729000,-1901242000,0,84616000,43566000,-91439000,580706000,-672145000,-588924030,-1321328000,,810.9,810.9,810.9,,810.9,,,,,,,,,,,6690594000,6690594000,4415792000,
2021-12-31,yearly,16481388000,-8938543000,7542845000,,-886243970,,0,-2035971000,5506874000,,5506874000,,4416411000,-1011537000,385004000,3404874000,0,,,,3404874000,3019870000,-1249359000,0,74020000,25612000,-1090463000,521175000,-1611638000,-496369000,-515168000,,549.9,549.9,549.9,,549.9,,,,,,,,,,,5506874000,5506874000,3634537000,
2020-12-31,yearly,11948794000,-7226910000,4721884000,,-717799000,,0,-1507118000,3214766000,,3214766000,,-3814365000,1424875000,98380000,-2389490000,0,,,,-2389490000,-2487870000,-1139138000,0,316696000,33123000,-7029131000,964634000,-7993765000,-446625980,1871501000,,-453.7,-453.7,-453.7,,-453.7,,,,,,,,,,,3214766000,3214766000,2121745500,
2019-12-31,yearly,10271839000,-6851181000,3420658000,,-600959000,,0,-894284030,2526374000,,2526374000,,864526000,-149908000,38793000,714618000,0,,,,714618000,675825000,-910387970,0,609826000,7237000,-1661848100,1341465000,-3003313000,58123000,-208031010,,128.3,128.3,128.3,,128.3,,,,,,,,,,,2526374000,2526374000,1667406800,
2018-12-31,yearly,10016461000,-5714039000,4302422000,,-558205000,,0,-1318817000,2983605000,,2983605000,,-68581000,255399010,49363000,186818000,0,,,,186818000,137455010,-764348030,0,-2228000,5964000,-3052186000,652163970,-3704350000,-322236000,577635000,,26.1,0.0,26.1,,0.0,,,,,,,,,,,2983605000,2983605000,1969179300,
2017-12-31,yearly,8373378000,-5637831000,2735547000,,-528398020,,0,-1183495000,1552052000,,1552052000,,838668030,-306499000,0,532169000,0,,,,532169000,532169000,-656844030,0,-11877000,13624000,-713384000,835088000,-1548472100,-299948000,-6551000,,101.3,101.3,101.3,,101.3,,,,,,,,,,,1552052000,1552052000,1024354300,
2016-12-31,yearly,7090798000,-4694112300,2396686000,,-466493000,,0,-998540030,1398146000,,1398146000,,3214935000,-732989000,0,2481946000,0,,,,2481946000,2481946000,-586075000,0,4707000,49321000,1816789000,664855000,1151934000,-190023010,-542966000,,472.2,472.2,472.2,,472.2,,,,,,,,,,,1398146000,1398146000,922776400,
2015-12-31,yearly,5687589000,-3445389000,2242200000,,-338013000,,0,-750378000,1491822000,,1491822000,,-1947808000,694611000,0,-1253197000,0,,,,-1253197000,-1253197000,-428902020,0,-13104000,29641000,-3439630000,975186000,-4414816300,-30210000,724821000,,-232.2,-232.2,-232.2,,-232.2,,,,,,,,,,,1491822000,1491822000,984602500,
2014-12-31,yearly,4893882000,-2649505000,2244377000,,-298350020,,0,-544642000,1699735000,,1699735000,,1053623000,-323293000,0,730330000,0,,,,730330000,730330000,-379726020,0,84785000,48649000,-646112000,627872000,-1273984000,154171010,-477464000,,138.9,138.9,138.9,,138.9,,,,,,,,,,,1699735000,1699735000,1121825200,
2013-12-31,yearly,4599337000,-2870628000,1728709000,,-280526020,,0,-609457000,1119252000,,1119252000,,380217980,-90121000,0,290097000,0,,,,290097000,290097000,-362638020,0,11472000,22235000,-739034000,276015000,-1015049000,-241442000,151320990,,307.2,307.2,337.9,,337.9,,,,,,,,,,,1119252000,1119252000,738706300,
2012-12-31,yearly,4163670000,-1937159900,2226510000,,-273918020,,0,-582291970,1644218000,,1644218000,,1096455900,-344491000,0,751965000,0,,,,751965000,751965000,-344574020,0,10373000,25827000,-547762000,310523000,-858285000,-133945000,-210546000,,796.4,796.4,876.0,,876.0,,,,,,,,,,,1644218000,1644218000,1085183900,
2011-12-31,yearly,3889151000,-2556865000,1332286000,,-249404990,,-88933000,-535581000,796705000,,796705000,,296137000,-113416000,0,182720990,0,,,,182720990,182720990,-321055000,0,124241000,-429000,-500568000,346031000,-846599000,-215770000,102354000,,193.0,193.0,212.3,,212.3,,,,,,,,,,,796705000,796705000,525825300,
2010-12-31,yearly,3663317000,-2292478000,1370839000,,-214876000,,-45081000,-549450000,821389000,,821389000,,871983000,-289831000,22376000,582152000,0,,,,582152000,559776000,-300153000,0,10660000,0,50594000,213162000,-162568000,-100545000,-189286000,,585.2,585.2,643.6,,643.6,,,,,,,,,,,821389000,821389000,542116740,
