endDate,type,totalRevenue,costOfRevenue,grossProfit,researchDevelopment,sellingGeneralAdministrative,nonRecurring,otherOperatingExpenses,totalOperatingExpenses,operatingIncome,totalOtherIncomeExpenseNet,ebit,interestExpense,incomeBeforeTax,incomeTaxExpense,minorityInterest,netIncomeFromContinuingOps,discontinuedOperations,extraordinaryItems,effectOfAccountingCharges,otherItems,netIncome,netIncomeApplicableToCommonShares,salesExpenses,lossesDueToNonRecoverabilityOfAssets,otherOperatingIncome,equityIncomeResult,financialResult,financialIncome,financialExpenses,currentTaxes,deferredTaxes,incomeBeforeStatutoryParticipationsAndContributions,basicEarningsPerCommonShare,dilutedEarningsPerCommonShare,basicEarningsPerPreferredShare,profitSharingAndStatutoryContributions,dilutedEarningsPerPreferredShare,claimsAndOperationsCosts,administrativeCosts,otherOperatingIncomeAndExpenses,earningsPerShare,basicEarningsPerShare,dilutedEarningsPerShare,insuranceOperations,reinsuranceOperations,complementaryPensionOperations,capitalizationOperations,cleanEbit,cleanEbitda,cleanNopat,cleanNetIncome
2025-12-31,yearly,15829460000,-6061578000,9767882000,,-2010546000,,-1017084030,-7970722000,1797159900,,1797159900,,1714676000,-257110000,0,1457566000,0,,,,1457566000,1457566000,-4132724000,-950543000,140175010,0,-82484000,374771000,-457255000,-201628990,-55481000,,1442.2,1435.4,,,,,,,,,,,,,,1797159900,1797159900,1186125600,
2024-12-31,yearly,14436366000,-5694417000,8741949000,,-1847770000,,-1006574000,-7482606000,1259343000,,1259343000,,1320997000,-124329000,0,1196668000,0,,,,1196668000,1196668000,-3881212000,-957280000,210230000,0,61654000,547367000,-485713000,-118795000,-5534000,,1138.2,1133.6,,,,,,,,,,,,,,1259343000,1259343000,831166400,
2023-12-31,yearly,13647849000,-5427247000,8220602000,,-1726176000,,-802715000,-7331525000,889077000,,889077000,,840667000,135592000,0,976259000,0,,,,976259000,976259000,-3658154000,-1343277000,198796990,0,-48410000,610615000,-659025000,-105228000,240820000,,1019.5,1016.5,,,,,,,,,,,,,,889077000,889077000,586790850,
2022-12-31,yearly,13271137000,-5286323000,7984814000,,-1535798000,,-605136000,-6577413000,1407401000,,1407401000,,1384285000,-92581000,0,1291704100,0,,,,1291704100,1291704100,-3563412000,-991742000,118675000,0,-23116000,703939000,-727055000,-184492000,91911000,,1326.1,1323.1,,,,,,,,,,,,,,1407401000,1407401000,928884700,
2021-12-31,yearly,10571556000,-4399178000,6172378000,,-1181073000,,-711945000,-5358434000,813944000,,813944000,,639853000,-6741000,0,633112000,0,,,,633112000,633112000,-3204715000,-339801000,79100000,0,-174091010,383304000,-557395000,-195071010,188330000,,664.7,662.8,,,,,,,,,,,,,,813944000,813944000,537203000,
2020-12-31,yearly,7537180000,-3223570000,4313610000,,-885233000,,-505964000,-3456731000,856879000,,856879000,,1200761000,-104492000,0,1096269000,0,,,,1096269000,1096269000,-2468018000,-412636000,815120000,0,343881980,712925000,-369043000,-162812990,58321000,,1382.8,1379.5,,,,,,,,,,,,,,856879000,856879000,565540160,
2019-12-31,yearly,9588437000,-3730521000,5857916000,,-880620030,,-502894020,-4214262000,1643654000,,1643654000,,1511854000,-412761000,0,1099093000,0,,,,1099093000,1099093000,-2537083000,-381049000,87384000,0,-131800000,74422000,-206222000,-472822020,60061000,,1427.6,1421.2,,,,,,,,,,,,,,1643654000,1643654000,1084811600,
2018-12-31,yearly,8426541000,-3284517000,5142024000,,-819994000,,-397702020,-3718203000,1423821000,,1423821000,,1370193000,-350057000,0,1020136000,0,,,,1020136000,1020136000,-2256607000,-280673000,36773000,0,-53628000,49164000,-102792000,-278097000,-71960000,,1410.0,1400.0,,,,,,,,,,,,,,1423821000,1423821000,939721860,
2017-12-31,yearly,7444305000,-2944913000,4499392000,,-610734000,,-767064000,-3412154000,1087238000,,1087238000,,1004137000,-271457980,0,732679000,0,,,,732679000,732679000,-1792022000,-255835010,13501000,0,-83101000,59058000,-142159010,-334774020,63316000,,1063.8,1051.0,,,,,,,,,,,,,,1087238000,1087238000,717577100,
2016-12-31,yearly,6451578000,-2575083000,3876495000,,-521149000,,-641449000,-2900805000,975690000,,975690000,,872380030,-247322000,625058000,625058000,0,,,,625058000,0,-1547462000,-262203010,71458000,0,-103310000,87472000,-190782000,-253651010,6329000,,974.2,966.1,,,,,,,,,,,,,,975690000,975690000,643955400,
2015-12-31,yearly,6145198000,-2511352000,3633846000,,-469389000,,-609075970,-2700593000,933253000,,933253000,,828667000,-249828990,0,578838000,0,,,,578838000,578838000,-1389728000,-281141000,48741000,0,-104586000,93853000,-198439010,-275069000,25240000,,906.6,903.8,,,,,,,,,,,,,,933253000,933253000,615947000,
2014-12-31,yearly,5216820000,-2165915000,3050905000,,-397998020,,-505678020,-2248855000,802050000,,802050000,,708175000,-236755010,0,471420000,0,,,,471420000,471420000,-1171753000,-188460000,15034000,0,-93875000,93088000,-186963010,-266888000,30133000,,3732.7,3726.8,,,,,,,,,,,,,,802050000,802050000,529353000,
2013-12-31,yearly,4370328000,-1867584000,2502744000,,-330255000,,-381004000,-1852306000,650438000,,650438000,,582714000,-175310000,0,407404000,0,,,,407404000,407404000,-1030055000,-142488990,31497000,0,-67724000,52345000,-120069000,-169580990,-5729000,,3254.7,3202.9,,,,,,,,,,,,,,650438000,650438000,429289100,
2012-12-31,yearly,3862508000,-1634246000,2228262000,,-293931000,,-354381000,-1669012000,559250000,,559250000,,508820000,-153419010,0,355401000,0,,,,355401000,355401000,-929554000,-126080000,34934000,0,-50430000,33362000,-83792000,-169603010,16184000,,2873.9,2818.2,,,,,,,,,,,,,,559250000,559250000,369105000,
2011-12-31,yearly,3238543000,-1396129000,1842414000,,-250682000,,-249626000,-1369781000,472633000,,472633000,,475393000,-138486000,0,336907000,0,,,,336907000,336907000,-775541000,-109427000,15495000,0,2760000,50299000,-47539000,-140014000,1528000,,2750.4,2696.5,,,,,,,,,,,,,,472633000,472633000,311937800,
2010-12-31,yearly,2751338000,-1209459000,1541879000,,-211764000,,-209378000,-1137405000,404473980,,404473980,,431771000,-123743000,0,308028000,0,,,,308028000,308028000,-641702000,-88172000,13611000,0,27297000,39785000,-12488000,-136223010,12480000,,2525.2,2479.6,,,,,,,,,,,,,,404473980,404473980,266952830,
