endDate,type,totalRevenue,costOfRevenue,grossProfit,researchDevelopment,sellingGeneralAdministrative,nonRecurring,otherOperatingExpenses,totalOperatingExpenses,operatingIncome,totalOtherIncomeExpenseNet,ebit,interestExpense,incomeBeforeTax,incomeTaxExpense,minorityInterest,netIncomeFromContinuingOps,discontinuedOperations,extraordinaryItems,effectOfAccountingCharges,otherItems,netIncome,netIncomeApplicableToCommonShares,salesExpenses,lossesDueToNonRecoverabilityOfAssets,otherOperatingIncome,equityIncomeResult,financialResult,financialIncome,financialExpenses,currentTaxes,deferredTaxes,incomeBeforeStatutoryParticipationsAndContributions,basicEarningsPerCommonShare,dilutedEarningsPerCommonShare,basicEarningsPerPreferredShare,profitSharingAndStatutoryContributions,dilutedEarningsPerPreferredShare,claimsAndOperationsCosts,administrativeCosts,otherOperatingIncomeAndExpenses,earningsPerShare,basicEarningsPerShare,dilutedEarningsPerShare,insuranceOperations,reinsuranceOperations,complementaryPensionOperations,capitalizationOperations,cleanEbit,cleanEbitda,cleanNopat,cleanNetIncome
2025-12-31,yearly,2356938000,-1534178000,822760000,,-125664000,,-39672000,-376121980,446638020,,446638020,,482051000,-61878000,-272000,420173000,0,,,,420173000,420445000,-210670000,0,0,-116000,35413000,141951010,-106538000,-37169000,-24709000,,0.0,,,,,,,,,,,,,,,446638020,446638020,294781100,
2024-12-31,yearly,1570023900,-1043410000,526614020,,-101506000,,-32910000,-278665000,247948990,,247948990,,290045000,-38991000,-440000,251054000,0,,,,251054000,251494000,-144378000,0,0,129000,42096000,86820000,-44724000,-31508000,-7483000,,0.0,,,,,,,,,,,,,,,247948990,247948990,163646340,
2023-12-31,yearly,1151243000,-751454000,399789000,,-86923000,,-37331000,-227943010,171846000,,171846000,,193202000,-37585000,-221000,155616990,0,,,,155616990,155838000,-105469000,0,0,1780000,21356000,46814000,-25458000,-31899000,-5686000,,0.0,,,,,,,,,,,,,,,171846000,171846000,113418360,
2022-12-31,yearly,799527000,-533059000,266468000,,-74642000,,-29191000,-178907010,87561000,,87561000,,127456000,-22399000,-860000,105057000,0,,,,105057000,105917000,-75589000,0,0,515000,39895000,69923000,-30028000,-21021000,-1378000,,0.0,,,,,,,,,,,,,,,87561000,87561000,57790260,
2021-12-31,yearly,619643000,-393880000,225763010,,-60686000,,-27244000,-163527010,62236000,,62236000,,98791000,-13848000,1989000,84943000,0,,,,84943000,82954000,-76698000,0,0,1101000,36555000,59987000,-23432000,-13618000,-230000,,0.0,,,,,,,,,,,,,,,62236000,62236000,41075760,
2020-12-31,yearly,513301000,-374334020,138967010,,-46839000,,-121692000,-211280000,-72313000,,-72313000,,-93770000,-10629000,-4284000,-104399000,0,,,,-104399000,-100115000,-50655000,0,0,7906000,-21457000,25462000,-46919000,-10824000,195000,,0.0,,,,,,,,,,,,,,,-72313000,-72313000,-47726580,
2019-12-31,yearly,407765000,-245840000,161924990,,-30487000,,0,-71705000,90220000,,90220000,,-89505000,-9640000,-2814000,-99145000,0,,,,-99145000,-96331000,-46472000,0,5254000,0,-179724990,25299000,-205024000,-10006000,366000,,0.0,,,,,,,,,,,,,,,90220000,90220000,59545200,
2018-12-31,yearly,359960000,-289288000,70672000,,-32134000,,-55728000,-125267000,-54595000,,-54595000,,-193780000,-4599000,3936000,-198379010,0,,,,-198379010,-202315010,-41761000,0,4356000,0,-139184990,18295000,-157480000,-3189000,-1410000,,-7410.0,,,,,,,,,,,,,,,-54595000,-54595000,-36032700,
2017-12-31,yearly,609610000,-436681000,172928990,,-31320000,,368000,-84695000,88234000,,88234000,,-43142000,53832000,11939000,10690000,0,,,,10690000,-1249000,-46214000,0,-5926000,-1603000,-131376000,16212000,-147588000,-13213000,67045000,,0.0,,,,,,,,,,,,,,,88234000,88234000,58234440,
2016-12-31,yearly,602816000,-523006020,79810000,,-45018000,,-2996000,-92016000,-12206000,,-12206000,,-106297000,-13229000,-7308000,-119526000,0,,,,-119526000,-112218000,-53621000,0,2728000,6891000,-94091000,22815000,-116906000,-14745000,1516000,,-280.0,,,,,,,,,,,,,,,-12206000,-12206000,-8055960,
2015-12-31,yearly,774905000,-560543000,214362000,,-49508000,,0,-66321000,148040990,,148040990,,90812000,-18078000,37125000,72734000,0,,,,72734000,35609000,-59653000,0,26088000,16752000,-57229000,36225000,-93454000,-16646000,-1432000,,90.0,,,,,,,,,,,,,,,148040990,148040990,97707056,
2014-12-31,yearly,851563000,-605535000,246028000,,-44144000,,0,-95721000,150307010,,150307010,,110410000,-15194000,26090000,95216000,0,,,,95216000,69126000,-58503000,0,4920000,2006000,-39897000,35344000,-75241000,-21116000,5922000,,180.0,,,,,,,,,,,,,,,150307010,150307010,99202616,
2013-12-31,yearly,824445000,-591818000,232627010,,-51769000,,0,-76891000,155736000,,155736000,,135592990,-17976000,15894000,117617000,0,,,,117617000,101723000,-43815000,0,25466000,-6773000,-20143000,33558000,-53701000,-21058000,3082000,,290.0,,,,,,,,,,,,,,,155736000,155736000,102785760,
2012-12-31,yearly,895009000,-684601000,210408000,,-36966000,,0,-66667000,143740990,,143740990,,116664000,-15890000,-11242000,100774000,0,,,,100774000,112016000,-35944000,0,6243000,0,-27077000,27062000,-54139000,-15470000,-420000,,320.0,,,,,,,,,,,,,,,143740990,143740990,94869056,
2011-12-31,yearly,695062000,-493521980,201540000,,-47478000,,0,-73256000,128284000,,128284000,,112925000,-15183000,-980000,97742000,0,,,,97742000,98722000,-17924000,0,-7854000,0,-15359000,20299000,-35658000,-11344000,-3839000,,,,,,,,,,,,,,,,,128284000,128284000,84667440,
2010-12-31,yearly,606754000,-365896000,240858000,,-30095000,,0,-37405000,203452990,,203452990,,175443010,-16253000,-6673000,159190000,0,,,,159190000,165863010,-12535000,0,5225000,0,-28010000,10949000,-38959000,-20540000,4287000,,2100.0,,,,,,,,,,,,,,,203452990,203452990,134278980,
