endDate,type,totalRevenue,costOfRevenue,grossProfit,researchDevelopment,sellingGeneralAdministrative,nonRecurring,otherOperatingExpenses,totalOperatingExpenses,operatingIncome,totalOtherIncomeExpenseNet,ebit,interestExpense,incomeBeforeTax,incomeTaxExpense,minorityInterest,netIncomeFromContinuingOps,discontinuedOperations,extraordinaryItems,effectOfAccountingCharges,otherItems,netIncome,netIncomeApplicableToCommonShares,salesExpenses,lossesDueToNonRecoverabilityOfAssets,otherOperatingIncome,equityIncomeResult,financialResult,financialIncome,financialExpenses,currentTaxes,deferredTaxes,incomeBeforeStatutoryParticipationsAndContributions,basicEarningsPerCommonShare,dilutedEarningsPerCommonShare,basicEarningsPerPreferredShare,profitSharingAndStatutoryContributions,dilutedEarningsPerPreferredShare,claimsAndOperationsCosts,administrativeCosts,otherOperatingIncomeAndExpenses,earningsPerShare,basicEarningsPerShare,dilutedEarningsPerShare,insuranceOperations,reinsuranceOperations,complementaryPensionOperations,capitalizationOperations,cleanEbit,cleanEbitda,cleanNopat,cleanNetIncome
2025-12-31,yearly,38703387000,-27148837000,11554551000,,-2677056000,,0,-9635868000,1918683000,,1918683000,,-125496000,330099000,0,204603010,0,,,,204603010,204603010,-7375871000,-455819000,745610000,127268000,-2044179000,775854000,-2820033000,0,0,,264.0,264.0,,,,,,,,,,,,,,1918683000,1918683000,1266330800,
2024-12-31,yearly,38038070000,-26410811000,11627256000,,-2707003000,,0,-10064824000,1562432000,,1562432000,,87384000,361333000,0,448717000,0,,,,448717000,448717000,-7131584000,-452704000,78011000,148456000,-1475047900,720233000,-2195281000,0,0,,610.0,610.0,,,,,,,,,,,,,,1562432000,1562432000,1031205100,
2023-12-31,yearly,36768150000,-26604265000,10163883000,,-2577894000,,0,-10536031000,-372148000,,-372148000,,-2064367000,1085263000,0,-979104000,0,,,,-979104000,-979104000,-7002066000,-386157000,-550904000,-19010000,-1692219000,1106101000,-2798320100,0,0,,-146.0,-146.0,,,,,,,,,,,,,,-372148000,-372148000,-245617680,
2022-12-31,yearly,37299003000,-26860106000,10438896000,,-2533822000,,0,-9667261000,771635000,,771635000,,-1269398000,770423000,0,-498975000,0,,,,-498975000,-498975000,-6741109000,-239658000,-116934000,-35738000,-2041033000,695425000,-2736458000,0,0,,-75.0,-75.0,,,,,,,,,,,,,,771635000,771635000,509279100,
2021-12-31,yearly,35278150000,-26791344000,8486805000,,-1848618000,,0,-8016203000,470601980,,470601980,,-218408990,809070000,0,590661000,0,,,,590661000,590661000,-6374429000,-154244000,261760000,99328000,-689011000,491577000,-1180588000,0,0,,89.0,88.0,,,,,,,,,,,,,,470601980,470601980,310597300,
2020-12-31,yearly,29177113000,-21657151000,7519962000,,-1609322000,,0,-6695386000,824576000,,824576000,,414081000,-22372000,0,391709000,0,,,,391709000,391709000,-5162618000,-118119000,74744000,119929000,-410495000,183368000,-593863000,0,0,,61.0,60.0,,,,,,,,,,,,,,824576000,824576000,544220160,
2019-12-31,yearly,19886310000,-14332349000,5553961000,,-1188562000,,0,-4265398000,1288563000,,1288563000,,1218150000,-296321980,0,921827970,0,,,,921827970,921827970,-3444111900,-75993000,416662020,26607000,-70413000,640917000,-711330000,0,0,,569.0,562.0,,,,,,,,,,,,,,1288563000,1288563000,850451600,
2018-12-31,yearly,15590444000,-11053022000,4537422000,,-759833000,,0,-3455871000,1081551000,,1081551000,,786863000,-189434000,0,597429000,0,,,,597429000,597429000,-2747447000,-59737000,53389000,57757000,-294688000,133929000,-428617000,0,0,,3162.0,3137.0,,,,,,,,,,,,,,1081551000,1081551000,713823700,
2017-12-31,yearly,11984250000,-8378239000,3606011000,,-679085000,,0,-2718317000,887694000,,887694000,,476873000,-87851000,0,389022020,0,,,,389022020,389022020,-2119953000,-41921000,36486000,86156000,-410821000,110107000,-520928000,0,0,,2203.0,2186.0,,,,,,,,,,,,,,887694000,887694000,585878000,
2016-12-31,yearly,9508745000,-6586130000,2922615000,,-615545000,,0,-2341670000,580945000,,580945000,,77096000,9469000,0,86565000,0,,,,86565000,86565000,-1776258000,-26074000,13505000,62702000,-503849000,116655000,-620504000,0,0,,3980.0,,,,,,,,,,,,,,,580945000,580945000,383423700,
2015-12-31,yearly,8978259000,-6399630000,2578629000,,-584280000,,0,-2239703000,338926020,,338926020,,-147128990,81524000,0,-65605000,0,,,,-65605000,-65605000,-1720799000,-30462000,20233000,75605000,-486055000,130297000,-616352000,0,0,,-2940.0,,,,,,,,,,,,,,,338926020,338926020,223691150,
2014-12-31,yearly,9779385000,-7086909000,2692476000,,-556882000,,0,-2201548000,490928000,,490928000,,130186000,-1630000,0,128556000,0,,,,128556000,128556000,-1746258000,-22547000,24519000,99620000,-360742020,96469000,-457211000,0,0,,700.0,,,,,,,,,,,,,,,490928000,490928000,324012480,
2013-12-31,yearly,8088439000,-5825444000,2262995000,,-505680000,,0,-1888029000,374966020,,374966020,,131004000,-17198000,0,113806000,0,,,,113806000,113806000,-1513769000,-21212000,98168000,54464000,-243962000,69398000,-313360000,0,0,,610.0,,,,,,,,,,,,,,,374966020,374966020,247477550,
2012-12-31,yearly,7665112000,-5146597000,2518515000,,-481965000,,0,-2370250000,148264990,,148264990,,-24032000,17287000,0,-6745000,0,,,,-6745000,-6745000,-1581049000,-338519000,31283000,0,-172296990,55695000,-227992000,0,0,,36.17,,,,,,,,,,,,,,,148264990,148264990,97854896,
2011-12-31,yearly,6419371000,-4275084000,2144287000,,-441566020,,0,-1930627000,213660000,,213660000,,47937000,-36271000,0,11666000,0,,,,11666000,11666000,-1270971000,-244931010,26841000,0,-165723010,51686000,-217408990,0,0,,66.87,,,,,,,,,,,,,,,213660000,213660000,141015600,
2010-12-31,yearly,4808024000,-3166261000,1641763000,,-281016000,,0,-1390330000,251432990,,251432990,,109968000,-41134000,0,68834000,0,,,,68834000,68834000,-976930000,-175332990,42949000,0,-141464990,0,0,0,0,,458.89,,,,,,,,,,,,,,,251432990,251432990,165945780,
