endDate,type,totalRevenue,costOfRevenue,grossProfit,researchDevelopment,sellingGeneralAdministrative,nonRecurring,otherOperatingExpenses,totalOperatingExpenses,operatingIncome,totalOtherIncomeExpenseNet,ebit,interestExpense,incomeBeforeTax,incomeTaxExpense,minorityInterest,netIncomeFromContinuingOps,discontinuedOperations,extraordinaryItems,effectOfAccountingCharges,otherItems,netIncome,netIncomeApplicableToCommonShares,salesExpenses,lossesDueToNonRecoverabilityOfAssets,otherOperatingIncome,equityIncomeResult,financialResult,financialIncome,financialExpenses,currentTaxes,deferredTaxes,incomeBeforeStatutoryParticipationsAndContributions,basicEarningsPerCommonShare,dilutedEarningsPerCommonShare,basicEarningsPerPreferredShare,profitSharingAndStatutoryContributions,dilutedEarningsPerPreferredShare,claimsAndOperationsCosts,administrativeCosts,otherOperatingIncomeAndExpenses,earningsPerShare,basicEarningsPerShare,dilutedEarningsPerShare,insuranceOperations,reinsuranceOperations,complementaryPensionOperations,capitalizationOperations,cleanEbit,cleanEbitda,cleanNopat,cleanNetIncome
2025-12-31,yearly,18850646000,-9907701000,8942944000,,-1754246000,,0,-1674745000,7268199000,,7268199000,,4144115000,-997907000,223912000,3146208000,357289000,,,,3503497000,3279585000,0,0,0,79501000,-3124084000,0,0,0,0,,1631.3,1623.56,,,,,,,,,,,,,,7268199000,7268199000,4797011500,
2024-12-31,yearly,21783792000,-14448085000,7335706000,,-2153483000,,0,-1906817000,5428889000,,5428889000,,2336499000,-1024883970,62920000,1311615000,0,,,,1311615000,1248695000,0,0,0,246666000,-3092390000,0,0,0,0,,619.63,618.17,,,,,,,,,,,,,,5428889000,5428889000,3583066600,
2023-12-31,yearly,18932726000,-10813464000,8119261000,,-2074849000,,0,-1895457000,6223804000,,6223804000,,3011327000,-1156826000,149660990,1854501000,0,,,,1854501000,1704839900,0,0,0,179392000,-3212477000,0,0,0,0,,844.65,843.98,,,,,,,,,,,,,,6223804000,6223804000,4107710700,
2022-12-31,yearly,19181690000,-7985602000,11196089000,,-1338025000,,0,-1083911900,10112177000,,10112177000,,7005004000,-2792824000,79092000,4212180000,0,,,,4212180000,4133088000,0,0,0,254112990,-3107173000,2221790000,-5328963000,-1280908000,-1511916000,,2046.08,2046.08,,,,,,,,,,,,,,10112177000,10112177000,6674036700,
2021-12-31,yearly,12244247000,-7601600000,4642647000,,-1084507000,,0,-999646000,3643001000,,3643001000,,1880241000,-1074645000,109965000,805596030,0,,,,805596030,695631000,0,0,0,84861000,-1762759900,1643073000,-3405833000,-696223000,-378422020,,344.37,344.37,,,,,,,,,,,,,,3643001000,3643001000,2404380700,
2020-12-31,yearly,9889480000,-6463437000,3426043000,,-1354905000,,0,-1391190000,2034853000,,2034853000,,681356030,-595243000,-104919000,86113000,0,,,,86113000,191032000,0,0,0,-36285000,-1353497000,459726020,-1813223000,-740792000,145548990,,94.57,94.57,,,,,,,,,,,,,,2034853000,2034853000,1343003000,
2019-12-31,yearly,10590811000,-6100646000,4490165000,,-1105015000,,-54958000,-942687000,3547478000,,3547478000,,2307617000,-881165000,-11803000,1426452000,0,,,,1426452000,1438255000,0,0,123249000,94037000,-1239861000,546027000,-1785888000,-908694000,27529000,,712.01,712.01,,,,,,,,,,,,,,3547478000,3547478000,2341335600,
2018-12-31,yearly,9715859000,-5851638000,3864221000,,-887468030,,-12993000,-1514891000,2349330000,,2349330000,,1369933000,-733751000,-146556990,636182000,0,,,,636182000,782739000,0,0,-776304000,161874000,-979397000,858302000,-1837699000,-798469000,64718000,,387.49,387.49,,,,,,,,,,,,,,2349330000,2349330000,1550557800,
2017-12-31,yearly,10560997000,-6621416000,3939581000,,-726168000,,-16213000,-42552000,3897029000,,3897029000,,2711304000,-928386000,-14548000,1782918000,0,,,,1782918000,1797466000,0,0,564856000,134972990,-1185725000,1223620000,-2409345000,-845283970,-83102000,,904.5,904.5,,,,,,,,,,,,,,3897029000,3897029000,2572039200,
2016-12-31,yearly,9996067000,-6566717000,3429350000,,-714229000,,-86263000,873094000,4302444000,,4302444000,,2466911000,-829464000,-76404000,1637447000,0,,,,1637447000,1713851000,0,0,1430438000,243148000,-1835533000,1382844000,-3218377000,-988150000,158686000,,970.7,970.7,,,,,,,,,,,,,,4302444000,4302444000,2839613000,
2015-12-31,yearly,8478865000,-5249930000,3228935000,,-679196030,,-5734000,-499497980,2729437000,,2729437000,,1216343000,-429472000,-87497000,786871000,0,,,,786871000,874368000,0,0,9079000,176352990,-1513094000,1502359000,-3015453000,-655251000,225779010,,495.23,495.23,,,,,,,,,,,,,,2729437000,2729437000,1801428500,
2014-12-31,yearly,7397194000,-4110174000,3287020000,,-709047000,,-11310000,-423870020,2863150000,,2863150000,,1967676000,-617983000,852000,1349693000,0,,,,1349693000,1348841000,0,0,98829000,197658000,-895474000,430465980,-1325940000,-741528000,123545000,,763.96,763.96,,,,,,,,,,,,,,2863150000,2863150000,1889679000,
2013-12-31,yearly,6016558000,-2805722000,3210836000,,-646550000,,-9815000,-485817980,2725018000,,2725018000,,2092054000,-724170000,16893000,1367884000,0,,,,1367884000,1350991000,0,0,117732000,52815000,-632963970,245592990,-878557000,-783237000,59067000,,765.18,765.18,,,,,,,,,,,,,,2725018000,2725018000,1798511900,
2012-12-31,yearly,5767698000,-2525380000,3242318000,,-748914000,,-9974000,-744882000,2497436000,,2497436000,,1826328100,-633955000,15089000,1192373000,0,,,,1192373000,1177284000,0,0,14006000,0,-671107970,265883010,-936991000,-669430000,35475000,,660.33,0.0,,,,,,,,,,,,,,2497436000,2497436000,1648307700,
2011-12-31,yearly,5134296000,-2282075000,2852221000,,-490979000,,-84223000,-575202000,2277019000,,2277019000,,1354281000,-443512000,11397000,910769000,0,,,,910769000,899372030,0,0,0,0,-922738000,350535000,-1273273000,-586488000,142976000,,1490.0,,,,,,,,,,,,,,,2277019000,2277019000,1502832500,
2010-12-31,yearly,4657256000,-2454652000,2202604000,,-458009000,,-43343000,-501352000,1701252000,,1701252000,,1073314000,-395806020,5786000,677507970,0,,,,677507970,671722000,0,0,0,0,-627938000,463161980,-1091100000,-529113980,133308000,,1500.0,,,,,,,,,,,,,,,1701252000,1701252000,1122826400,
