endDate,type,totalRevenue,costOfRevenue,grossProfit,researchDevelopment,sellingGeneralAdministrative,nonRecurring,otherOperatingExpenses,totalOperatingExpenses,operatingIncome,totalOtherIncomeExpenseNet,ebit,interestExpense,incomeBeforeTax,incomeTaxExpense,minorityInterest,netIncomeFromContinuingOps,discontinuedOperations,extraordinaryItems,effectOfAccountingCharges,otherItems,netIncome,netIncomeApplicableToCommonShares,salesExpenses,lossesDueToNonRecoverabilityOfAssets,otherOperatingIncome,equityIncomeResult,financialResult,financialIncome,financialExpenses,currentTaxes,deferredTaxes,incomeBeforeStatutoryParticipationsAndContributions,basicEarningsPerCommonShare,dilutedEarningsPerCommonShare,basicEarningsPerPreferredShare,profitSharingAndStatutoryContributions,dilutedEarningsPerPreferredShare,claimsAndOperationsCosts,administrativeCosts,otherOperatingIncomeAndExpenses,earningsPerShare,basicEarningsPerShare,dilutedEarningsPerShare,insuranceOperations,reinsuranceOperations,complementaryPensionOperations,capitalizationOperations,cleanEbit,cleanEbitda,cleanNopat,cleanNetIncome
2025-12-31,yearly,14672054000,-9909816000,4762238000,,-589802000,,-125828000,-1506109000,3256129000,,3256129000,,347601000,-29237000,0,318364000,0,,,,318364000,0,-662255000,-128188000,0,-36000,-2908528100,679869000,-3588397000,0,-29237000,,923.2,921.6,,,,,,,,,,,,,,3256129000,3256129000,2149045200,
2024-12-31,yearly,13481270000,-9465403000,4015867000,,-550739970,,-153019010,-1395795000,2620072000,,2620072000,,309523000,-78030000,0,231492990,0,,,,231492990,231492990,-619817000,-72219000,0,0,-2310549000,378347000,-2688896000,0,-78030000,,480.4,480.3,,,,,,,,,,,,,,2620072000,2620072000,1729247500,
2023-12-31,yearly,10342015000,-7573494000,2768521000,,-657835000,,-205330000,-1506954000,1261567000,,1261567000,,-836809000,185958000,0,-650851000,0,,,,-650851000,-650851000,-555464000,-88325000,0,0,-2098375900,273073980,-2371450000,-16935000,202892990,,-1824.1426,-1824.1426,,,,,,,,,,,,,,1261567000,1261567000,832634240,
2022-12-31,yearly,9600029000,-5994481000,3605548000,,-471686020,,-165003010,-1188800000,2416748000,,2416748000,,715409000,-159003010,0,556406000,0,,,,556406000,0,-486776000,-65335000,0,0,-1701339000,509089000,-2210428000,-10008000,-148995010,,1538.93,1537.2,,,,,,,,,,,,,,2416748000,2416748000,1595053700,
2021-12-31,yearly,5332623000,-2946075000,2386548000,,-292953980,,-99216000,-719811970,1666736000,,1666736000,,1181770000,-362331000,0,819439000,0,,,,819439000,0,-297143000,-30499000,0,0,-484966020,473753000,-958719000,-40838000,-321493000,,2517.3,2512.6,,,,,,,,,,,,,,1666736000,1666736000,1100045700,
2020-12-31,yearly,4085259000,-3219781000,865478000,,-206327010,,-79808000,-561177000,304301000,,304301000,,138983010,-29956000,0,109027000,0,,,,109027000,109027000,-216627010,-58415000,0,0,-165318000,99666000,-264984000,-20090000,-9866000,,365.5,363.8,,,,,,,,,,,,,,304301000,304301000,200838660,
2019-12-31,yearly,3836044000,-2896435000,939609000,,-231002000,,-11305000,-471421000,468188000,,468188000,,280857980,-53043000,0,227815010,0,,,,227815010,227815010,-205806000,-23308000,0,0,-187330000,57293000,-244623010,-185000,-52858000,,821.1,817.7,,,,,,,,,,,,,,468188000,468188000,309004060,
2018-12-31,yearly,2538599000,-1731963000,806636030,,-372249980,,0,-426909000,379727000,,379727000,,206942000,-47188000,0,159754000,0,,,,159754000,159754000,0,1351000,-56010000,0,-172784990,46351000,-219136000,-20307000,-26881000,,727.4,,,,,,,,,,,,,,,379727000,379727000,250619820,
2017-12-31,yearly,2467983000,-1823113000,644870000,,-318881000,,0,-392761980,252108000,,252108000,,90313000,-24570000,0,65743000,723000,,,,66466000,66466000,0,0,-73881000,0,-161795010,55887000,-217682000,-3704000,-20866000,,322.3,,,,,,,,,,,,,,,252108000,252108000,166391280,
2016-12-31,yearly,1893180000,-1448915000,444265000,,-205380000,,-161000,-252983010,191282000,,191282000,,49360000,-17200000,0,32160000,7537000,,,,39697000,39697000,0,0,-47442000,0,-141922000,50433000,-192355010,-3139000,-14061000,,54.4,,,,,,,,,,,,,,,191282000,191282000,126246120,
2015-12-31,yearly,1213502000,-948187000,265315010,,-101096000,,-837000,-113295000,152020000,,152020000,,64368000,-16800000,0,47568000,19482000,,,,67050000,67050000,0,0,-11362000,0,-87652000,28316000,-115968000,-16800000,0,,107.41,,,,,,,,,,,,,,,152020000,152020000,100333200,
2014-12-31,yearly,60263000,-39252000,21011000,,-10125000,,-29000,-10349000,10662000,,10662000,,5736000,-970000,0,4766000,0,,,,4766000,4766000,0,0,-195000,0,-4926000,540000,-5466000,-970000,0,,,,,,,,,,,,,,,,,10662000,10662000,7036920,
