endDate,type,totalRevenue,costOfRevenue,grossProfit,researchDevelopment,sellingGeneralAdministrative,nonRecurring,otherOperatingExpenses,totalOperatingExpenses,operatingIncome,totalOtherIncomeExpenseNet,ebit,interestExpense,incomeBeforeTax,incomeTaxExpense,minorityInterest,netIncomeFromContinuingOps,discontinuedOperations,extraordinaryItems,effectOfAccountingCharges,otherItems,netIncome,netIncomeApplicableToCommonShares,salesExpenses,lossesDueToNonRecoverabilityOfAssets,otherOperatingIncome,equityIncomeResult,financialResult,financialIncome,financialExpenses,currentTaxes,deferredTaxes,incomeBeforeStatutoryParticipationsAndContributions,basicEarningsPerCommonShare,dilutedEarningsPerCommonShare,basicEarningsPerPreferredShare,profitSharingAndStatutoryContributions,dilutedEarningsPerPreferredShare,claimsAndOperationsCosts,administrativeCosts,otherOperatingIncomeAndExpenses,earningsPerShare,basicEarningsPerShare,dilutedEarningsPerShare,insuranceOperations,reinsuranceOperations,complementaryPensionOperations,capitalizationOperations,cleanEbit,cleanEbitda,cleanNopat,cleanNetIncome
2025-12-31,yearly,10906236000,-7706442000,3199794000,,-627521000,,-1328555000,-2998598000,201196000,,201196000,,-840465000,-202239010,-448000,-1042704000,0,,,,-1042704000,-1042256000,-962515000,0,33941000,-113948000,-1041661000,570043000,-1611704100,-174176000,-28063000,,-1851.83,-1851.83,,,,,,,,,,,,,,201196000,201196000,132789360,
2024-12-31,yearly,9009035000,-6633159000,2375876000,,-678056000,,-325624000,-1942336000,433540000,,433540000,,-333609000,-148488000,21105000,-482097000,0,,,,-482097000,-503201980,-797357000,0,-839000,-140460000,-767149000,497397000,-1264546000,-131202000,-17286000,,-894.09,-894.09,,,,,,,,,,,,,,433540000,433540000,286136380,
2023-12-31,yearly,7429915000,-5742737000,1687178000,,-653368000,,-269201980,-1617317000,69861000,,69861000,,-73387000,54948000,11376000,-18439000,0,,,,-18439000,-29815000,-755131000,0,144892990,-84509000,-143248000,324112000,-467360000,-157050000,211998000,,-57.27,-57.27,,,,,,,,,,,,,,69861000,69861000,46108260,
2022-12-31,yearly,6645285000,-5327731000,1317554000,,-610568000,,-239936990,-955171970,362382020,,362382020,,125593000,-249056000,53185000,-123463000,0,,,,-123463000,-176648000,-661701000,0,666874000,-109840000,-236788990,357337000,-594126000,-318304000,69248000,,-365.56,-365.56,,,,,,,,,,,,,,362382020,362382020,239172110,
2021-12-31,yearly,7106201000,-5277356000,1828845000,,-503390020,,-160024000,-699735000,1129110000,,1129110000,,1154202000,-277397000,97732000,876805000,0,,,,876805000,779073000,-642309000,0,658337000,-52349000,25092000,263296000,-238204000,-160106000,-117291000,,1613.46,1606.09,,,,,,,,,,,,,,1129110000,1129110000,745212600,
2020-12-31,yearly,6646359000,-4772021000,1874338000,,-433409980,,-129274000,-1160603000,713735000,,713735000,,760747000,-139755010,70852000,620992000,0,,,,620992000,550140030,-649261000,0,98083000,-46741000,47012000,155540990,-108529000,-126216000,-13539000,,1148.84,1143.21,,,,,,,,,,,,,,713735000,713735000,471065100,
2019-12-31,yearly,6055722000,-4213455000,1842267000,,-351676000,,-132009000,-1101591000,740675970,,740675970,,877920000,-130044000,57631000,747875970,0,,,,747875970,690245000,-592252030,0,46408000,-72062000,137244000,195363010,-58119000,-122075000,-7969000,,1561.28,1554.9,,,,,,,,,,,,,,740675970,740675970,488846140,
2018-12-31,yearly,5418995000,-3620489000,1798506000,,-347374020,,-135803010,-1056570000,741936000,,741936000,,878566000,-120429000,67829000,758137000,0,,,,758137000,690307970,-585959000,0,40421000,-27855000,136630000,239536990,-102907000,-124714000,4285000,,1558.7816,1551.0831,,,,,,,,,,,,,,741936000,741936000,489677760,
2017-12-31,yearly,4759888000,-3147749000,1612139000,,-319719000,,-115487000,-945626000,666513000,,666513000,,805195000,-105171000,46622000,700024000,0,,,,700024000,653402000,-550298000,0,72927000,-33049000,138682000,283030020,-144348000,-111897000,6726000,,1479.8452,1471.3412,,,,,,,,,,,,,,666513000,666513000,439898600,
2016-12-31,yearly,4249049000,-2862270000,1386779000,,-287489980,,-122770000,-931951000,454828000,,454828000,,668476030,-94072000,17290000,574403970,0,,,,574403970,557114000,-498741000,0,34338000,-57288000,213648000,276281980,-62634000,-100495000,6423000,,1262.74,1257.48,,,,,,,,,,,,,,454828000,454828000,300186460,
2015-12-31,yearly,4763038000,-3324401000,1438637000,,-279577980,,-149216990,-940302000,498335000,,498335000,,698595970,-103242000,47773000,595354000,0,,,,595354000,547581000,-457636000,0,41961000,-95832000,200260990,277945980,-77685000,-117427000,14185000,,1239.87,1238.07,,,,,,,,,,,,,,498335000,498335000,328901100,
2014-12-31,yearly,4186185000,-3002072000,1184113000,,-259160000,,-125194000,-480437000,703676030,,703676030,,814651000,-63251000,31189000,751400000,0,,,,751400000,720211000,-356486020,0,45659000,214744000,110975000,223016990,-112042000,-97275000,34024000,,1570.26,1568.26,,,,,,,,,,,,,,703676030,703676030,464426140,
2013-12-31,yearly,3870607900,-2849186000,1021422000,,-244134000,,-108808000,-552604030,468817980,,468817980,,499053000,-48858000,27111000,450195000,0,,,,450195000,423084000,-269779000,0,69940000,177000,30235000,167248990,-137014000,-67053000,18195000,,890.82,884.75,,,,,,,,,,,,,,468817980,468817980,309419870,
2012-12-31,yearly,4265885000,-3074431000,1191454000,,-228511010,,0,-549837000,641617000,,641617000,,606275970,-31439000,47271000,574837000,0,,,,574837000,527566020,-278012000,0,-43314000,0,-35341000,112724000,-148064990,-72681000,41242000,,1103.6,1095.0,,,,,,,,,,,,,,641617000,641617000,423467230,
2011-12-31,yearly,4015063000,-2767616000,1247447000,,-201331010,,0,-354424000,893023000,,893023000,,902617000,-86326000,56188000,816291000,0,,,,816291000,760103000,-224344990,0,71252000,0,9594000,146323010,-136728990,-59152000,-27174000,,1578.3,1563.3,,,,,,,,,,,,,,893023000,893023000,589395200,
2010-12-31,yearly,3020951000,-2044107000,976844030,,-146858000,,0,-306971000,669873000,,669873000,,760498000,-85299000,40711000,675199000,0,,,,675199000,634488000,-163118000,0,3005000,0,90625000,130646000,-40021000,-36581000,-48718000,,1316.4,1302.8,,,,,,,,,,,,,,669873000,669873000,442116200,
