endDate,type,totalRevenue,costOfRevenue,grossProfit,researchDevelopment,sellingGeneralAdministrative,nonRecurring,otherOperatingExpenses,totalOperatingExpenses,operatingIncome,totalOtherIncomeExpenseNet,ebit,interestExpense,incomeBeforeTax,incomeTaxExpense,minorityInterest,netIncomeFromContinuingOps,discontinuedOperations,extraordinaryItems,effectOfAccountingCharges,otherItems,netIncome,netIncomeApplicableToCommonShares,salesExpenses,lossesDueToNonRecoverabilityOfAssets,otherOperatingIncome,equityIncomeResult,financialResult,financialIncome,financialExpenses,currentTaxes,deferredTaxes,incomeBeforeStatutoryParticipationsAndContributions,basicEarningsPerCommonShare,dilutedEarningsPerCommonShare,basicEarningsPerPreferredShare,profitSharingAndStatutoryContributions,dilutedEarningsPerPreferredShare,claimsAndOperationsCosts,administrativeCosts,otherOperatingIncomeAndExpenses,earningsPerShare,basicEarningsPerShare,dilutedEarningsPerShare,insuranceOperations,reinsuranceOperations,complementaryPensionOperations,capitalizationOperations,cleanEbit,cleanEbitda,cleanNopat,cleanNetIncome
2025-12-31,yearly,2739082000,-493041000,2246041000,,-287273000,,-82078000,-380446020,1865595000,,1865595000,,1327943000,-186710000,113000,1141233000,0,,,,1141233000,1141120000,0,0,-11096000,1000,-537651970,168256990,-705909000,-98334000,-88376000,,2324.9,2301.3,,,,,,,,,,,,,,1865595000,1865595000,1231292700,
2024-12-31,yearly,2544789000,-423377980,2121411000,,-294993980,,-90726000,-411883000,1709528100,,1709528100,,1517029000,-176043010,172000,1340986000,0,,,,1340986000,1340814000,0,0,-26080000,-83000,-192499010,179272000,-371771000,-95954000,-80089000,,2401.3,2380.2,,,,,,,,,,,,,,1709528100,1709528100,1128288500,
2023-12-31,yearly,2029569000,-293877000,1735692000,,-304470020,,-78215000,-377316000,1358375900,,1358375900,,1131034000,-110480000,164000,1020554000,0,,,,1020554000,1020390000,0,0,-14083000,19452000,-227342000,140939010,-368281000,-78216000,-32264000,,1747.8,1733.0,,,,,,,,,,,,,,1358375900,1358375900,896528100,
2022-12-31,yearly,1797605000,-338915000,1458690000,,-305743000,,-61010000,-390187000,1068503000,,1068503000,,826699000,-57311000,133000,769388030,0,,,,769388030,769255000,0,0,-39987000,16553000,-241804000,144756000,-386560000,-81088000,23777000,,1310.6,1299.6,,,,,,,,,,,,,,1068503000,1068503000,705211970,
2021-12-31,yearly,1288393000,-271381000,1017011970,,-293108000,,-55764000,-405492000,611520000,,611520000,,497365000,-44667000,-401000,452697980,0,,,,452697980,453099000,0,0,-45740000,-10880000,-114155000,88079000,-202234000,-42174000,-2493000,,764.6,756.3,,,,,,,,,,,,,,611520000,611520000,403603200,
2020-12-31,yearly,1081575900,-274780000,806796030,,-237708000,,-29302000,339654020,1146450000,,1146450000,,1070330000,-106352000,-196000,963978000,0,,,,963978000,964174000,0,0,611885000,-5221000,-76120000,71087000,-147207010,-33936000,-72416000,,1615.4,1601.2,,,,,,,,,,,,,,1146450000,1146450000,756657000,
2019-12-31,yearly,1305587000,-272175000,1033411970,,-252072990,,-83565000,-328889000,704523000,,704523000,,559009000,-89814000,-1803000,469195000,0,,,,469195000,470998020,0,0,1101000,5648000,-145514000,70639000,-216152990,-84652000,-5162000,,790.9,785.5,,,,,,,,,,,,,,704523000,704523000,464985180,
2018-12-31,yearly,1229142000,-278949000,950193000,,-194320990,,-24361000,-213699010,736494000,,736494000,,594881000,-124308000,-2375000,470573000,0,,,,470573000,472948000,0,0,-3001000,7984000,-141612990,80741000,-222354000,-101044000,-23264000,,793.9,790.9,,,,,,,,,,,,,,736494000,736494000,486086050,
2017-12-31,yearly,1156379000,-273321000,883058000,,-188243010,,-57763000,-247376990,635681000,,635681000,,438624000,-70088000,-865000,368536000,0,,,,368536000,369401000,0,0,-7323000,5952000,-197056990,102023000,-299080000,-67938000,-2150000,,1870.0,1869.1,,,,,,,,,,,,,,635681000,635681000,419549470,
2016-12-31,yearly,1109950000,-261064000,848886000,,-177391010,,-25166000,-194644000,654242000,,654242000,,442315000,-130513000,-139000,311801980,0,,,,311801980,311941000,0,0,2412000,5501000,-211927010,78588000,-290515000,-119931000,-10582000,,1656.3,1656.3,,,,,,,,,,,,,,654242000,654242000,431799700,
2015-12-31,yearly,1065030000,-241256990,823773000,,-169904990,,-34036000,-196211010,627562000,,627562000,,442531000,-80572000,-226000,361959000,0,,,,361959000,362185000,0,0,0,7730000,-185031010,55938000,-240968990,-71336000,-9236000,,1924.5,1924.3,,,,,,,,,,,,,,627562000,627562000,414190900,
2014-12-31,yearly,1113454000,-297278020,816176000,,-176504990,,-26049000,-186716990,629459000,,629459000,,467007000,-98960000,-15000,368047000,0,,,,368047000,368062020,0,0,0,15837000,-162452000,37082000,-199534000,-75897000,-23063000,,1958.2,1956.8,,,,,,,,,,,,,,629459000,629459000,415442940,
2013-12-31,yearly,973054000,-268813000,704241000,,-173835010,,-42173000,-218220000,486021000,,486021000,,372705000,-88096000,55000,284609000,0,,,,284609000,284553980,0,0,0,-2212000,-113316000,47386000,-160702000,-71406000,-16690000,,1531.3,1529.3,,,,,,,,,,,,,,486021000,486021000,320773860,
2012-12-31,yearly,961873000,-241487010,720386000,,-170435010,,-16373000,-179364990,541021000,,541021000,,499475000,-110113000,1307000,389361980,0,,,,389361980,388055000,0,0,4570000,2873000,-41546000,58379000,-99925000,-57265000,-52848000,,2176.2,2175.1,,,,,,,,,,,,,,541021000,541021000,357073860,
2011-12-31,yearly,676252030,-148876990,527375000,,-125665000,,-13009000,-132476000,394899000,,394899000,,426457980,-117539000,10743000,308919000,0,,,,308919000,298176000,0,0,4055000,2143000,31559000,86979000,-55420000,-60668000,-56871000,,1674.1,1673.5,,,,,,,,,,,,,,394899000,394899000,260633340,
2010-12-31,yearly,604375000,-141614000,462761000,,-93098000,,-60570000,-157179010,305582020,,305582020,,349125000,-120127000,10615000,228998000,0,,,,228998000,218383010,0,0,0,-3511000,43543000,89123000,-45580000,-14972000,-105155000,,1228.6,1228.4,,,,,,,,,,,,,,305582020,305582020,201684110,
