endDate,type,totalRevenue,costOfRevenue,grossProfit,researchDevelopment,sellingGeneralAdministrative,nonRecurring,otherOperatingExpenses,totalOperatingExpenses,operatingIncome,totalOtherIncomeExpenseNet,ebit,interestExpense,incomeBeforeTax,incomeTaxExpense,minorityInterest,netIncomeFromContinuingOps,discontinuedOperations,extraordinaryItems,effectOfAccountingCharges,otherItems,netIncome,netIncomeApplicableToCommonShares,salesExpenses,lossesDueToNonRecoverabilityOfAssets,otherOperatingIncome,equityIncomeResult,financialResult,financialIncome,financialExpenses,currentTaxes,deferredTaxes,incomeBeforeStatutoryParticipationsAndContributions,basicEarningsPerCommonShare,dilutedEarningsPerCommonShare,basicEarningsPerPreferredShare,profitSharingAndStatutoryContributions,dilutedEarningsPerPreferredShare,claimsAndOperationsCosts,administrativeCosts,otherOperatingIncomeAndExpenses,earningsPerShare,basicEarningsPerShare,dilutedEarningsPerShare,insuranceOperations,reinsuranceOperations,complementaryPensionOperations,capitalizationOperations,cleanEbit,cleanEbitda,cleanNopat,cleanNetIncome
2025-12-31,yearly,19113000000,-13845000000,5267999700,,-605000000,,-1812999900,-5437000000,-169000000,,-169000000,,-1432999900,791000000,9000000,-642000000,-173000000,,,,-815000000,-824000000,-3079000000,0,0,60000000,-1264000000,0,0,-7000000,798000000,,-1680.83,-1680.83,0.0,,0.0,,,,,,,,,,,-169000000,-169000000,-111540000,
2024-12-31,yearly,18790000000,-13618000000,5171999700,,-648000000,,-1984000000,-5608000000,-436000000,,-436000000,,-1676999900,12000000,4000000,-1664999900,-738000000,,,,-2403000000,-2407000000,-3040000000,0,0,64000000,-1240999900,0,0,-93000000,105000000,,-5395.28,-5395.28,0.0,,0.0,,,,,,,,,,,-436000000,-436000000,-287760000,
2023-12-31,yearly,19250000000,-14433000000,4817000000,,-574000000,,-1230000000,-4140000000,677000000,,677000000,,-332000000,418000000,137000000,86000000,-2220000000,,,,-2134000000,-2271000000,-3104000000,0,0,768000000,-1009000000,0,0,-193000000,611000000,,-8411.75,-8417.91,0.0,,0.0,,,,,,,,,,,677000000,677000000,446820000,
2022-12-31,yearly,17321000000,-13019000000,4302000000,,-598000000,,-1364999900,-4867000000,-565000000,,-565000000,,-1315000100,454000000,168000000,-861000000,857000000,,,,-4000000,-172000000,-2699000000,0,0,-205000000,-750000000,0,0,174000000,280000000,,-638.51,-638.51,0.0,,0.0,,,,,,,,,,,-565000000,-565000000,-372900000,
2021-12-31,yearly,51291000000,-38341000000,12950000000,,-1708000000,,-1860000000,-11260000000,1690000000,,1690000000,,369000000,594000000,158000000,963000000,-3000000,,,,960000000,802000000,-7645000000,0,0,-47000000,-1320999900,0,0,-82000000,676000000,,2984.78,2980.36,0.0,,0.0,,,,,,,,,,,1690000000,1690000000,1115399900,
2020-12-31,yearly,51253000000,-37504000000,13749000000,,-1588000000,,-1875000100,-11120000000,2629000000,,2629000000,,1900999900,-662000000,147000000,1239000100,1087000100,,,,2326000100,2179000000,-7755000000,0,0,98000000,-728000000,0,0,-371000000,-291000000,,8132.8325,8121.043,0.0,,0.0,,,,,,,,,,,2629000000,2629000000,1735140000,
2019-12-31,yearly,56635000000,-44445000000,12190000000,,-923000000,,-1872000000,-10224000000,1966000000,,1966000000,,760000000,-272000000,46000000,488000000,348000000,,,,836000000,790000000,-7431000000,0,0,2000000,-1206000000,0,0,-96000000,-176000000,,2958.0435,2953.53,0.0,,0.0,,,,,,,,,,,1966000000,1966000000,1297559900,
2018-12-31,yearly,49388000000,-37834000000,11554000000,,-1057000000,,-1056000000,-9377000000,2177000000,,2177000000,,1703000100,-449000000,-13000000,1254000000,-74000000,,,,1180000000,1192999900,-7297000000,0,0,33000000,-474000000,0,0,-347000000,-102000000,,4198.7017,4198.7017,4641.285,,4609.6123,,,,,,,,,,,2177000000,2177000000,1436820000,
2017-12-31,yearly,44634000000,-33931000000,10703000000,,-972000000,,-1358000000,-9194000000,1508999900,,1508999900,,779000000,-297000000,246000000,482000000,383000000,,,,865000000,619000000,-6803999700,0,0,-60000000,-730000000,0,0,-171000000,-126000000,,2188.1,2180.73,2406.92,,2390.74,,,,,,,,,,,1508999900,1508999900,995939970,
2016-12-31,yearly,41454000000,-31933000000,9521000000,,-884000000,,-1274000000,-8665000000,856000000,,856000000,,-47000000,-24000000,-594000000,-71000000,-1005000000,,,,-1076000000,-482000000,-6567000000,0,0,60000000,-903000000,0,0,-126000000,102000000,,-1816.69,-1816.69,-1816.69,,-1816.69,,,,,,,,,,,856000000,856000000,564960000,
2015-12-31,yearly,69220000000,-52934000000,16286000000,,-1716999900,,-1644999900,-14563000000,1723000100,,1723000100,,70000000,-346000000,-541000000,-276000000,0,,,,-276000000,265000000,-11313000000,0,0,112000000,-1652999900,0,0,-211000000,-135000000,,938.93,938.69,1032.82,,1030.4,,,,,,,,,,,1723000100,1723000100,1137180000,
2014-12-31,yearly,65525000000,-48580000000,16945000000,,-1484000000,,-1262000000,-12941000000,4004000000,,4004000000,,2496000000,-736000000,490000000,1760000000,0,,,,1760000000,1270000000,-10303000000,0,0,108000000,-1508000000,687000000,-2195000000,-514000000,-222000000,,4966.61,4953.3,4514.45,,4514.5,,,,,,,,,,,4004000000,4004000000,2642639900,
2013-12-31,yearly,57730260000,-42704080000,15026183000,,-1484734000,,-1801150000,-12077944000,2948239000,,2948239000,,1754790000,-358583000,343712000,1396207000,0,,,,1396207000,1052495000,-9180009000,0,340639000,47310000,-1193449000,642751000,-1836199900,-269493000,-89090000,,3750.0,,4130.0,,,,,,,,,,,,,2948239000,2948239000,1945837700,
2012-12-31,yearly,50924462000,-37120733000,13803729000,,-1753859000,,-1164524000,-10934522000,2869207000,,2869207000,,1676334000,-519897980,105255000,1156436000,0,,,,1156436000,1051181000,-8032333000,0,5375000,10819000,-1192873000,593287000,-1786160000,-326550020,-193348000,,3780.0,,4150.0,,,,,,,,,,,,,2869207000,2869207000,1893676700,
2011-12-31,yearly,46594486000,-33932964000,12661522000,,-1683097000,,-815170000,-10524159000,2137363000,,2137363000,,804655000,-84999000,1437000,719656000,0,,,,719656000,718219000,-7936647000,0,-124070000,34825000,-1332708000,593250000,-1925958000,-142116990,57118000,,2610.0,,2870.0,,,,,,,,,,,,,2137363000,2137363000,1410659600,
2010-12-31,yearly,32091675000,-24241476000,7850198000,,-912675970,,-555973000,-6248904000,1601294000,,1601294000,,778293000,-86558000,-30687000,691735000,0,,,,691735000,722422000,-4904572000,0,89818000,34499000,-823001000,331697980,-1154699000,-52052000,-34506000,,,,,,,,,,,,,,,,,1601294000,1601294000,1056854000,
