endDate,type,totalRevenue,costOfRevenue,grossProfit,researchDevelopment,sellingGeneralAdministrative,nonRecurring,otherOperatingExpenses,totalOperatingExpenses,operatingIncome,totalOtherIncomeExpenseNet,ebit,interestExpense,incomeBeforeTax,incomeTaxExpense,minorityInterest,netIncomeFromContinuingOps,discontinuedOperations,extraordinaryItems,effectOfAccountingCharges,otherItems,netIncome,netIncomeApplicableToCommonShares,salesExpenses,lossesDueToNonRecoverabilityOfAssets,otherOperatingIncome,equityIncomeResult,financialResult,financialIncome,financialExpenses,currentTaxes,deferredTaxes,incomeBeforeStatutoryParticipationsAndContributions,basicEarningsPerCommonShare,dilutedEarningsPerCommonShare,basicEarningsPerPreferredShare,profitSharingAndStatutoryContributions,dilutedEarningsPerPreferredShare,claimsAndOperationsCosts,administrativeCosts,otherOperatingIncomeAndExpenses,earningsPerShare,basicEarningsPerShare,dilutedEarningsPerShare,insuranceOperations,reinsuranceOperations,complementaryPensionOperations,capitalizationOperations,cleanEbit,cleanEbitda,cleanNopat,cleanNetIncome
2025-12-31,yearly,497549000000,-260551000000,236998000000,,-10802000000,,-51372000000,-91370000000,145628000000,,145628000000,,150599000000,-39994000000,476000000,110605000000,0,,,,110605000000,110129000000,-28954000000,0,0,-242000000,4971000000,8286000000,-3315000000,-35099000000,-4895000000,,8540,8540.0,8540,,8540.0,,,,,,,,,,,145628000000,145628000000,96114480000,
2024-12-31,yearly,490829000000,-244367000000,246462000000,,-9931000000,,-69729000000,-109261000000,137201000000,,137201000000,,54730000000,-17721000000,403000000,37009000000,0,,,,37009000000,36606000000,-26134000000,0,0,-3467000000,-82471000000,10488001000,-92959000000,-40824000000,23103000000,,2840,2840.0,2840,,2840.0,,,,,,,,,,,137201000000,137201000000,90552660000,
2023-12-31,yearly,511994000000,-242061000000,269933000000,,-7952000000,,-45996000000,-80591000000,189342000000,,189342000000,,177481000000,-52315000000,560000000,125166000000,0,,,,125166000000,124606000000,-25163000000,0,0,-1480000000,-11861000000,10821000000,-22682000000,-47773000000,-4542000000,,9570,9570.0,9570,,9570.0,,,,,,,,,,,189342000000,189342000000,124965720000,
2022-12-31,yearly,641256000000,-307156000000,334100000000,,-6877000000,,-8811000000,-39845000000,294255000000,,294255000000,,274998000000,-85993000000,677000000,189005000000,0,,,,189005000000,188328000000,-25448000000,0,0,1291000100,-19257000000,9420000000,-28677000000,-81475000000,-4518000000,,14440,14440.0,14440,,14440.0,,,,,,,,,,,294255000000,294255000000,194208300000,
2021-12-31,yearly,452668000000,-233031000000,219637000000,,-6339999700,,11913000000,-8806000000,210831000000,,210831000000,,151575000000,-44311000000,596000000,107264000000,0,,,,107264000000,106668000000,-22806000000,0,0,8427000000,-59256000000,4458000000,-63714000000,-22667000000,-21644000000,,8180,8180.0,8180,,8180.0,,,,,,,,,,,210831000000,210831000000,139148460000,
2020-12-31,yearly,272069000000,-148107000000,123962000000,,-5525000000,,-40524000000,-74341000000,49621000000,,49621000000,,37000000,6209000000,-862000000,6246000000,0,,,,6246000000,7107999700,-25020000000,0,0,-3272000000,-49584000000,2821000000,-52405000000,-2731000000,8940000000,,540,540.0,540,,540.0,,,,,,,,,,,49621000000,49621000000,32749860000,
2019-12-31,yearly,302245000000,-180140000000,122105000000,,-8368000000,,-14837000000,-40404000000,81701000000,,81701000000,,47242000000,-16400000000,833000000,30842000000,10128000000,,,,40970000000,40137000000,-17746000000,0,0,547000000,-34459000000,5271000000,-39730000000,-5363999700,-11036000000,,3080,3080.0,3080,,3080.0,,,,,,,,,,,81701000000,81701000000,53922660000,
2018-12-31,yearly,349836000000,-225293000000,124543000000,,-8932000000,,-35793000000,-59667000000,64876000000,,64876000000,,43776000000,-17078000000,919000000,26698000000,0,,,,26698000000,25779000000,-16861000000,0,0,1919000100,-21100000000,11647000000,-32747000000,-14291000000,-2787000000,,1980,1980.0,1980,,1980.0,,,,,,,,,,,64876000000,64876000000,42818160000,
2017-12-31,yearly,283695000000,-192100000000,91595000000,,-9314000000,,-32147000000,-53822000000,37773000000,,37773000000,,6174000000,-5797000000,823000000,377000000,0,,,,377000000,-446000000,-14510000000,0,0,2149000000,-31599000000,3337000000,-34936000000,-4345000000,-1452000000,,-30,-30.0,-30,,-30.0,,,,,,,,,,,37773000000,37773000000,24930180000,
2016-12-31,yearly,282589000000,-192611000000,89978000000,,-11482000000,,-47560000000,-73496000000,16482000000,,16482000000,,-10703000000,-2342000100,1779000100,-13045000000,0,,,,-13045000000,-14823999000,-13825000000,0,0,-629000000,-27185000000,3638000100,-30823000000,-5622000000,3280000000,,-1140,-1140.0,-1140,,-1140.0,,,,,,,,,,,16482000000,16482000000,10878120000,
2015-12-31,yearly,321638000000,-223062000000,98576000000,,-11031000000,,-84043000000,-111764000000,-13188000000,,-13188000000,,-41229000000,6058000000,-335000000,-35171000000,0,,,,-35171000000,-34836000000,-15893000000,0,0,-797000000,-28041000000,4867000000,-32908000000,-2853000000,8911000000,,-2670,-2670.0,-2670,,-2670.0,,,,,,,,,,,-13188000000,-13188000000,-8704080000,
2014-12-31,yearly,337260000000,-256823000000,80437000000,,-11223000000,,-75607000000,-102353000000,-21916000000,,-21916000000,,-25816000000,3892000000,-337000000,-21924000000,0,,,,-21924000000,-21587000000,-15974000000,0,0,451000000,-3900000000,5355000000,-9255000000,-4133000000,8025000000,,-1650,-1650.0,-1650,,-1650.0,,,,,,,,,,,-21916000000,-21916000000,-14464560000,
2013-12-31,yearly,304889920000,-233725950000,71163990000,,-10751129000,,-16550337000,-36807520000,34356460000,,34356460000,,28154276000,-5147390000,-563482000,23006886000,0,,,,23006886000,23570366000,-10601040000,0,0,1094983900,-6202185000,3910801000,-10112986000,-4824638000,-322752000,,1810,1810.0,1810,,1810.0,,,,,,,,,,,34356460000,34356460000,22675263000,
2012-12-31,yearly,281379470000,-210472120000,70907355000,,-9842321000,,-20069415000,-39431324000,31476031000,,31476031000,,27753472000,-6794109000,-223080000,20959361000,0,,,,20959361000,21182441000,-9603629000,0,0,84042000,-3722560000,7241157000,-10963717000,-2537856000,-4256253000,,1620,1620.0,1620,,1620.0,,,,,,,,,,,31476031000,31476031000,20774180000,
2011-12-31,yearly,244176140000,-166939260000,77236880000,,-8646758000,,-15797229000,-33008163000,44228720000,,44228720000,,44350940000,-11241328000,-203484990,33109613000,0,,,,33109613000,33313098000,-8950043000,0,0,385868000,122220000,6542637000,-6420417000,-5084456000,-6156872000,,2550,,2550,,,,,,,,,,,,,44228720000,44228720000,29190955000,
2010-12-31,yearly,213273670000,-136051830000,77221840000,,-7997249000,,-15122502000,-31647252000,45574586000,,45574586000,,48137417000,-12235972000,712079000,35901444000,0,,,,35901444000,35189367000,-8660306000,-75581000,0,208386000,2562829000,5874155000,-3311326000,-6441969000,-5794003000,,3570,,3570,,,,,,,,,,,,,45574586000,45574586000,30079228000,
