endDate,type,totalRevenue,costOfRevenue,grossProfit,researchDevelopment,sellingGeneralAdministrative,nonRecurring,otherOperatingExpenses,totalOperatingExpenses,operatingIncome,totalOtherIncomeExpenseNet,ebit,interestExpense,incomeBeforeTax,incomeTaxExpense,minorityInterest,netIncomeFromContinuingOps,discontinuedOperations,extraordinaryItems,effectOfAccountingCharges,otherItems,netIncome,netIncomeApplicableToCommonShares,salesExpenses,lossesDueToNonRecoverabilityOfAssets,otherOperatingIncome,equityIncomeResult,financialResult,financialIncome,financialExpenses,currentTaxes,deferredTaxes,incomeBeforeStatutoryParticipationsAndContributions,basicEarningsPerCommonShare,dilutedEarningsPerCommonShare,basicEarningsPerPreferredShare,profitSharingAndStatutoryContributions,dilutedEarningsPerPreferredShare,claimsAndOperationsCosts,administrativeCosts,otherOperatingIncomeAndExpenses,earningsPerShare,basicEarningsPerShare,dilutedEarningsPerShare,insuranceOperations,reinsuranceOperations,complementaryPensionOperations,capitalizationOperations,cleanEbit,cleanEbitda,cleanNopat,cleanNetIncome
2025-12-31,yearly,9057548000,-6743255000,2314293000,,-472533000,,17191000,-964673000,1349620000,,1349620000,,1567449000,-331941000,12159000,1235508000,0,,,,1235508000,1223349000,-417611000,0,0,-91720000,217828990,857512000,-639683000,-300912000,-31029000,,986.92,978.92,986.92,,978.92,,,,,,,,,,,1349620000,1349620000,890749200,
2024-12-31,yearly,8593837000,-6462477000,2131360000,,-380061000,,-18832000,-673788030,1457572000,,1457572000,,1470621000,-248244000,22358000,1222377000,0,,,,1222377000,1200019000,-352368000,0,0,77473000,13049000,716027000,-702978000,-244030000,-4214000,,1099.79,1089.6,1099.79,,1089.6,,,,,,,,,,,1457572000,1457572000,961997500,
2023-12-31,yearly,6683218000,-5144577000,1538641000,,-305653000,,-60646000,-738067000,800574000,,800574000,,865550000,-54739000,-5348000,810811000,0,,,,810811000,816159000,-333135000,0,0,-38633000,64976000,722189000,-657213000,-62806000,8067000,,866.86,861.93,866.86,,861.93,,,,,,,,,,,800574000,800574000,528378850,
2022-12-31,yearly,5415618000,-4586109000,829509000,,-243184990,,-47730000,-563730000,265779010,,265779010,,413284000,23518000,-12312000,436801980,0,,,,436801980,449113980,-231283010,0,0,-41532000,147504990,657712000,-510207000,-40449000,63967000,,477.58,474.3,477.58,,474.3,,,,,,,,,,,265779010,265779010,175414140,
2021-12-31,yearly,3499439000,-3143215000,356224000,,-206291010,,253995010,-128199000,228024990,,228024990,,382897000,-24525000,-8251000,358372000,0,,,,358372000,366623000,-191570000,0,0,15667000,154872000,499805000,-344933000,-80090000,55565000,,390.09,387.19,390.09,,387.19,,,,,,,,,,,228024990,228024990,150496500,
2020-12-31,yearly,3589662000,-2994073000,595589000,,-183406000,,5507000,-423127000,172462000,,172462000,,48692000,42015000,-13156000,90707000,0,,,,90707000,103863000,-211818000,0,0,-33410000,-123770000,489601980,-613372030,-869000,42884000,,110.57,109.69,110.57,,109.69,,,,,,,,,,,172462000,172462000,113824920,
2019-12-31,yearly,4314534000,-3664255000,650279000,,-188932990,,-15017000,-398697980,251580990,,251580990,,245200990,-33172000,10642000,212028990,0,,,,212028990,201387010,-220754000,0,0,26006000,-6380000,255832000,-262212000,-36595000,3423000,,213.43,211.65,213.43,,211.65,,,,,,,,,,,251580990,251580990,166043460,
2018-12-31,yearly,4197468000,-3533152000,664316030,,-181812000,,-25235000,-363031000,301285000,,301285000,,209303010,-18356000,4217000,190947010,0,,,,190947010,186730000,-251055010,0,0,95071000,-91982000,205063010,-297045000,-43006000,24650000,,202.7,201.83,202.7,,201.83,,,,,,,,,,,301285000,301285000,198848100,
2017-12-31,yearly,2875993000,-2472347000,403646020,,-167119010,,-80397000,-329393000,74253000,,74253000,,92973000,-10861000,9942000,82112000,0,,,,82112000,72170000,-168734000,0,0,86857000,18720000,292019000,-273299000,-33267000,22406000,,78.41,78.01,78.41,,78.01,,,,,,,,,,,74253000,74253000,49006980,
2016-12-31,yearly,2574093000,-2248335000,325758020,,-165262000,,190356000,-21815000,303943000,,303943000,,370237000,-147691010,3158000,222546000,0,,,,222546000,219388000,-140920000,0,0,94011000,66294000,577534000,-511240000,-142368990,-5322000,,248.1,246.7,248.1,,246.7,,,,,,,,,,,303943000,303943000,200602380,
2015-12-31,yearly,2739132000,-2263165000,475967000,,-158483010,,-19570000,-309897980,166068990,,166068990,,127717000,-38634000,2134000,89083000,0,,,,89083000,86949000,-164840990,0,0,32996000,-38352000,449181000,-487533000,-44268000,5634000,,99.98,99.32,99.98,,99.32,,,,,,,,,,,166068990,166068990,109605536,
2014-12-31,yearly,3400194000,-2807859000,592335000,,-171340990,,0,-327073000,265262000,,265262000,,276363000,-52293000,1918000,224070000,0,,,,224070000,222152000,-196438000,0,5386000,35320000,11101000,240239010,-229138000,-56111000,3818000,,251.82,249.83,251.82,,249.83,,,,,,,,,,,265262000,265262000,175072910,
2013-12-31,yearly,3659309000,-2928774000,730535000,,-173823010,,-6913000,-335641980,394893000,,394893000,,390249000,-98132000,3408000,292117000,0,,,,292117000,288709000,-179890000,0,0,24984000,-4644000,196140990,-200784990,-85640000,-12492000,,327.2,325.7,327.2,,325.7,,,,,,,,,,,394893000,394893000,260629380,
2012-12-31,yearly,3817134000,-3041141000,775993000,,-173220990,,-683000,-384737000,391256000,,391256000,,409173000,-106816000,2328000,302357000,0,,,,302357000,300029000,-220223010,0,0,9390000,17917000,209667010,-191750000,-106107000,-709000,,676.2,674.2,676.2,,674.2,,,,,,,,,,,391256000,391256000,258228960,
2011-12-31,yearly,3368876000,-2627180000,741696000,,-144799010,,-3299000,-313214020,428481980,,428481980,,495960000,-151936990,879000,344023000,0,,,,344023000,343144000,-173520000,0,0,8404000,67478000,249835010,-182356990,-177215010,25278000,,770.7,767.1,770.7,,767.1,,,,,,,,,,,428481980,428481980,282798100,
2010-12-31,yearly,2964499000,-2333156000,631343000,,-138174000,,0,-267551010,363792000,,363792000,,441957000,-146203010,-784000,295753980,0,,,,295753980,296537980,-162650000,0,26189000,7084000,78165000,208803010,-130638000,-134562000,-11641000,,,,,,,,,,,,,,,,,363792000,363792000,240102720,
