endDate,type,totalRevenue,costOfRevenue,grossProfit,researchDevelopment,sellingGeneralAdministrative,nonRecurring,otherOperatingExpenses,totalOperatingExpenses,operatingIncome,totalOtherIncomeExpenseNet,ebit,interestExpense,incomeBeforeTax,incomeTaxExpense,minorityInterest,netIncomeFromContinuingOps,discontinuedOperations,extraordinaryItems,effectOfAccountingCharges,otherItems,netIncome,netIncomeApplicableToCommonShares,salesExpenses,lossesDueToNonRecoverabilityOfAssets,otherOperatingIncome,equityIncomeResult,financialResult,financialIncome,financialExpenses,currentTaxes,deferredTaxes,incomeBeforeStatutoryParticipationsAndContributions,basicEarningsPerCommonShare,dilutedEarningsPerCommonShare,basicEarningsPerPreferredShare,profitSharingAndStatutoryContributions,dilutedEarningsPerPreferredShare,claimsAndOperationsCosts,administrativeCosts,otherOperatingIncomeAndExpenses,earningsPerShare,basicEarningsPerShare,dilutedEarningsPerShare,insuranceOperations,reinsuranceOperations,complementaryPensionOperations,capitalizationOperations,cleanEbit,cleanEbitda,cleanNopat,cleanNetIncome
2025-12-31,yearly,15583960000,-12469053000,3114907000,,-813717000,,-491868000,-1305585000,1809322000,,1809322000,,-232612990,2484092000,0,2251479000,0,,,,2251479000,2251479000,0,0,0,0,-2041935000,7553345000,-9595280000,-419518020,2903610000,,2771.6787,2769.742,,,,,,,,,,,,,,1809322000,1809322000,1194152600,
2024-12-31,yearly,14360653000,-7085876000,7274777000,,-603173000,,0,-329316000,6945461000,,6945461000,,6361119000,3940487000,0,10301606000,0,,,,10301606000,10301606000,0,0,273857000,0,-584342000,7776853000,-8361195000,-567521000,4508008000,,12346.43,12292.92,,,,,,,,,,,,,,6945461000,6945461000,4584004000,
2023-12-31,yearly,11905041000,-4246137000,7658904000,,-567393000,,0,-503041980,7155862000,,7155862000,,6104672300,-924767000,0,5179905000,0,,,,5179905000,5179905000,0,0,64351000,0,-1051190000,1525252000,-2576442000,-683641000,-241126000,,6164.24,6113.9,,,,,,,,,,,,,,7155862000,7155862000,4722868700,
2022-12-31,yearly,6363475000,-2106303000,4257172000,,-367529000,,0,-340959000,3916213000,,3916213000,,3661820000,-234748000,0,3427072000,0,,,,3427072000,3427072000,0,0,26570000,0,-254392990,278680000,-558099000,-545459970,310712000,,4061.3843,4023.3706,,,,,,,,,,,,,,3916213000,3916213000,2584700700,
2021-12-31,yearly,4396003000,-1883358000,2512645000,,-315640000,,-75562000,-391201980,2121443000,,2121443000,,1499121000,-166075010,0,1333046000,0,,,,1333046000,1333046000,0,0,0,0,-622322000,946536000,-1568858000,-344812000,178736990,,1615.0,1597.0,,,,,,,,,,,,,,2121443000,2121443000,1400152300,
2020-12-31,yearly,1904185000,-1286926000,617259000,,-337947000,,663437000,325489980,942749000,,942749000,,484080000,-31167000,147000,452913000,0,,,,452913000,452766020,0,0,0,0,-458669000,1469151000,-1927820000,-77140000,45973000,,3308.0,3308.0,,,,,,,,,,,,,,942749000,942749000,622214340,
2019-12-31,yearly,1644346000,-940379000,703967000,,-245716000,,420005000,174288990,878256000,,878256000,,541002000,301344000,0,842346000,0,,,,842346000,842346000,0,0,0,0,-337254020,377142020,-714396030,-55658000,357001980,,6301.0,6301.0,,,,,,,,,,,,,,878256000,878256000,579648960,
2018-12-31,yearly,848920000,-528809000,320111000,,-117971000,,-31751000,-149811010,170300000,,170300000,,241376990,-36502000,0,204875010,0,,,,204875010,204875010,0,-89000,0,0,71077000,313524000,-242447010,-42969000,6467000,,16848.6,16848.6,,,,,,,,,,,,,,170300000,170300000,112398000,
2017-12-31,yearly,533921980,-435064000,98858000,,-98116000,,41467000,-56649000,42209000,,42209000,,28434000,2193000,0,30627000,0,,,,30627000,30627000,0,0,0,0,-13775000,171756000,-185531010,-2545000,4738000,,2446.0,2446.0,,,,,,,,,,,,,,42209000,42209000,27857940,
2016-12-31,yearly,397871000,-408468000,-10597000,,-75029000,,351422020,269681000,259084000,,259084000,,252951010,-11329000,0,241622000,0,,,,241622000,241622000,0,0,-6712000,0,-6133000,313817000,-319950020,-4639000,-6690000,,18377.44,18377.44,,,,,,,,,,,,,,259084000,259084000,170995440,
2015-12-31,yearly,253071010,-294457000,-41386000,,-84354000,,17797000,125600000,84214000,,84214000,,104894000,5527000,0,110421000,0,,,,110421000,110421000,0,-79497000,271654020,0,20680000,332553000,-311873000,124000,5403000,,1674.6,1674.6,,,,,,,,,,,,,,84214000,84214000,55581240,
2014-12-31,yearly,486839000,-468078020,18761000,,-143634000,,-12543000,-1086636000,-1067875000,,-1067875000,,-1052003000,53241000,0,-998762000,-4311000,,,,-1003073000,-1003073000,0,-1028666000,98207000,0,15872000,81445000,-65573000,-13287000,66528000,,-33718.5,-33718.5,,,,,,,,,,,,,,-1067875000,-1067875000,-704797500,
2013-12-31,yearly,4395000,-2267000,2128000,,-334351000,,0,-2607356000,-2605228000,,-2605228000,,-2561162000,323292000,0,-2237870000,0,,,,-2237870000,-2237870000,0,-2276651000,3646000,0,44066000,134232990,-90167000,-3972000,327264000,,-7534.0,-7534.0,,,,,,,,,,,,,,-2605228000,-2605228000,-1719450500,
2012-12-31,yearly,6746000,-3123000,3623000,,-554322000,,0,-407807000,-404184000,,-404184000,,-277566020,0,0,-277566020,0,,,,-277566020,-277566020,0,-44115000,190630000,0,126618000,148100000,-21482000,0,0,,46.0,46.0,,,,,,,,,,,,,,-404184000,-404184000,-266761440,
2011-12-31,yearly,9937000,-9429000,508000,,-507341000,,-64000,-507405000,-506897000,,-506897000,,-280819000,-23216000,0,-304035000,0,,,,-304035000,-304035000,0,0,0,0,226078000,246512000,-20434000,-31959000,8743000,,56.0,52.0,,,,,,,,,,,,,,-506897000,-506897000,-334552030,
2010-12-31,yearly,15593000,-14418000,1175000,,-189648000,,-3603000,-192656990,-191482000,,-191482000,,-138984990,-3385000,0,-142370000,0,,,,-142370000,-142370000,0,0,594000,0,52497000,67496000,-14999000,-3385000,0,,218.0,169.0,,,,,,,,,,,,,,-191482000,-191482000,-126378120,
