endDate,type,totalRevenue,costOfRevenue,grossProfit,researchDevelopment,sellingGeneralAdministrative,nonRecurring,otherOperatingExpenses,totalOperatingExpenses,operatingIncome,totalOtherIncomeExpenseNet,ebit,interestExpense,incomeBeforeTax,incomeTaxExpense,minorityInterest,netIncomeFromContinuingOps,discontinuedOperations,extraordinaryItems,effectOfAccountingCharges,otherItems,netIncome,netIncomeApplicableToCommonShares,salesExpenses,lossesDueToNonRecoverabilityOfAssets,otherOperatingIncome,equityIncomeResult,financialResult,financialIncome,financialExpenses,currentTaxes,deferredTaxes,incomeBeforeStatutoryParticipationsAndContributions,basicEarningsPerCommonShare,dilutedEarningsPerCommonShare,basicEarningsPerPreferredShare,profitSharingAndStatutoryContributions,dilutedEarningsPerPreferredShare,claimsAndOperationsCosts,administrativeCosts,otherOperatingIncomeAndExpenses,earningsPerShare,basicEarningsPerShare,dilutedEarningsPerShare,insuranceOperations,reinsuranceOperations,complementaryPensionOperations,capitalizationOperations,cleanEbit,cleanEbitda,cleanNopat,cleanNetIncome
2025-12-31,yearly,40883143000,0,40883143000,,-7252776000,,-30978521000,-37809496000,3073644000,,3073644000,,4639515000,-1215437000,43194000,3424078000,0,,,,3424078000,3380884000,0,0,356041980,65759000,1565871000,2022857000,-456985980,-911996030,-303441000,,5211.8,5211.8,,,,,,,,,,,,,,3073644000,3073644000,2028605000,
2024-12-31,yearly,35243467000,0,35243467000,,-6391610000,,-26004122000,-32143980000,3099486000,,3099486000,,3944566000,-1253784100,45937000,2690782000,0,,,,2690782000,2644845000,0,0,218475010,33277000,845080000,1669537000,-824457000,-1332386000,78602000,,4148.84,4148.84,,,,,,,,,,,,,,3099486000,3099486000,2045660800,
2023-12-31,yearly,32395078000,0,32395078000,,-5642891000,,-24147956000,-29588386000,2806691000,,2806691000,,3543031000,-1228174000,48708000,2314857000,0,,,,2314857000,2266149000,0,0,210468000,-8007000,736339970,2040214000,-1303874000,-1111488000,-116686000,,3577.56,3577.56,,,,,,,,,,,,,,2806691000,2806691000,1852416000,
2022-12-31,yearly,27723741000,0,27723741000,,-4595355000,,-22661136000,-27016243000,707497000,,707497000,,1311810000,-159520000,17443000,1152290000,0,,,,1152290000,1134847000,0,0,266458000,-26210000,604313000,1901173000,-1296860000,-493676000,334156000,,1788.81,1788.81,,,,,,,,,,,,,,707497000,707497000,466948030,
2021-12-31,yearly,21225634000,0,21225634000,,-4219175000,,-16135419000,-19978592000,1247040000,,1247040000,,1715751000,-171488000,14000,1544263000,0,,,,1544263000,1544249000,0,0,387233000,-11232000,468711000,1558791900,-1090081000,-761490000,590002000,,2397.83,2397.83,,,,,,,,,,,,,,1247040000,1247040000,823046400,
2020-12-31,yearly,18619960000,0,18619960000,,-3794589000,,-13328178000,-16935804000,1684156000,,1684156000,,2605228000,-917011970,25000,1688216100,0,,,,1688216100,1688191000,0,0,186963010,0,921072000,1899844000,-978771970,-992748030,75736000,,5239.99,5239.99,,,,,,,,,,,,,,1684156000,1684156000,1111542900,
2019-12-31,yearly,18080692000,0,18080692000,,-3657090000,,-13620756000,-17092738000,987954000,,987954000,,2027056000,-647947000,26000,1379109000,0,,,,1379109000,1379083000,0,0,185108000,0,1039102000,1687266000,-648163970,-622218000,-25729000,,4268.59,4268.59,,,,,,,,,,,,,,987954000,987954000,652049660,
2018-12-31,yearly,17821958000,0,17821958000,,-3336424000,,-13546386000,-16581806000,1240152100,,1240152100,,2166079000,-856702000,-1243000,1309377000,0,,,,1309377000,1310620000,0,0,301004000,0,925927000,1500291000,-574364030,-673266000,-183436000,,4050.12,4050.12,,,,,,,,,,,,,,1240152100,1240152100,818500300,
2017-12-31,yearly,16894102000,0,16894102000,,-3589329000,,-13079529000,-16492158000,401944000,,401944000,,1532686000,-434448000,-2629000,1098238000,0,,,,1098238000,1100867000,0,0,176700000,0,1130742000,1849219000,-718477000,-400984000,-33464000,,3397.04,3397.04,,,,,,,,,,,,,,401944000,401944000,265283040,
2016-12-31,yearly,16134566000,0,16134566000,,-3392954000,,-12735428000,-16015060000,119506000,,119506000,,1338012000,-426665980,-4253000,911346000,0,,,,911346000,915599000,0,0,113322000,0,1218506000,2021983000,-803477000,-432953980,6288000,,2818.95,2818.95,,,,,,,,,,,,,,119506000,119506000,78873960,
2015-12-31,yearly,15457182000,0,15457182000,,-3264168000,,-11986233000,-15114626000,342556000,,342556000,,1412131000,-413789000,-3175000,998342000,0,,,,998342000,1001517000,0,0,135775010,0,1069575000,1633732000,-564157000,-534078020,120289000,,3088.04,3088.04,,,,,,,,,,,,,,342556000,342556000,226086960,
2014-12-31,yearly,0,0,0,,-2850401000,,-11157621000,426673000,426673000,,426673000,,1332553000,-456365000,359000,876188030,0,,,,876188030,875829000,0,0,14434695000,0,905880000,1290499000,-384619000,-550355970,93991000,,2710.2,2710.2,,,,,,,,,,,,,,426673000,426673000,281604200,
2013-12-31,yearly,0,0,0,,-1833831900,,-9960271000,1268234000,1268234000,,1268234000,,2226366000,-829055000,-7896000,1397311000,0,,,,1397311000,1405207000,0,0,13062337000,0,958131970,740905000,217227010,-369136000,-459919000,,4322.12,4322.12,,,,,,,,,,,,,,1268234000,1268234000,837034430,
2012-12-31,yearly,0,0,0,,-2384948000,,-8759388000,9311000,9311000,,9311000,,954920000,-274921980,-2582000,679998000,0,,,,679998000,682579970,0,0,11153647000,0,945609000,1325244000,-379635000,-405553000,130631000,,2094.34,2094.34,,,,,,,,,,,,,,9311000,9311000,6145260,
2011-12-31,yearly,0,0,0,,-2191655000,,-7766818000,-74108000,-74108000,,-74108000,,796223000,-216056000,83000,580167000,0,,,,580167000,580083970,0,0,9884365000,0,870331000,1159990000,-289659000,-323913000,107857000,,1776.48,1776.48,,,,,,,,,,,,,,-74108000,-74108000,-48911280,
2010-12-31,yearly,0,0,0,,-1826215000,,-6887595000,196108000,196108000,,196108000,,905851000,-282488000,272000,623363000,0,,,,623363000,623091000,0,0,8909918000,0,709743000,994707000,-284964000,-386408000,103920000,,1902.46,1902.46,,,,,,,,,,,,,,196108000,196108000,129431280,
