endDate,type,totalRevenue,costOfRevenue,grossProfit,researchDevelopment,sellingGeneralAdministrative,nonRecurring,otherOperatingExpenses,totalOperatingExpenses,operatingIncome,totalOtherIncomeExpenseNet,ebit,interestExpense,incomeBeforeTax,incomeTaxExpense,minorityInterest,netIncomeFromContinuingOps,discontinuedOperations,extraordinaryItems,effectOfAccountingCharges,otherItems,netIncome,netIncomeApplicableToCommonShares,salesExpenses,lossesDueToNonRecoverabilityOfAssets,otherOperatingIncome,equityIncomeResult,financialResult,financialIncome,financialExpenses,currentTaxes,deferredTaxes,incomeBeforeStatutoryParticipationsAndContributions,basicEarningsPerCommonShare,dilutedEarningsPerCommonShare,basicEarningsPerPreferredShare,profitSharingAndStatutoryContributions,dilutedEarningsPerPreferredShare,claimsAndOperationsCosts,administrativeCosts,otherOperatingIncomeAndExpenses,earningsPerShare,basicEarningsPerShare,dilutedEarningsPerShare,insuranceOperations,reinsuranceOperations,complementaryPensionOperations,capitalizationOperations,cleanEbit,cleanEbitda,cleanNopat,cleanNetIncome
2025-12-31,yearly,44250448000,-31285561000,12964888000,,-1570393000,,-54441000,-10221321000,2743567000,,2743567000,,1448055000,-147812000,3382000.0,1300243000,0,,,,1300243000,1296861000.0,-8719372000,0,120892000,1993000,-1295512100,536165000,-1831677000,-206760990,58949000,,787.41,781.95,,,,,,,,,,,,,,2743567000,2743567000,1810754200,
2024-12-31,yearly,38871523000,-27314741000,11556781000,,-1570628000,,-127856000,-9204675000,2352106000,,2352106000,,1418994000,-207620990,11509000.0,1211373000,0,,,,1211373000,1199864100.0,-7627819000,0,120559000,1069000,-933112000,444589000,-1377701000,-328232000,120611000,,727.53,725.0,,,,,,,,,,,,,,2352106000,2352106000,1552390000,
2023-12-31,yearly,33973790000,-23766426000,10207364000,,-1503526000,,-166308000,-8126875000,2080489000,,2080489000,,1216693000,-129550000,32170000.0,1087143000,0,,,,1087143000,1054973000.0,-6689275000,0,244743010,-12509000,-863795970,428735000,-1292531000,-314521000,184971010,,610.63,623.68,,,,,,,,,,,,,,2080489000,2080489000,1373122700,
2022-12-31,yearly,29067380000,-20257913000,8809468000,,-1249847000,,36419000,-6970143700,1839324000,,1839324000,,1193209000,-178240990,18856000.0,1014968000,0,,,,1014968000,996112000.0,-5805992000,0,50097000,-821000,-646115000,293585980,-939701000,-210820000,32579000,,604.56,602.36,,,,,,,,,,,,,,1839324000,1839324000,1213953800,
2021-12-31,yearly,24127003000,-16920834000,7206168000,,-912403970,,-37429000,-5839696000,1366471900,,1366471900,,987262000,-223128990,12199000.0,764133000,0,,,,764133000,751934000.0,-4966819000,0,78083000,-1127000,-379209980,80016000,-459225980,-221248990,-1880000,,455.92,454.67,,,,,,,,,,,,,,1366471900,1366471900,901871500,
2020-12-31,yearly,20066840000,-14175708000,5891132000,,-679320000,,-69450000,-4975148000,915984000,,915984000,,616368000,-120835000,11089000.0,495533000,0,,,,495533000,484444000.0,-4256422000,0,37911000,-7867000,-299616000,54182000,-353798020,-206564990,85730000,,293.74,292.99,,,,,,,,,,,,,,915984000,915984000,604549440,
2019-12-31,yearly,17565600000,-12367239000,5198361000,,-533393000,,-146992000,-4079892000,1118469000,,1118469000,,784168000,4567000,16495000.0,788735000,0,,,,788735000,772240000.0,-3754770000,0,355263000,0,-334301000,76945000,-411246020,-109113000,113680000,,0.0,0.0,,,,,,,,,,,,,,1118469000,1118469000,738189570,
2018-12-31,yearly,14801445000,-10355923000,4445522000,,-402568000,,-59548000,-3724012000,721510000,,721510000,,638856000,-129543000,6866000.0,509313000,0,,,,509313000,502447000.0,-3261896000,0,0,0,-82654000,71783000,-154436990,-120410000,-9133000,,1525.31,1524.73,,,,,,,,,,,,,,721510000,721510000,476196600,
2017-12-31,yearly,13212505000,-9224505000,3988000000,,-666578000,,212000,-3195416000,792584000,,792584000,,686544000,-173891010,1490000.0,512653000,0,,,,512653000,511163000.0,-2529050000,0,0,0,-106040000,106883000,-212923010,-138268990,-35622000,,1550.47,1548.55,,,,,,,,,,,,,,792584000,792584000,523105440,
2016-12-31,yearly,11256565000,-7752422000,3504143000,,-572163000,,-7677000,-2798605000,705538000,,705538000,,595216000,-143964000,3567000.0,451252000,0,,,,451252000,447685000.0,-2218765000,0,0,0,-110322000,109433000,-219755010,-116662000,-27302000,,1368.46,1368.46,,,,,,,,,,,,,,705538000,705538000,465655070,
2015-12-31,yearly,8897849000,-6183289000,2714560000,,-462785980,,-8818000,-2213697000,500863000,,500863000,,435902020,-96117000,-421000.0,339785000,0,,,,339785000,340206020.0,-1742093000,0,0,0,-64961000,88786000,-153747010,-60608000,-35509000,,1031.45,1031.45,,,,,,,,,,,,,,500863000,500863000,330569570,
2014-12-31,yearly,7391569000,-5281377000,2110192000,,-382526020,,-9473000,-1801066000,309126020,,309126020,,302224000,-80838000,,221386000,0,,,,221386000,,-1409067000,0,0,0,-6902000,18347000,-25249000,-48776000,-32062000,,672.32,672.32,,,,,,,,,,,,,,309126020,309126020,204023150,
2013-12-31,yearly,6232919000,-4512743000,1720176000,,-335199000,,-47066000,-1570342000,149834000,,149834000,,139387010,-38402000,0.0,100985000,0,,,,100985000,100985000.0,-1188077000,0,0,0,-10447000,9863000,-20310000,-8347000,-30055000,,305.66,305.66,,,,,,,,,,,,,,149834000,149834000,98890440,
2012-12-31,yearly,5380728000,-3888079000,1492649000,,-295777000,,-33918000,-1332025000,160624000,,160624000,,158074000,-53219000,0.0,104855000,0,,,,104855000,104855000.0,-1002330000,0,0,0,-2550000,16352000,-18902000,-40811000,-12408000,,317.37,317.37,,,,,,,,,,,,,,160624000,160624000,106011840,
2011-12-31,yearly,2729392100,-2011471000,717921000,,-143898000,,-30354000,-638364030,79557000,,79557000,,91205000,-22509000,0.0,68696000,0,,,,68696000,68696000.0,-464112000,0,0,0,11648000,22447000,-10799000,-25270000,2761000,,215.99,215.99,,,,,,,,,,,,,,79557000,79557000,52507620,
2010-12-31,yearly,2005216000,-1526818000,478398020,,-90612000,,-6157000,-366169000,112229000,,112229000,,120829000,-31814000,,89015000,0,,,,89015000,,-317663000,0,48263000,0,8600000,14115000,-5515000,-29981000,-1833000,,495.33,493.18,,,,,,,,,,,,,,112229000,112229000,74071136,
