endDate,type,totalRevenue,costOfRevenue,grossProfit,researchDevelopment,sellingGeneralAdministrative,nonRecurring,otherOperatingExpenses,totalOperatingExpenses,operatingIncome,totalOtherIncomeExpenseNet,ebit,interestExpense,incomeBeforeTax,incomeTaxExpense,minorityInterest,netIncomeFromContinuingOps,discontinuedOperations,extraordinaryItems,effectOfAccountingCharges,otherItems,netIncome,netIncomeApplicableToCommonShares,salesExpenses,lossesDueToNonRecoverabilityOfAssets,otherOperatingIncome,equityIncomeResult,financialResult,financialIncome,financialExpenses,currentTaxes,deferredTaxes,incomeBeforeStatutoryParticipationsAndContributions,basicEarningsPerCommonShare,dilutedEarningsPerCommonShare,basicEarningsPerPreferredShare,profitSharingAndStatutoryContributions,dilutedEarningsPerPreferredShare,claimsAndOperationsCosts,administrativeCosts,otherOperatingIncomeAndExpenses,earningsPerShare,basicEarningsPerShare,dilutedEarningsPerShare,insuranceOperations,reinsuranceOperations,complementaryPensionOperations,capitalizationOperations,cleanEbit,cleanEbitda,cleanNopat,cleanNetIncome
2025-12-31,yearly,13847776000,-7562149000,6285627000,,-637450000,,0,-1705963000,4579664000,,4579664000,,1554482000,-689357000,18068000,865125000,0,,,,865125000,847057000,-58352000,-1227872000,123459000,94252000,-3025182000,-430132000,-2595050000,-486750020,-202607010,,456.24,455.88,,,,,,,,,,,,,,4579664000,4579664000,3022578200,
2024-12-31,yearly,13936389000,-7533536300,6402853000,,-661678000,,-3295985000,-3973766000,2429087000,,2429087000,,-148756990,-800485000,10005000,-949242000,0,,,,-949242000,-959247000,-49006000,0,0,32903000,-2577844000,2120250000,-4698094000,-556221000,-244264000,,-518.5,-518.5,,,,,,,,,,,,,,2429087000,2429087000,1603197400,
2023-12-31,yearly,10937716000,-6838431700,4099284000,,-559973000,,0,-624810000,3474474000,,3474474000,,919091970,-197175010,2251000,721917000,0,,,,721917000,719666000,-40657000,0,-100780000,76600000,-2555382000,697452030,-3252834000,-173668990,-23506000,,388.53,387.53,,,,,,,,,,,,,,3474474000,3474474000,2293152800,
2022-12-31,yearly,9841508000,-6695148000,3146360000,,-468574020,,0,-110188000,3036172000,,3036172000,,707137000,-193116000,-919000,514021000,0,,,,514021000,514940000,-30619000,0,348543000,40462000,-2329035000,202198000,-2531233000,-411436000,218320000,,278.0,277.24,,,,,,,,,,,,,,3036172000,3036172000,2003873500,
2021-12-31,yearly,7439632000,-5352040000,2087591900,,-472739000,,0,-567858000,1519734000,,1519734000,,159794000,-4053000,5203000,155740990,0,,,,155740990,150538000,-38959000,0,-69017000,12857000,-1359940000,1842889000,-3202829000,-550528000,546475000,,81.24,81.04,,,,,,,,,,,,,,1519734000,1519734000,1003024450,
2020-12-31,yearly,6966159000,-4721507000,2244652000,,-406975000,,0,-296171000,1948481000,,1948481000,,474664000,-169988990,7512000,304675000,0,,,,304675000,297163000,-30670000,0,128387000,13087000,-1473817000,1997950000,-3471767000,-241863010,71874000,,178.57,178.1,,,,,,,,,,,,,,1948481000,1948481000,1285997400,
2019-12-31,yearly,7087840300,-4608781000,2479059000,,-397167000,,0,-365813000,2113246000,,2113246000,,915119000,-129248000,7634000,785871000,0,,,,785871000,778237000,-6983000,0,16461000,21876000,-1198127000,878899970,-2077027000,-160787010,31539000,,499.14,497.68,,,,,,,,,,,,,,2113246000,2113246000,1394742400,
2018-12-31,yearly,6584936000,-4465634000,2119302000,,-300564000,,-65302000,-368559000,1750743000,,1750743000,,541408000,-268441000,8610000,272967000,0,,,,272967000,264356990,-12872000,0,0,10179000,-1209335000,976853000,-2186188000,-66843000,-201598000,,169.55,169.17,,,,,,,,,,,,,,1750743000,1750743000,1155490400,
2017-12-31,yearly,5946349000,-4220988000,1725361000,,-282115000,,0,-310022020,1415339000,,1415339000,,-249519010,-8919000,2369000,-258438000,0,,,,-258438000,-260807010,-28846000,0,-3304000,4243000,-1664858000,358987000,-2023845000,-43241000,34322000,,-187.82,-187.82,,,,,,,,,,,,,,1415339000,1415339000,934123700,
2016-12-31,yearly,4311713000,-3771308000,540405000,,0,,-10342000,-252664990,287740000,,287740000,,-1165596000,113024000,10658000,-1052572030,0,,,,-1052572030,-1063230000,-250703010,0,0,8380000,-1453336100,240835010,-1694171000,-76181000,189204990,,-448.0,-448.0,0.0,,0.0,,,,,,,,,,,287740000,287740000,189908400,
2015-12-31,yearly,4148815900,-3460347000,688469000,,0,,-410288000,-706711000,-18242000,,-18242000,,-1274767000,96750000,-14235000,-1178017000,-12861000,,,,-1190878000,-1176643000,-303712000,0,0,7289000,-1256525000,178523010,-1435047900,-33522000,130272000,,-1708.1,-1708.1,-17.2,,-17.2,,,,,,,,,,,-18242000,-18242000,-12039720,
2014-12-31,yearly,3666224100,-2980678000,685546000,,0,,-1105445000,-1414876000,-729330000,,-729330000,,-2017108000,149659010,19259000,-1867449000,-150432000,,,,-2017881000,-2037140000,-275732000,0,-44817000,11118000,-1287778000,229148000,-1516926000,-55448000,205107010,,-2765.6,-2765.6,-220.5,,-220.5,,,,,,,,,,,-729330000,-729330000,-481357800,
2013-12-31,yearly,3641426000,-2156521000,1484905000,,-201890000,,-68219000,-272022020,1212883000,,1212883000,,169814000,43754000,14949000,213568000,-185590000,,,,27978000,13029000,-13151000,0,0,11238000,-1043069000,174888990,-1217958000,-55073000,98827000,,312.6,309.2,271.7,,268.7,,,,,,,,,,,1212883000,1212883000,800502800,
2012-12-31,yearly,3568578000,-2178231000,1390347000,,-164390000,,-9633000,-191618000,1198729000,,1198729000,,230068990,13298000,6052000,243367010,0,,,,243367010,237315010,-20965000,0,0,3370000,-968659970,149092000,-1117752100,-59714000,73012000,,347.4,346.4,,,,,,,,,,,,,,1198729000,1198729000,791161150,
2011-12-31,yearly,3173215000,-1831600000,1341615000,,-155756000,,-20648000,-192615010,1148999900,,1148999900,,234146000,17136000,6337000,251282000,0,,,,251282000,244944990,-19917000,0,2270000,1436000,-914854000,-1148335000,233480990,-36390000,53526000,,356.8,350.1,,,,,,,,,,,,,,1148999900,1148999900,758339970,
2010-12-31,yearly,2753531000,-1537171000,1216359900,,-165960990,,-33067000,-194498000,1021862000,,1021862000,,208611010,37250000,-5982000,245860990,-5982000,,,,239879010,245860990,-14085000,0,16655000,1960000,-813251000,218735010,-1031986000,-45150000,82400000,,354.4,347.7,,,,,,,,,,,,,,1021862000,1021862000,674428900,
