endDate,type,totalRevenue,costOfRevenue,grossProfit,researchDevelopment,sellingGeneralAdministrative,nonRecurring,otherOperatingExpenses,totalOperatingExpenses,operatingIncome,totalOtherIncomeExpenseNet,ebit,interestExpense,incomeBeforeTax,incomeTaxExpense,minorityInterest,netIncomeFromContinuingOps,discontinuedOperations,extraordinaryItems,effectOfAccountingCharges,otherItems,netIncome,netIncomeApplicableToCommonShares,salesExpenses,lossesDueToNonRecoverabilityOfAssets,otherOperatingIncome,equityIncomeResult,financialResult,financialIncome,financialExpenses,currentTaxes,deferredTaxes,incomeBeforeStatutoryParticipationsAndContributions,basicEarningsPerCommonShare,dilutedEarningsPerCommonShare,basicEarningsPerPreferredShare,profitSharingAndStatutoryContributions,dilutedEarningsPerPreferredShare,claimsAndOperationsCosts,administrativeCosts,otherOperatingIncomeAndExpenses,earningsPerShare,basicEarningsPerShare,dilutedEarningsPerShare,insuranceOperations,reinsuranceOperations,complementaryPensionOperations,capitalizationOperations,cleanEbit,cleanEbitda,cleanNopat,cleanNetIncome
2025-12-31,yearly,13143266000,-9845856000,3297410000,,-1034179000,,-351926020,-2441013000,856397000,,856397000,,-940000,-59079000,190952000,-60019000,228000,,,,-59791000,-250743010,-1142884000,0,234634000,-146658000,-857337000,696035970,-1553373000,-235718000,176639010,,-719.1,-719.1,-719.1,,-719.1,,,,,,,,,,,856397000,856397000,565222000,
2024-12-31,yearly,11915741000,-8731589000,3184152000,,-797611000,,-285809000,-1904123000,1280029000,,1280029000,,1011349000,-319667000,283195000,691682000,14000,,,,691696000,408501000,-954055000,0,123865000,9487000,-268680000,1045257000,-1313937000,-335764000,16097000,,1244.3,1244.3,1244.3,,1244.3,,,,,,,,,,,1280029000,1280029000,844819140,
2023-12-31,yearly,10887843000,-8094488000,2793355000,,-663445000,,-219087010,-1508787000,1284568100,,1284568100,,941240000,-278015000,281801980,663225000,264000,,,,663489000,381687000,-757506000,0,133321000,-2070000,-343328000,846908030,-1190236000,-298337980,20323000,,1162.6,1162.6,1162.6,,1162.6,,,,,,,,,,,1284568100,1284568100,847814850,
2022-12-31,yearly,11152417000,-8527655000,2624762000,,-541434000,,-202791010,-1372506000,1252256000,,1252256000,,881955000,-216204990,194682000,665750000,652000,,,,666402000,471720000,-717075000,0,89074000,-280000,-370301000,791878000,-1162179000,-288998020,72793000,,1434.1,1434.1,1434.1,,1434.1,,,,,,,,,,,1252256000,1252256000,826488960,
2021-12-31,yearly,9057457000,-6789104000,2268353000,,-446852000,,-286681980,-1167838000,1100515000,,1100515000,,994333000,-110151000,186835010,884182000,529000,,,,884711000,697875970,-616968000,0,183151010,-487000,-106182000,468481980,-574664000,-121055000,10904000,,2119.1,2119.1,2119.1,,2119.1,,,,,,,,,,,1100515000,1100515000,726339900,
2020-12-31,yearly,5363035000,-4012505000,1350530000,,-369857000,,-248990000,-336089980,1014440000,,1014440000,,1232116000,-390024000,168634000,842092030,-8784000,,,,833308030,664674000,-409685000,0,692442000,0,217676000,710396030,-492720000,-362899000,-27125000,,1985.2,1985.2,1985.2,,1985.2,,,,,,,,,,,1014440000,1014440000,669530370,
2019-12-31,yearly,5092365000,-3833502000,1258863000,,-278984000,,-85185000,-727905000,530958020,,530958020,,429643000,-129099000,52927000,300544000,0,,,,300544000,247616990,-423289000,0,59553000,0,-101315000,341629000,-442944000,-104702000,-24397000,,723.3,723.3,723.3,,723.3,,,,,,,,,,,530958020,530958020,350432300,
2018-12-31,yearly,4262602000,-3250088000,1012514000,,-241018000,,-70455000,-575024000,437489980,,437489980,,319215000,-92312000,75184000,226903010,0,,,,226903010,151719010,-367773000,0,104222000,0,-118275000,341925000,-460200000,-49452000,-42860000,,440.0,440.0,440.0,,440.0,,,,,,,,,,,437489980,437489980,288743400,
2017-12-31,yearly,2936758000,-2239754000,697004030,,-197788000,,-115470000,-506057980,190946000,,190946000,,153944000,-49208000,58024000,104736000,0,,,,104736000,46712000,-282451000,0,89651000,0,-37002000,262296000,-299297980,-69337000,20129000,,140.0,140.0,140.0,,140.0,,,,,,,,,,,190946000,190946000,126024360,
2016-12-31,yearly,2623976000,-2103069000,520907000,,-184016990,,-74914000,-499521000,21386000,,21386000,,1081000,-12447000,55839000,-11366000,0,,,,-11366000,-67205000,-273732000,0,33142000,0,-20305000,356035000,-376340000,-46331000,33884000,,-210.0,-210.0,-210.0,,-210.0,,,,,,,,,,,21386000,21386000,14114760,
2015-12-31,yearly,3099402000,-2458475000,640927000,,-219751010,,-69607000,-603697000,37230000,,37230000,,-6085000,5334000,23877000,-751000,0,,,,-751000,-24628000,-348115000,0,33776000,0,-43315000,422833980,-466149000,-57258000,62592000,,-80.0,-80.0,-80.0,,-80.0,,,,,,,,,,,37230000,37230000,24571800,
2014-12-31,yearly,3778753000,-2835746000,943007000,,-200366000,,-78805000,-573595000,369412000,,369412000,,331128000,-84843000,44329000,246284990,0,,,,246284990,201956000,-343789000,0,49365000,0,-38284000,277761980,-316046020,-41674000,-43169000,,660.0,660.0,660.0,,660.0,,,,,,,,,,,369412000,369412000,243811920,
2013-12-31,yearly,4253327900,-3213688000,1039640000,,-183186000,,-70473000,-593218000,446422020,,446422020,,411873980,-105108000,71704000,306766020,0,,,,306766020,235062000,-357838020,0,18279000,0,-34548000,305829000,-340377000,-111749000,6641000,,980.0,980.0,980.0,,980.0,,,,,,,,,,,446422020,446422020,294638530,
2012-12-31,yearly,3501921000,-2769743000,732178000,,-183811010,,-52818000,-564259000,167919010,,167919010,,132152000,-31100000,58490000,101052000,0,,,,101052000,42562000,-359959000,0,32329000,0,-35767000,174632000,-210399010,-47650000,16550000,,180.0,180.0,180.0,,180.0,,,,,,,,,,,167919010,167919010,110826536,
2011-12-31,yearly,4156396000,-3137503000,1018893000,,-162319010,,-68758000,-559114000,459779000,,459779000,,519817000,-139480000,111188000,380337000,0,,,,380337000,269149000,-351014020,0,22977000,0,60038000,258227010,-198188990,-148392000,8912000,,1120.0,1120.0,1120.0,,1120.0,,,,,,,,,,,459779000,459779000,303454140,
2010-12-31,yearly,3718972000,-2812367900,906604030,,-147404990,,-65729000,-456376000,450228000,,450228000,,463995000,-112629000,101873000,351366020,0,,,,351366020,249492990,-271507000,0,28265000,0,13767000,166484000,-152716990,-134167000,21538000,,1040.0,1040.0,1040.0,,1040.0,,,,,,,,,,,450228000,450228000,297150460,
