endDate,type,totalRevenue,costOfRevenue,grossProfit,researchDevelopment,sellingGeneralAdministrative,nonRecurring,otherOperatingExpenses,totalOperatingExpenses,operatingIncome,totalOtherIncomeExpenseNet,ebit,interestExpense,incomeBeforeTax,incomeTaxExpense,minorityInterest,netIncomeFromContinuingOps,discontinuedOperations,extraordinaryItems,effectOfAccountingCharges,otherItems,netIncome,netIncomeApplicableToCommonShares,salesExpenses,lossesDueToNonRecoverabilityOfAssets,otherOperatingIncome,equityIncomeResult,financialResult,financialIncome,financialExpenses,currentTaxes,deferredTaxes,incomeBeforeStatutoryParticipationsAndContributions,basicEarningsPerCommonShare,dilutedEarningsPerCommonShare,basicEarningsPerPreferredShare,profitSharingAndStatutoryContributions,dilutedEarningsPerPreferredShare,claimsAndOperationsCosts,administrativeCosts,otherOperatingIncomeAndExpenses,earningsPerShare,basicEarningsPerShare,dilutedEarningsPerShare,insuranceOperations,reinsuranceOperations,complementaryPensionOperations,capitalizationOperations,cleanEbit,cleanEbitda,cleanNopat,cleanNetIncome
2025-12-31,yearly,41781590000,-30651613000,11129975000,,-880454000,,0,-3318319000,7811656000,,7811656000,,3197868000,-1327398000,-5003000,1870470000,0,,,,1870470000,1875473000,-2437865000,0,0,0,-4613788000,1707422000,-6321210000,-443809000,-883589000,,1778.6,1757.78,,,,,,,,,,,,,,7811656000,7811656000,5155693000,
2024-12-31,yearly,37271556000,-28518697000,8752862000,,-791995000,,0,-2947693000,5805169000,,5805169000,,1866538000,-53228000,-317000,1813310000,0,,,,1813310000,1813627000,-2155698000,0,0,0,-3938631000,1490759000,-5429390000,-722553000,669325000,,1713.62,1693.85,,,,,,,,,,,,,,5805169000,5805169000,3831411500,
2023-12-31,yearly,28902283000,-20630206000,8272078000,,-681937000,,0,-2373536000,5898542000,,5898542000,,1874201000,-71111000,-2476000,1803090000,0,,,,1803090000,1805566000,-1691169000,0,0,-430000,-4024341000,1225637000,-5249978000,-314935000,243824000,,1771.46,1760.57,,,,,,,,,,,,,,5898542000,5898542000,3893037800,
2022-12-31,yearly,17783568000,-11135459000,6648109000,,-860082000,,33795000,-2118684000,4529425000,,4529425000,,2418925000,-577718000,-3099000,1841207000,0,,,,1841207000,1844306000,-1292483000,0,0,86000,-2110500000,945544000,-3056044000,-92846000,-484872000,,2132.87,2117.68,,,,,,,,,,,,,,4529425000,4529425000,2989420500,
2021-12-31,yearly,10901336000,-6202570000,4698766000,,-391569000,,975000,-1474700000,3224066000,,3224066000,,2903123000,-859446000,0,2043677000,0,,,,2043677000,2043677000,-1084106000,0,0,0,-320943000,255955010,-576898000,-124015000,-735431000,,2717.58,2700.53,,,,,,,,,,,,,,3224066000,3224066000,2127883500,
2020-12-31,yearly,10307615000,-7408647000,2898968000,,-283285000,,74065000,-1097234000,1801734000,,1801734000,,1427321000,-379141000,0,1048179970,0,,,,1048179970,1048179970,-888014000,0,0,0,-374413000,137970000,-512383000,-311707000,-67434000,,1393.81,1392.13,,,,,,,,,,,,,,1801734000,1801734000,1189144400,
2019-12-31,yearly,10195637000,-7685944000,2509693000,,-244380000,,-28305000,-1020066000,1489627000,,1489627000,,1079834000,-245896000,0,833938000,0,,,,833938000,833938000,-747381000,0,0,0,-409793000,220172990,-629966000,-180727010,-65169000,,1112.14,1105.48,,,,,,,,,,,,,,1489627000,1489627000,983153800,
2018-12-31,yearly,7895804000,-5825910000,2069894000,,-192862000,,-22086000,-815255000,1254639000,,1254639000,,885731000,-226523010,0,659208000,0,,,,659208000,659208000,-600307000,0,0,0,-368908000,167900990,-536809000,-139872990,-86650000,,996.89,992.37,,,,,,,,,,,,,,1254639000,1254639000,828061760,
2017-12-31,yearly,6058279000,-4410855000,1647424000,,-179480000,,-38840000,-678290000,969134000,,969134000,,654135000,-148459010,0,505676000,0,,,,505676000,505676000,-459969980,0,0,0,-314999000,196884000,-511883000,-119362000,-29097000,,768.66,762.24,,,,,,,,,,,,,,969134000,969134000,639628400,
2016-12-31,yearly,4439273000,-3149234000,1290039000,,-160080000,,5322000,-518847000,771192000,,771192000,,527628000,-118313000,0,409315000,0,,,,409315000,409315000,-364089000,0,0,0,-243564000,201948000,-445512000,-88014000,-30299000,,1965.74,1962.78,,,,,,,,,,,,,,771192000,771192000,508986720,
2015-12-31,yearly,3928095000,-2688826000,1239269000,,-155036000,,-2530000,-503761000,735507970,,735507970,,532844000,-130417000,0,402427000,0,,,,402427000,402427000,-346195000,0,0,0,-202664000,167356990,-370021000,-94818000,-35599000,,1925.19,1920.33,,,,,,,,,,,,,,735507970,735507970,485435260,
2014-12-31,yearly,3892216000,-2710548000,1181668000,,-140350000,,304000,-455031000,726637000,,726637000,,575587970,-164999010,0,410589000,0,,,,410589000,410589000,-314985000,0,0,0,-151048990,125328000,-276377000,-139492990,-25506000,,1972.04,1955.5,,,,,,,,,,,,,,726637000,726637000,479580420,
2013-12-31,yearly,3506235000,-2444164000,1062071000,,-117394000,,-3316000,-410004000,652067000,,652067000,,541503000,-157159010,0,384344000,0,,,,384344000,384344000,-289294020,0,0,0,-110564000,76530000,-187094000,-130020000,-27139000,,1902.88,1895.62,,,,,,,,,,,,,,652067000,652067000,430364220,
2012-12-31,yearly,3166799900,-2332991000,833809000,,-105455000,,0,-367981000,465828000,,465828000,,327126020,-86190000,0,240936000,0,,,,240936000,240936000,-266055010,0,3529000,0,-138702000,60579000,-199280990,-106484000,20294000,,1215.52,1209.73,,,,,,,,,,,,,,465828000,465828000,307446460,
2011-12-31,yearly,2918130000,-2015160100,902970000,,-79968000,,-2870000,-307263000,595707000,,595707000,,416667000,-125025000,0,291641980,0,,,,291641980,291641980,-224424990,0,0,0,-179040000,60331000,-239371010,-106123000,-18902000,,1476.71,1471.21,,,,,,,,,,,,,,595707000,595707000,393166620,
2010-12-31,yearly,2497194000,-1753399000,743795000,,-59932000,,-19382000,-253514000,490281000,,490281000,,360188000,-104296000,0,255892000,0,,,,255892000,255892000,-174200000,0,0,0,-130093000,38202000,-168295010,-80191000,-24105000,,1300.0,1290.0,,,,,,,,,,,,,,490281000,490281000,323585470,
