endDate,type,totalRevenue,costOfRevenue,grossProfit,researchDevelopment,sellingGeneralAdministrative,nonRecurring,otherOperatingExpenses,totalOperatingExpenses,operatingIncome,totalOtherIncomeExpenseNet,ebit,interestExpense,incomeBeforeTax,incomeTaxExpense,minorityInterest,netIncomeFromContinuingOps,discontinuedOperations,extraordinaryItems,effectOfAccountingCharges,otherItems,netIncome,netIncomeApplicableToCommonShares,salesExpenses,lossesDueToNonRecoverabilityOfAssets,otherOperatingIncome,equityIncomeResult,financialResult,financialIncome,financialExpenses,currentTaxes,deferredTaxes,incomeBeforeStatutoryParticipationsAndContributions,basicEarningsPerCommonShare,dilutedEarningsPerCommonShare,basicEarningsPerPreferredShare,profitSharingAndStatutoryContributions,dilutedEarningsPerPreferredShare,claimsAndOperationsCosts,administrativeCosts,otherOperatingIncomeAndExpenses,earningsPerShare,basicEarningsPerShare,dilutedEarningsPerShare,insuranceOperations,reinsuranceOperations,complementaryPensionOperations,capitalizationOperations,cleanEbit,cleanEbitda,cleanNopat,cleanNetIncome
2025-12-31,yearly,162494640000,-104860320000,57634316000,,,,,-40905322000,-40905322000,,,,16728994000,-3763871000,,12965123000,0,,,,12965123000.0,,,,,,,,,,,12965123000,,,,0.0,,,,,,,,,,,,,,,
2024-12-31,yearly,137183480000,-80504910000,56678560000,,,,,-37488333000,-37488333000,,,,19190230000,-5776465000,,13413763000,0,,,,13413763000.0,,,,,,,,,,,13413763000,,,,0.0,,,,,,,,,,,,,,,
2023-12-31,yearly,128282710000,-81398670000,46884033000,,,,,-34962383000,-34962383000,,,,11921651000,-2422839000,,9498812000,0,,,,9498812000.0,,,,,,,,,,,9498812000,,,,0.0,,,,,,,,,,,,,,,
2022-12-31,yearly,115225120000,-67721940000,47503176000,,,,,-27928450000,-27928450000,,,,19574727000,-5235252000,,14339475000,0,,,,14339475000.0,,,,,,,,,,,14339475000,,,,0.0,,,,,,,,,,,,,,,
2021-12-31,yearly,77987310000,-26668843000,51318465000,,,,,-26568139000,-26568139000,,,,24750328000,-9191005000,,15559323000,0,,,,15559323000.0,,,,,,,,,,,15559323000,,,,0.0,,,,,,,,,,,,,,,
2020-12-31,yearly,62774940000,-18332228000,44442710000,,,,,-34778740000,-34778740000,,,,9663975000,3786778000,32224000.0,13450753000,0,,,,13450753000.0,13418529000.0,,,,,,,,,,13450753000,1713.45,1713.45,1884.8,0.0,1884.8,,,,,,,,,,,,,,
2019-12-31,yearly,72841060000,-28519952000,44321110000,,,,,-22047957000,-22047957000,,,,22273149000,-5641699000,224518000.0,16631450000,0,,,,,16406932000.0,,,,,,,,,,16631450000,2094.83,2094.83,2301.32,,2301.32,,,,,,,,,,,,,,
2018-12-31,yearly,70478390000,-28557052000,41921343000,,,,,-26011570000,-26011570000,,,,15909771000,-3109853000,217440990.0,12799918000,0,,,,,12582477000.0,,,,,,,,,,12799918000,1604.3418,1604.3418,1764.776,,1764.776,,,,,,,,,,,,,,
2017-12-31,yearly,71418350000,-36471860000,34946490000,,,,,-20432806000,-20432806000,,,,14513684000,-5375636000,213984000.0,9138048000,0,,,,,8924064000.0,,,,,,,,,,9138048000,1133.4281,1132.4445,1246.7709,,1245.689,,,,,,,,,,,,,,
2016-12-31,yearly,77146080000,-46559584000,30586493000,,,,,-14202591000,-14202591000,,,,16383902000,-8918984000,130355000.0,7464918000,0,,,,,7334563000.0,,,,,,,,,,7464918000,929.93,929.03,1022.92,,1021.93,,,,,,,,,,,,,,
2015-12-31,yearly,69870200000,-38533087000,31337112000,,,,,-34552828000,-34552828000,,,,-3215718000,13049544000,50086000.0,9833826000,0,,,,,9783740000.0,,,,,,,,,,9833826000,1236.96,1235.79,1360.66,,1359.36,,,,,,,,,,,,,,
2014-12-31,yearly,58923917000,-31695403000,27228512000,,,,,-20785183000,-20785183000,,,,6443329000,-735553000,77753000.0,5707776000,0,,,,,5630023000.0,,,,,,,,,,5707776000,709.69,709.4,780.66,,780.34,,,,,,,,,,,,,,
2013-12-31,yearly,51217048000,-22737826000,28479222000,,,,,-24460964000,-24460964000,,,,4018257000,-233596000,124630000.0,3784661000,2063463000,,,,,5723494000.0,,,,,,,,,,5848124000,719.89,719.6,791.87,,791.56,,,,,,,,,,,,,,
2012-12-31,yearly,52660683000,-20968813000,31691870000,,,,,-26181120000,-26181120000,,,,5510751000,-51473000,10618000.0,5459278000,0,,,,,5448660000.0,,,,,,,,,,5459278000,13.08,13.07,14.39,,14.38,,,,,,,,,,,,,,
2011-12-31,yearly,51736080000,-23834317000,27901764000,,,,,-18991229000,-18991229000,,,,8910536000,-1154683000,7928000.0,7755853000,0,,,,,7747925000.0,,,,,,,,,,7755853000,18.55,,20.41,,,,,,,,,,,,,,,,
2010-12-31,yearly,40909206000,-16814126000,24095078000,,,,,-14098575000,-14098575000,,,,9996503000,-2613929000,481000.0,7382574000,0,,,,,7382093000.0,,,,,,,,,,7382574000,17670.0,0.0,19440.0,,0.0,,,,,,,,,,,,,,
