endDate,type,totalRevenue,costOfRevenue,grossProfit,researchDevelopment,sellingGeneralAdministrative,nonRecurring,otherOperatingExpenses,totalOperatingExpenses,operatingIncome,totalOtherIncomeExpenseNet,ebit,interestExpense,incomeBeforeTax,incomeTaxExpense,minorityInterest,netIncomeFromContinuingOps,discontinuedOperations,extraordinaryItems,effectOfAccountingCharges,otherItems,netIncome,netIncomeApplicableToCommonShares,salesExpenses,lossesDueToNonRecoverabilityOfAssets,otherOperatingIncome,equityIncomeResult,financialResult,financialIncome,financialExpenses,currentTaxes,deferredTaxes,incomeBeforeStatutoryParticipationsAndContributions,basicEarningsPerCommonShare,dilutedEarningsPerCommonShare,basicEarningsPerPreferredShare,profitSharingAndStatutoryContributions,dilutedEarningsPerPreferredShare,claimsAndOperationsCosts,administrativeCosts,otherOperatingIncomeAndExpenses,earningsPerShare,basicEarningsPerShare,dilutedEarningsPerShare,insuranceOperations,reinsuranceOperations,complementaryPensionOperations,capitalizationOperations,cleanEbit,cleanEbitda,cleanNopat,cleanNetIncome
2025-12-31,yearly,7205727000,-3150783000,4054944000,,-1384487000,,-1689849000,-1717438000,2337506000,,2337506000,,2302655000,-223087010,,2079568000,0,,,,2079568000,,-706048000,-8883000,2071829000,0,-34851000,3045050000,-3079901000,-391683000,168596000,,1419.1,1419.1,1290.09,,1290.09,,,,,,,,,,,2337506000,2337506000,1542753900,
2024-12-31,yearly,6848219000,-2890386000,3957833000,,-1082608000,,68230000,-1581220000,2376613000,,2376613000,,2082162000,-536815000,,1545347000,0,,,,1545347000,,-562354000,-4488000,0,0,-294451000,402739000,-697190000,-496180000,-40635000,,1054.55,1054.55,958.68,,958.68,,,,,,,,,,,2376613000,2376613000,1568564600,
2023-12-31,yearly,6292736000,-2514893000,3777843000,,-805647000,,-373088000,-1430553000,2347290000,,2347290000,,2024321000,-520958020,,1503363000,0,,,,1503363000,,-256362000,9807000,0,-5263000,-322969000,295702020,-618671000,-647219000,126261000,,1025.9,1025.9,932.63,,932.63,,,,,,,,,,,2347290000,2347290000,1549211400,
2022-12-31,yearly,5673647000,-2383355000,3290292000,,-692613000,,-329599000,-1501747000,1788545000,,1788545000,,1545547000,-394009000,,1151538000,0,,,,1151538000,,-469608000,-6627000,0,-3300000,-242998000,264891010,-507889000,-476820000,82811000,,785.81,785.81,714.37,,714.37,,,,,,,,,,,1788545000,1788545000,1180439700,
2021-12-31,yearly,5204412000,-2050737000,3153675000,,-612189000,,-229850000,-1274927000,1878748000,,1878748000,,1603566000,-425935000,,1177631000,0,,,,1177631000,,-425811000,-4119000,0,-2958000,-275182020,105281000,-380463000,-472247000,46312000,,803.62,803.62,730.56,,730.56,,,,,,,,,,,1878748000,1878748000,1239973600,
2020-12-31,yearly,4799655000,-1921161000,2878494000,,-685521000,,-183820000,-1307964000,1570530000,,1570530000,,1365755000,-369412000,,996343000,0,,,,996343000,,-437859000,1095000,0,-1859000,-204775010,59280000,-264055010,-439695000,70283000,,679.91,679.91,618.1,,618.1,,,,,,,,,,,1570530000,1570530000,1036549800,
2019-12-31,yearly,4722826000,-1858933000,2863893000,,-586556030,,-259807010,-1229607900,1634285000,,1634285000,,1453884000,-373849980,,1080034000,0,,,,1080034000,,-358196000,-19391000,0,-5658000,-180400990,65516000,-245916990,0,0,,2211.05,2211.05,2010.05,,2010.05,,,,,,,,,,,1634285000,1634285000,1078628100,
2018-12-31,yearly,4162205000,-1680042000,2482163000,,-600315000,,-197716990,-1111522000,1370641000,,1370641000,,1165002000,-272515000,,892487000,0,,,,892487000,,-308232000,-1429000,0,-3829000,-205639010,59353000,-264992000,0,0,,1827.11,1827.11,1661.0,,1661.0,,,,,,,,,,,1370641000,1370641000,904623040,
2017-12-31,yearly,3869401000,-1556135000,2313266000,,-632769000,,-227262000,-1177026000,1136240000,,1136240000,,914073000,-227900990,,686172030,0,,,,686172030,,-315204000,0,0,-1791000,-222167010,91882000,-314049000,0,0,,1404.74,1404.74,1277.03,,1277.03,,,,,,,,,,,1136240000,1136240000,749918400,
2016-12-31,yearly,3477525000,-1445108000,2032417000,,-616161000,,-205962000,-1078551000,953866000,,953866000,,789585000,-162738000,,626847000,0,,,,626847000,,-253067010,0,0,-3361000,-164280990,80526000,-244807010,0,0,,1713.11,1713.11,868.11,,868.11,,,,,,,,,,,953866000,953866000,629551550,
2015-12-31,yearly,2971185000,-1345162000,1626023000,,-591952000,,-129815000,-926235000,699788030,,699788030,,540314000,-101870000,,438444000,0,,,,438444000,,-202780000,0,0,-1688000,-159474000,51999000,-211472990,0,0,,962.49,962.49,874.99,,874.99,,,,,,,,,,,699788030,699788030,461860060,
2014-12-31,yearly,2617039900,-1115124000,1501916000,,-485515000,,-155620990,-841154000,660762000,,660762000,,551194000,-129608000,,421585980,0,,,,421585980,,-199832000,0,0,-186000,-109568000,28387000,-137955010,0,0,,928.18,928.18,843.8,,843.8,,,,,,,,,,,660762000,660762000,436102900,
2013-12-31,yearly,2370179000,-941215000,1428964000,,-421916000,,-160880000,-786423000,642541000,,642541000,,544130000,-141226000,,402904000,0,,,,402904000,,-203627010,0,0,0,-98411000,32451000,-130862000,0,0,,998.85,998.85,908.05,,908.046,,,,,,,,,,,642541000,642541000,424077060,
2012-12-31,yearly,2123395000,-818875000,1304519900,,-394318020,,-186160000,-732544000,571976000,,571976000,,445467000,-109711000,,335756000,0,,,,335756000,,-152066000,0,0,0,-126509000,30166000,-156675010,0,0,,865.95,865.95,787.22,,787.22,,,,,,,,,,,571976000,571976000,377504160,
2011-12-31,yearly,1742395000,-726547970,1015847000,,-273273000,,-113496000,-521187000,494660000,,494660000,,368007000,-83731000,,284276000,0,,,,284276000,,-134418000,0,0,0,-126653000,24158000,-150811010,0,0,,733.174,733.17,666.522,,666.52,,,,,,,,,,,494660000,494660000,326475580,
2010-12-31,yearly,1480274000,-667112000,813162000,,-244600990,,-135458000,-500883000,312279000,,312279000,,184024990,-48514000,,135511010,0,,,,135511010,,-120824000,0,0,0,-128254000,19567000,-147820990,0,0,,349.5,349.5,317.72,,317.72,,,,,,,,,,,312279000,312279000,206104140,
