endDate,type,totalRevenue,costOfRevenue,grossProfit,researchDevelopment,sellingGeneralAdministrative,nonRecurring,otherOperatingExpenses,totalOperatingExpenses,operatingIncome,totalOtherIncomeExpenseNet,ebit,interestExpense,incomeBeforeTax,incomeTaxExpense,minorityInterest,netIncomeFromContinuingOps,discontinuedOperations,extraordinaryItems,effectOfAccountingCharges,otherItems,netIncome,netIncomeApplicableToCommonShares,salesExpenses,lossesDueToNonRecoverabilityOfAssets,otherOperatingIncome,equityIncomeResult,financialResult,financialIncome,financialExpenses,currentTaxes,deferredTaxes,incomeBeforeStatutoryParticipationsAndContributions,basicEarningsPerCommonShare,dilutedEarningsPerCommonShare,basicEarningsPerPreferredShare,profitSharingAndStatutoryContributions,dilutedEarningsPerPreferredShare,claimsAndOperationsCosts,administrativeCosts,otherOperatingIncomeAndExpenses,earningsPerShare,basicEarningsPerShare,dilutedEarningsPerShare,insuranceOperations,reinsuranceOperations,complementaryPensionOperations,capitalizationOperations,cleanEbit,cleanEbitda,cleanNopat,cleanNetIncome
2025-12-31,yearly,38092050000,-23991687000,14100362000,,-1018282000,,-232283010,-1500741000,12599621000,,12599621000,,11701851000,-3239792100,0.0,8462059000,0,,,,8462059000,0.0,-805343000,0,507014020,48153000,-897770000,0,0,-2742241000,-497551000,,12370.0,12370.0,,,,,,,,,,,,,,12599621000,12599621000,8315750000,
2024-12-31,yearly,36145476000,-16603073000,19542403000,,-2311438000,,-339513000,-4031944000,15510460000,,15510460000,,13642808000,-4063245000,0.0,9579563000,0,,,,9579563000,0.0,-1475378000,0,59063000,35322000,-1867652000,1359276000,-3226928100,-1302648100,-2760597000,,14020.0,14020.0,,,,,,,,,,,,,,15510460000,15510460000,10236903000,
2023-12-31,yearly,25572055000,-16051866000,9520190000,,-1597548000,,-71382000,-3174210000,6345980000,,6345980000,,4753984000,-1230453000,0.0,3523531000,0,,,,3523531000,0.0,-1636980000,0,99307000,32393000,-1591996000,806672000,-2398668000,-1545671000,315217980,,5155.06,5155.06,,,,,,,,,,,,,,6345980000,6345980000,4188347000,
2022-12-31,yearly,22055720000,-14350903000,7704817000,,-1398507000,,-56311000,-3059653000,4645164000,,4645164000,,4272750000,-1151483000,,3121267000,0,,,,3121267000,,-1694023900,0,64638000,24551000,-372414020,1091832100,-1464246000,-1230234000,78751000,,4566.53,4566.53,,,,,,,,,,,,,,4645164000,4645164000,3065808100,
2021-12-31,yearly,19491062000,-12800042000,6691019000,,-1124069000,,-93718000,-2593440000,4097579000,,4097579000,,3170156000,-864287000,,2305869000,0,,,,2305869000,,-1469609000,0,71877000,22079000,-927423000,472372000,-1399795000,-961555970,97269000,,3373.58,3373.58,,,,,,,,,,,,,,4097579000,4097579000,2704402200,
2020-12-31,yearly,17797542000,-11179667000,6617874000,,-1051181000,,37368000,-2125501000,4492373000,,4492373000,,1326002000,-352684000,,973318000,0,,,,973318000,,-1196112000,0,70288000,14136000,-3166371000,338625000,-3504996000,-460721000,108037000,,1424.0,1424.0,,,,,,,,,,,,,,4492373000,4492373000,2964966100,
2019-12-31,yearly,17983654000,-10137637000,7846017000,,-1187844000,,-94415000,-2134394000,5711623000,,5711623000,,4677942000,-1310425000,,3367517000,0,,,,3367517000,,-931503000,0,75667000,3701000,-1033681000,373705000,-1407386000,-1155463000,-154962000,,4926.81,4926.81,,,,,,,,,,,,,,5711623000,5711623000,3769671200,
2018-12-31,yearly,16085094000,-9086456000,6998638000,,-996877000,,-64498000,-1821983000,5176655000,,5176655000,,3912319000,-1077251000,,2835068000,0,,,,2835068000,,-860207000,0,93089000,6510000,-1264336000,459537000,-1723873000,-852655000,-224596000,,4147.81,4147.81,,,,,,,,,,,,,,5176655000,5176655000,3416592400,
2017-12-31,yearly,14608233000,-8778963000,5829270000,,-1098990000,,-81089000,-1867602000,3961668000,,3961668000,,3503614000,-984304000,,2519310000,0,,,,2519310000,,-768693000,0,75410000,5760000,-458054020,326580000,-784634000,-882787000,-101517000,,3685.85,3685.85,,,,,,,,,,,,,,3961668000,3961668000,2614700800,
2016-12-31,yearly,14098208000,-9013120000,5085087700,,-934896000,,-57848000,-1655481000,3429607000,,3429607000,,4129054000,-1181956000,,2947098000,0,,,,2947098000,,-730047000,0,62570000,4740000,699447000,449081000,250366000,-1121289000,-60667000,,4311.72,4311.72,,,,,,,,,,,,,,3429607000,3429607000,2263540700,
2015-12-31,yearly,11711569000,-8260763000,3450806000,,44958000,,-47085000,-406815000,3043991000,,3043991000,,587529000,-51250000,,536279000,0,,,,536279000,,-598125000,0,190840000,2597000,-2456462000,396009000,-2852471000,-1226000,-50024000,,784.6,784.6,,,,,,,,,,,,,,3043991000,3043991000,2009034100,
2014-12-31,yearly,11213216000,-7635599000,3577617000,,-924359000,,-112817000,-1666908000,1910709000,,1910709000,,1274843000,-371860000,,902983000,0,,,,902983000,,-736608000,0,109329000,-2453000,-635866000,422157000,-1058023000,-437417000,65557000,,1321.1,1321.1,,,,,,,,,,,,,,1910709000,1910709000,1261067900,
2013-12-31,yearly,11315567000,-6816263000,4499304000,,-729117000,,-54086000,-1360459000,3138845000,,3138845000,,2655599000,-732040000,,1923559000,0,,,,1923559000,,-637103000,0,57382000,2465000,-483246020,387505000,-870751000,-742578000,10538000,,2814.24,2814.24,,,,,,,,,,,,,,3138845000,3138845000,2071637800,
2012-12-31,yearly,10754435000,-6465398000,4289037000,,-726128000,,-91539000,-1443777000,2845260000,,2845260000,,2543904000,-632003970,0.0,1911900000,0,,,,1911900000,1911900000.0,-697874000,0,71764000,0,-301356000,332045000,-633401000,-594051970,-37952000,,8391.56,8391.56,,,,,,,,,,,,,,2845260000,2845260000,1877871600,
2011-12-31,yearly,9941637000,-6030977000,3910660000,,-846593000,,-162639010,-1556273000,2354387000,,2354387000,,1720746000,-497327000,0.0,1223419000,0,,,,1223419000,1223419000.0,-619542000,0,72501000,0,-633641000,451526020,-1085167000,-598303000,100976000,,5369.74,5369.74,,,,,,,,,,,,,,2354387000,2354387000,1553895400,
2010-12-31,yearly,9231027000,-5194548000,4036479000,,-653200000,,-37626000,-1364316000,2672163000,,2672163000,,2292756000,-662309000,0.0,1630447000,0,,,,1630447000,1630447000.0,-712946000,0,39456000,0,-379407000,344083000,-723490000,-697115000,34806000,,7156.23,7156.23,,,,,,,,,,,,,,2672163000,2672163000,1763627500,
