endDate,type,totalRevenue,costOfRevenue,grossProfit,researchDevelopment,sellingGeneralAdministrative,nonRecurring,otherOperatingExpenses,totalOperatingExpenses,operatingIncome,totalOtherIncomeExpenseNet,ebit,interestExpense,incomeBeforeTax,incomeTaxExpense,minorityInterest,netIncomeFromContinuingOps,discontinuedOperations,extraordinaryItems,effectOfAccountingCharges,otherItems,netIncome,netIncomeApplicableToCommonShares,salesExpenses,lossesDueToNonRecoverabilityOfAssets,otherOperatingIncome,equityIncomeResult,financialResult,financialIncome,financialExpenses,currentTaxes,deferredTaxes,incomeBeforeStatutoryParticipationsAndContributions,basicEarningsPerCommonShare,dilutedEarningsPerCommonShare,basicEarningsPerPreferredShare,profitSharingAndStatutoryContributions,dilutedEarningsPerPreferredShare,claimsAndOperationsCosts,administrativeCosts,otherOperatingIncomeAndExpenses,earningsPerShare,basicEarningsPerShare,dilutedEarningsPerShare,insuranceOperations,reinsuranceOperations,complementaryPensionOperations,capitalizationOperations,cleanEbit,cleanEbitda,cleanNopat,cleanNetIncome
2025-12-31,yearly,9759214000,-6830285000,2928929000,,-341353000,,-444857000,-1116387000,1812542000,,1812542000,,713681000,-148468000,9640000,565213000,0,,,,565213000,555573000,-632312000,0,302153980,-19000,-1098861000,608181000,-1707042000,-209830000,61362000,,1119.55,1119.21,,,,,,,,,,,,,,1812542000,1812542000,1196277800,
2024-12-31,yearly,7803627000,-5495901000,2307726000,,-291238020,,-189972000,-794577000,1513149000,,1513149000,,514216000,-32493000,-27687000,481723000,0,,,,481723000,509409980,-495108000,0,181744000,-3000,-998933000,577834000,-1576767000,-1556000,-30937000,,1157.83,1156.96,,,,,,,,,,,,,,1513149000,1513149000,998678340,
2023-12-31,yearly,9122124000,-6501430000,2620694000,,-308760000,,-102740000,-685513000,1935181000,,1935181000,,1223905000,-285925000,42380000,937980030,0,,,,937980030,895600000,-388859000,0,140992000,-26146000,-711276030,524182020,-1235458000,-320953000,35028000,,2079.62,2062.66,,,,,,,,,,,,,,1935181000,1935181000,1277219500,
2022-12-31,yearly,9589710000,-6458411000,3131299000,,-284604000,,-6085000,-626006000,2505293000,,2505293000,,1805825000,-469092000,69274000,1336733000,0,,,,1336733000,1267459000,-379664000,0,70208000,-25861000,-699468030,846817000,-1546285000,-544401000,75309000,,6059.11,6046.94,,,,,,,,,,,,,,2505293000,2505293000,1653493400,
2021-12-31,yearly,6324369000,-4076725000,2247644000,,-241448990,,-13616000,-334277000,1913367000,,1913367000,,1560810000,-430051000,68643000,1130759000,0,,,,1130759000,1062115970,-212559010,0,148179010,-14832000,-352557000,494709000,-847266000,-174507010,-255544000,,5103.95,5076.16,,,,,,,,,,,,,,1913367000,1913367000,1262822300,
2020-12-31,yearly,3873081000,-2802782000,1070299000,,-130168000,,-35426000,-289369000,780930000,,780930000,,689179000,-178231010,22274000,510948000,0,,,,510948000,488673980,-173964000,0,50189000,0,-91751000,429678020,-521429000,-111392000,-66839000,,2609.66,2598.68,,,,,,,,,,,,,,780930000,780930000,515413800,
2019-12-31,yearly,3040655900,-2257472000,783184000,,-103151000,,-12653000,-224472000,558712000,,558712000,,414662020,-99621000,3527000,315041000,0,,,,315041000,311513980,-152972000,0,44304000,0,-144050000,203659010,-347709000,-90856000,-8765000,,1668.38,1654.86,,,,,,,,,,,,,,558712000,558712000,368749920,
2018-12-31,yearly,2823468000,-1977510000,845958000,,-101514000,,-5783000,-188200990,657757000,,657757000,,585081000,-178580000,25251000,406501000,0,,,,406501000,381249980,-118674000,0,37770000,0,-72676000,286606020,-359281980,-97023000,-81557000,,4049.45,4021.01,,,,,,,,,,,,,,657757000,657757000,434119620,
2017-12-31,yearly,2219901000,-1542605000,677296000,,-86036000,,89308000,-83843000,593453000,,593453000,,500990020,-131728000,12921000,369262020,0,,,,369262020,356341000,-90206000,0,3091000,0,-92463000,183684990,-276148000,-77161000,-54567000,,3714.24,3692.13,,,,,,,,,,,,,,593453000,593453000,391678980,
2016-12-31,yearly,1659649000,-1413181000,246468000,,-59087000,,20523000,-136152990,110315000,,110315000,,-4161000,19802000,-14304000,15641000,0,,,,15641000,29945000,-97589000,0,0,0,-114476000,399656000,-514132000,-27061000,46863000,,308.42,307.9,,,,,,,,,,,,,,110315000,110315000,72807896,
2015-12-31,yearly,1761581000,-1328460000,433121000,,-58437000,,2884000,-147623010,285497980,,285497980,,166654000,-45483000,-1357000,121171000,0,,,,121171000,122528000,-92070000,0,0,0,-118844000,447366020,-566210000,-33038000,-12445000,,1262.0,1265.0,,,,,,,,,,,,,,285497980,285497980,188428670,
2014-12-31,yearly,1499175000,-1166090000,333085000,,-53735000,,-661000,-142287010,190798000,,190798000,,89072000,-18929000,2245000,70143000,0,,,,70143000,67898000,-85335000,0,-2556000,0,-101726000,138544990,-240271010,-43520000,24591000,,694.0,693.0,,,,,,,,,,,,,,190798000,190798000,125926680,
2013-12-31,yearly,1181520000,-920234000,261286000,,-47729000,,0,-110807000,150479010,,150479010,,125584000,-28981000,1030000,96603000,0,,,,96603000,95573000,-63991000,0,913000,0,-24895000,150699010,-175594000,-46441000,17460000,,971.08,965.52,,,,,,,,,,,,,,150479010,150479010,99316136,
2012-12-31,yearly,1118743000,-864956030,253787010,,-46191000,,0,-108666000,145120990,,145120990,,72531000,-34101000,325000,38430000,0,,,,38430000,38105000,-67849000,0,5374000,0,-72590000,148816990,-221407010,-30524000,-3577000,,387.49,385.24,,,,,,,,,,,,,,145120990,145120990,95779856,
2011-12-31,yearly,1005640000,-639852030,365788000,,-64047000,,0,-108908000,256880000,,256880000,,241179010,-81187000,78345000,159992000,0,,,,159992000,81647000,-46765000,0,1904000,0,-15701000,103664000,-119365000,-20705000,-60482000,,1.6,1.6,,,,,,,,,,,,,,256880000,256880000,169540800,
2010-12-31,yearly,888713000,-669009000,219704000,,-38621000,,0,-93661000,126043000,,126043000,,83892000,-25279000,28702000,58613000,0,,,,58613000,29911000,-56644000,0,1604000,0,-42151000,91236000,-133387000,-7061000,-18218000,,0.599,0.599,,,,,,,,,,,,,,126043000,126043000,83188376,
