endDate,type,totalRevenue,costOfRevenue,grossProfit,researchDevelopment,sellingGeneralAdministrative,nonRecurring,otherOperatingExpenses,totalOperatingExpenses,operatingIncome,totalOtherIncomeExpenseNet,ebit,interestExpense,incomeBeforeTax,incomeTaxExpense,minorityInterest,netIncomeFromContinuingOps,discontinuedOperations,extraordinaryItems,effectOfAccountingCharges,otherItems,netIncome,netIncomeApplicableToCommonShares,salesExpenses,lossesDueToNonRecoverabilityOfAssets,otherOperatingIncome,equityIncomeResult,financialResult,financialIncome,financialExpenses,currentTaxes,deferredTaxes,incomeBeforeStatutoryParticipationsAndContributions,basicEarningsPerCommonShare,dilutedEarningsPerCommonShare,basicEarningsPerPreferredShare,profitSharingAndStatutoryContributions,dilutedEarningsPerPreferredShare,claimsAndOperationsCosts,administrativeCosts,otherOperatingIncomeAndExpenses,earningsPerShare,basicEarningsPerShare,dilutedEarningsPerShare,insuranceOperations,reinsuranceOperations,complementaryPensionOperations,capitalizationOperations,cleanEbit,cleanEbitda,cleanNopat,cleanNetIncome
2025-12-31,yearly,7241694000,-4164733000,3076961000,,-781581000,,-16110000,-1379116000,1697845000,,1697845000,,744431000,-103897000,1846000,640534000,0,,,,640534000,638688000,-586446000,0,0,5021000,-953414000,441580000,-1394994000,-236408000,132511000,,1073.1,,0.0,,,,,,,,,,,,,1697845000,1697845000,1120577700,
2024-12-31,yearly,5580304000,-3267414000,2312890000,,-575312000,,-23852000,-1049283000,1263607000,,1263607000,,496334020,-55758000,4136000,440576000,0,,,,440576000,436440000,-450965000,0,0,846000,-767273000,332168000,-1099441000,-165008990,109251000,,744.5,,0.0,,,,,,,,,,,,,1263607000,1263607000,833980600,
2023-12-31,yearly,4244743000,-2533854000,1710889000,,-468361000,,148216990,-666015000,1044874000,,1044874000,,571586000,472590020,7622000,1044176000,0,,,,1044176000,1036554000,-344782020,0,0,-1089000,-473288000,460541000,-933829000,-127831000,600421000,,1768.1,,0.0,,,,,,,,,,,,,1044874000,1044874000,689616830,
2022-12-31,yearly,2930438000,-2018417000,912021000,,-347991000,,-12838000,-646605000,265416000,,265416000,,-82315000,-3736000,3380000,-86051000,0,,,,-86051000,-89431000,-292345980,0,0,6570000,-347731000,450779000,-798510000,-63093000,59357000,,-150.0,,0.0,,,,,,,,,,,,,265416000,265416000,175174560,
2021-12-31,yearly,1706851000,-1593010000,113841000,,-275816000,,0,-473387000,-359545980,,-359545980,,-654786000,21769000,1564000,-633017000,0,,,,-633017000,-634581000,-186123010,0,3548000,-14996000,-295240000,248471010,-543711000,-24400000,46169000,,-1210.0,,0.0,,,,,,,,,,,,,-359545980,-359545980,-237300350,
2020-12-31,yearly,1256244000,-1266625000,-10381000,,-213583010,,-41254000,-383321980,-393703000,,-393703000,,-655053000,50625000,-5844000,-604428030,0,,,,-604428030,-598584000,-132868000,0,20169000,-15786000,-261350000,212852000,-474201980,-14537000,65162000,,0.0,,0.0,,,,,,,,,,,,,-393703000,-393703000,-259843980,
2019-12-31,yearly,1983947000,-1249978000,733969000,,-460382020,,-46844000,-643751000,90218000,,90218000,,-298579000,-40693000,8708000,-339272000,0,,,,-339272000,-347980000,-153415010,0,18666000,-1776000,-388797000,57282000,-446079000,-40516000,-177000,,-18674.6,,-18674.6,,,,,,,,,,,,,90218000,90218000,59543880,
2018-12-31,yearly,1160033000,-807386000,352647000,,-149483010,,-49612000,152554000,505201000,,505201000,,384177980,-27222000,5427000,356956000,0,,,,356956000,351529000,-81472000,0,421043000,12078000,-121023000,33848000,-154871010,-18984000,-8238000,,0.0,,0.0,,,,,,,,,,,,,505201000,505201000,333432670,
2017-12-31,yearly,745563000,-529856000,215707010,,-100262000,,-38031000,-156704000,59003000,,59003000,,-4863000,-6726000,3250000,-11589000,0,,,,-11589000,-14839000,-64767000,0,32431000,13925000,-63866000,31486000,-95352000,-14657000,7931000,,-1015.7,,-1015.7,,,,,,,,,,,,,59003000,59003000,38941980,
2016-12-31,yearly,641196030,-441603000,199592990,,-79545000,,-42692000,-134256000,65337000,,65337000,,-8230000,-13347000,648000,-21577000,0,,,,-21577000,-22225000,-39792000,0,17031000,10742000,-73567000,11429000,-84996000,-13292000,-55000,,-1647.9,,-1647.9,,,,,,,,,,,,,65337000,65337000,43122420,
