endDate,type,totalRevenue,costOfRevenue,grossProfit,researchDevelopment,sellingGeneralAdministrative,nonRecurring,otherOperatingExpenses,totalOperatingExpenses,operatingIncome,totalOtherIncomeExpenseNet,ebit,interestExpense,incomeBeforeTax,incomeTaxExpense,minorityInterest,netIncomeFromContinuingOps,discontinuedOperations,extraordinaryItems,effectOfAccountingCharges,otherItems,netIncome,netIncomeApplicableToCommonShares,salesExpenses,lossesDueToNonRecoverabilityOfAssets,otherOperatingIncome,equityIncomeResult,financialResult,financialIncome,financialExpenses,currentTaxes,deferredTaxes,incomeBeforeStatutoryParticipationsAndContributions,basicEarningsPerCommonShare,dilutedEarningsPerCommonShare,basicEarningsPerPreferredShare,profitSharingAndStatutoryContributions,dilutedEarningsPerPreferredShare,claimsAndOperationsCosts,administrativeCosts,otherOperatingIncomeAndExpenses,earningsPerShare,basicEarningsPerShare,dilutedEarningsPerShare,insuranceOperations,reinsuranceOperations,complementaryPensionOperations,capitalizationOperations,cleanEbit,cleanEbitda,cleanNopat,cleanNetIncome
2026-03-31,yearly,7431765000,-5483369000,1948396000,,-366733000,,0,-553595000,1394801000,,1394801000,,540571000,295606020,0,836177000,0,,,,836177000,836177000,-292471000,0,94752000,10857000,-854230000,504772000,-1359002000,-30890000,326496000,,2526.4,2526.4,,,,,,,,,,,,,,1394801000,1394801000,920568640,
2025-03-31,yearly,7162034000,-5376732000,1785302000,,-340065980,,0,-267899010,1517403000,,1517403000,,502774020,53957000,0,556731000,0,,,,556731000,556731000,-262564000,0,325275000,9456000,-1014629000,439404000,-1454033000,-9572000,63529000,,1669.7,1669.7,,,,,,,,,,,,,,1517403000,1517403000,1001485950,
2024-03-31,yearly,6891738000,-5216291000,1675447000,,-343265980,,0,856038000,2531485000,,2531485000,,1786621000,-310342020,0,1476279000,0,,,,1476279000,1476279000,-255455010,0,1446441000,8318000,-744864000,362977980,-1107842000,-514421000,204079010,,4262.2,4262.2,,,,,,,,,,,,,,2531485000,2531485000,1670780200,
2023-03-31,yearly,6627566000,-4589655000,2037911000,,-264367010,,0,38638000,2076549000,,2076549000,,1193612000,-177868000,0,1015744000,0,,,,1015744000,1015744000,-221596990,0,519569000,5033000,-882937000,374494020,-1257431000,-273804000,95936000,,2932.5,2932.5,,,,,,,,,,,,,,2076549000,2076549000,1370522400,
2022-03-31,yearly,5719953000,-3299689000,2420264000,,-293576000,,0,-7562000,2412702000,,2412702000,,1939241000,-458373000,0,1480868000,0,,,,1480868000,1480868000,-160167010,0,438823000,7358000,-473461000,231331010,-704792000,-229327010,-229046000,,4275.3,4275.3,,,,,,,,,,,,,,2412702000,2412702000,1592383400,
2021-03-31,yearly,4305083000,-2750835000,1554247900,,-257158000,,0,-3334000,1550914000,,1550914000,,1208802000,-281678020,0,927123970,0,,,,927123970,927123970,-173154000,0,421201980,5776000,-342112000,65669000,-407781000,-167151010,-114527000,,2676.6,2676.6,,,,,,,,,,,,,,1550914000,1550914000,1023603260,
2020-03-31,yearly,3693860000,-2516996000,1176864000,,-216868990,,0,8969000,1185833000,,1185833000,,733674000,-94664000,0,639010000,0,,,,639010000,639010000,-138196990,0,363409980,625000,-452159000,176840990,-629000000,-124725000,30061000,,1833.9,1833.9,,,,,,,,,,,,,,1185833000,1185833000,782649800,
2019-03-31,yearly,3360362000,-2488932000,871430000,,-194924990,,0,-173408000,698022000,,698022000,,379233980,-65189000,0,314045000,0,,,,314045000,314045000,-97367000,0,119124000,-240000,-318788000,147540990,-466329000,-31606000,-33583000,,961.03,961.03,,,,,,,,,,,,,,698022000,698022000,460694530,
2018-03-31,yearly,3435700000,-2336341000,1099359000,,-180070000,,0,-299678020,799681000,,799681000,,622546000,-130840000,0,491705980,0,,,,491705980,491705980,-119778000,0,3164000,-2994000,-177135010,164088990,-341224000,-71218000,-59622000,,1474.79,1470.89,,,,,,,,,,,,,,799681000,799681000,527789470,
2017-03-31,yearly,2609519000,-1926210000,683309000,,-147812990,,0,-14426000,668883000,,668883000,,413645000,-129778000,0,283867000,0,,,,283867000,283867000,-101941000,0,147963010,87365000,-255238000,184288990,-439527000,-14148000,-115630000,,841.54,839.7,,,,,,,,,,,,,,668883000,668883000,441462780,
2016-03-31,yearly,2338730000,-1714882000,623848000,,-136687010,,0,-156428990,467419000,,467419000,,173196990,21134000,0,194331010,0,,,,194331010,194331010,-103601000,0,8972000,74887000,-294222020,163326000,-457548000,-26130000,47264000,,1720.1,1716.7,,,,,,,,,,,,,,467419000,467419000,308496540,
2015-03-31,yearly,1916044000,-1370538000,545506000,,-144447010,,0,-90106000,455400000,,455400000,,313838020,-25521000,2259000,288317000,0,,,,288317000,286057980,-85749000,0,108005000,32085000,-141562000,179498000,-321060000,-19953000,-5568000,,2541.2,2534.6,,,,,,,,,,,,,,455400000,455400000,300564000,
2014-03-31,yearly,1533675000,-1089056000,444619000,,-113553000,,0,-200784990,243834000,,243834000,,188560990,-53560000,0,135000990,0,,,,135000990,135000990,-73893000,0,3105000,-16444000,-55273000,68422000,-123695000,-8918000,-44642000,,1202.8,1200.2,,,,,,,,,,,,,,243834000,243834000,160930430,
2013-03-31,yearly,1635955000,-1233695000,402260000,,-127561000,,0,-203450000,198810000,,198810000,,98159000,-25209000,0,72950000,0,,,,72950000,72950000,-72466000,0,192000,-3615000,-100651000,211000990,-311652000,-2226000,-22983000,,650.1,650.1,,,,,,,,,,,,,,198810000,198810000,131214600,
2012-03-31,yearly,1366990000,-990438000,376552000,,-120499000,,0,-147711010,228840990,,228840990,,166203010,-39592000,0,126611000,0,,,,126611000,126611000,-53748000,0,26987000,-451000,-62638000,236226000,-298864000,-16333000,-23259000,,1120.0,1120.0,,,,,,,,,,,,,,228840990,228840990,151035060,
2011-03-31,yearly,1295046000,-895702000,399344000,,-101130000,,-4244000,-163579010,235764990,,235764990,,197096000,-54808000,0,142288000,0,,,,142288000,142288000,-58205000,0,0,0,-38669000,62938000,-101607000,-59496000,4688000,,1260.0,1260.0,,,,,,,,,,,,,,235764990,235764990,155604900,
