endDate,type,totalRevenue,costOfRevenue,grossProfit,researchDevelopment,sellingGeneralAdministrative,nonRecurring,otherOperatingExpenses,totalOperatingExpenses,operatingIncome,totalOtherIncomeExpenseNet,ebit,interestExpense,incomeBeforeTax,incomeTaxExpense,minorityInterest,netIncomeFromContinuingOps,discontinuedOperations,extraordinaryItems,effectOfAccountingCharges,otherItems,netIncome,netIncomeApplicableToCommonShares,salesExpenses,lossesDueToNonRecoverabilityOfAssets,otherOperatingIncome,equityIncomeResult,financialResult,financialIncome,financialExpenses,currentTaxes,deferredTaxes,incomeBeforeStatutoryParticipationsAndContributions,basicEarningsPerCommonShare,dilutedEarningsPerCommonShare,basicEarningsPerPreferredShare,profitSharingAndStatutoryContributions,dilutedEarningsPerPreferredShare,claimsAndOperationsCosts,administrativeCosts,otherOperatingIncomeAndExpenses,earningsPerShare,basicEarningsPerShare,dilutedEarningsPerShare,insuranceOperations,reinsuranceOperations,complementaryPensionOperations,capitalizationOperations,cleanEbit,cleanEbitda,cleanNopat,cleanNetIncome
2025-12-31,yearly,50115680000,-33889503000,16226175000,,-2790154000,,-639870000,-5577166000,10649009000,,10649009000,,20411175000,-6973487000,29498000,13437687000,0,,,,13437687000,13408189000,-3312740000,0,1574810000,-409212000,9762165000,16645920000,-6883755000,-518379000,-6455108000,,10841.89,10815.55,0.0,,0.0,,,,,,,,,,,10649009000,10649009000,7028346000,
2024-12-31,yearly,47403282000,-27401527000,20001755000,,-2619844000,,-311985000,-4310663000,15691092000,,15691092000,,-13111053000,6066347000,29492000,-7044706000,0,,,,-7044706000,-7074198000,-2938547000,0,1573558000,-13845000,-28802144000,1737434000,-30539580000,-1365599000,7431946000,,-5593.13,-5593.13,0.0,,0.0,,,,,,,,,,,15691092000,15691092000,10356121000,
2023-12-31,yearly,39755575000,-25076675000,14678900000,,-1923228000,,-498848000,-2462612000,12216288000,,12216288000,,17997216000,-3890835000,21533000,14106381000,0,,,,14106381000,14084848000,-2596377000,0,2575220000,-19379000,5780928000,10440090000,-4659162000,-395392000,-3495443000,,10857.94,10853.87,0.0,,0.0,,,,,,,,,,,12216288000,12216288000,8062750000,
2022-12-31,yearly,49830945000,-24821289000,25009658000,,-1709767000,,-191196990,-2786877000,22222780000,,22222780000,,28655581000,-5260694000,13270000,23394888000,0,,,,23394888000,23381617000,-2483194000,0,1312913000,284368000,6432799700,11023170000,-4590370000,-510896000,-4749798000,,17577.24,17573.05,0.0,,0.0,,,,,,,,,,,22222780000,22222780000,14667036000,
2021-12-31,yearly,40965430000,-20615588000,20349843000,,-1577909000,,-5187000,-2169652000,18180190000,,18180190000,,8832957000,-197424990,9146000,8635532000,0,,,,8635532000,8626386000,-2291722000,0,1653254000,51912000,-9347234000,272556000,-9619790000,-292115000,94690000,,6393.6,6392.05,0.0,,0.0,,,,,,,,,,,18180190000,18180190000,11998926000,
2020-12-31,yearly,30460277000,-18966331000,11493946000,,-1443192100,,-58437000,-3050552000,8443394000,,8443394000,,-17642130000,6927194000,9893000,-10714935000,0,,,,-10714935000,-10724828000,-2174652000,0,589587000,36142000,-26085523000,327475000,-26412999000,-181926000,7109120000,,-7948.9,-7948.9,0.0,,0.0,,,,,,,,,,,8443394000,8443394000,5572640300,
2019-12-31,yearly,26012950000,-20743481000,5269468000,,-1173358000,,-88949000,-2640890000,2628578000,,2628578000,,-4097203000,1282461000,2776000,-2814742000,0,,,,-2814742000,-2817518000,-1905279000,0,494703000,31993000,-6725781000,493246020,-7219027000,-246110000,1528571000,,-2088.25,-2088.25,0.0,,0.0,,,,,,,,,,,2628578000,2628578000,1734861400,
2018-12-31,yearly,13437329000,-6918336000,6518993000,,-825209000,,-162364000,-1513234000,5005759000,,5005759000,,163246000,155214000,121000,318460000,0,,,,318460000,318339000,-598726000,0,65489000,7576000,-4842513000,459707000,-5302220000,-586568000,741782000,,291.12,290.75,0.0,,0.0,,,,,,,,,,,5005759000,5005759000,3303800800,
2017-12-31,yearly,10520790000,-6449468000,4071322000,,-528974020,,-129939000,-813417000,3257905000,,3257905000,,2239065000,-431632000,0,1807433000,0,,,,1807433000,1807433000,-430825000,0,270449000,5872000,-1018840000,379049000,-1397889000,-202187010,-229444990,,1645.62,1643.58,0.0,,0.0,,,,,,,,,,,3257905000,3257905000,2150217200,
2016-12-31,yearly,9882313000,-6571622000,3310691000,,-427100000,,-1176114000,-1993598000,1317093000,,1317093000,,2418193000,-726195000,0,1691998000,0,,,,1691998000,1691998000,-408809980,0,25553000,-7127000,1101100000,2257304000,-1156204000,-188816990,-537378000,,1455.34,1452.34,1600.87,,1597.58,,,,,,,,,,,1317093000,1317093000,869281400,
2015-12-31,yearly,10224361000,-6184246000,4040115000,,-455629000,,-134652990,-970131000,3069984000,,3069984000,,-1358521000,433167000,0,-925354000,0,,,,-925354000,-925354000,-409985980,0,30137000,0,-4428505000,285380000,-4713885000,-19052000,452219000,,-797.28,-794.44,-877.01,,-873.89,,,,,,,,,,,3069984000,3069984000,2026189400,
2014-12-31,yearly,7264599000,-5355664000,1908935000,,-392761000,,-54990000,-679366000,1229569000,,1229569000,,-363943000,102437000,0,-261506000,0,,,,-261506000,-261506000,-300796000,0,69181000,0,-1593511900,265351010,-1858863000,-17480000,119917000,,-225.7,-224.85,-248.28,,-247.35,,,,,,,,,,,1229569000,1229569000,811515500,
2013-12-31,yearly,5688625000,-4190315000,1498310000,,-377049000,,-124386000,-522743000,975567000,,975567000,,-279974020,59515000,0,-220459010,0,,,,-220459010,-220459010,-250996000,0,229688000,0,-1255541000,599843000,-1855384100,-9924000,69439000,,-190.55,-189.89,-209.61,,-208.88,,,,,,,,,,,975567000,975567000,643874240,
2012-12-31,yearly,5192292000,-4036276000,1156016000,,-403825980,,-22911000,-611661000,544355000,,544355000,,-310984000,128858000,0,-182126000,0,,,,-182126000,-182126000,-247948990,0,63025000,0,-855339000,350943000,-1206282000,-2280000,131138000,,-236.47,-236.51,-260.11,,-260.16,,,,,,,,,,,544355000,544355000,359274300,
2011-12-31,yearly,4847988000,-3771937000,1076051000,,-333809980,,-68740000,-399694020,676357000,,676357000,,-98305000,128196000,0,29891000,0,,,,29891000,29891000,-247672990,0,250528990,0,-774662000,525219000,-1299881000,-7893000,136088990,,70.43,59.47,77.47,,65.44,,,,,,,,,,,676357000,676357000,446395620,
2010-12-31,yearly,4513883000,-3148502000,1365381000,,-288473000,,-31953000,-213936000,1151445000,,1151445000,,899067000,-130070000,0,768997000,0,,,,768997000,768997000,-227992990,0,334483000,0,-252378000,191934000,-444312000,-126904000,-3166000,,1977.77,1976.57,2175.55,,2172.23,,,,,,,,,,,1151445000,1151445000,759953700,
