endDate,type,totalRevenue,costOfRevenue,grossProfit,researchDevelopment,sellingGeneralAdministrative,nonRecurring,otherOperatingExpenses,totalOperatingExpenses,operatingIncome,totalOtherIncomeExpenseNet,ebit,interestExpense,incomeBeforeTax,incomeTaxExpense,minorityInterest,netIncomeFromContinuingOps,discontinuedOperations,extraordinaryItems,effectOfAccountingCharges,otherItems,netIncome,netIncomeApplicableToCommonShares,salesExpenses,lossesDueToNonRecoverabilityOfAssets,otherOperatingIncome,equityIncomeResult,financialResult,financialIncome,financialExpenses,currentTaxes,deferredTaxes,incomeBeforeStatutoryParticipationsAndContributions,basicEarningsPerCommonShare,dilutedEarningsPerCommonShare,basicEarningsPerPreferredShare,profitSharingAndStatutoryContributions,dilutedEarningsPerPreferredShare,claimsAndOperationsCosts,administrativeCosts,otherOperatingIncomeAndExpenses,earningsPerShare,basicEarningsPerShare,dilutedEarningsPerShare,insuranceOperations,reinsuranceOperations,complementaryPensionOperations,capitalizationOperations,cleanEbit,cleanEbitda,cleanNopat,cleanNetIncome
2025-12-31,yearly,4624113000,-2077823000,2546290000,,-267196990,,0,189992990,2736283000,,2736283000,,1698874000,-119011000,0,1579863000,0,,,,1579863000,1579863000,0,0,0,457190020,-1037409000,134252000,-1171661000,-27005000,-92006000,,1528.66,1528.66,1528.66,,1528.66,,,,,,,,,,,2736283000,2736283000,1805946800,
2024-12-31,yearly,3718138000,-1245831000,2472307000,,-273079000,,0,391056000,2863363000,,2863363000,,1862514000,-168599010,0,1693915000,0,,,,1693915000,1693915000,0,0,0,664135000,-1000849000,103110000,-1103959000,-34837000,-133762000,,1639.01,1639.01,1639.01,,1639.01,,,,,,,,,,,2863363000,2863363000,1889819500,
2023-12-31,yearly,3362116000,-1240720000,2121396000,,-213828000,,0,213684990,2335081000,,2335081000,,1431259000,-63425000,0,1367834000,0,,,,1367834000,1367834000,0,0,0,427513000,-903822000,148008000,-1051830000,-44595000,-18830000,,1323.5,1323.5,1323.5,,1323.5,,,,,,,,,,,2335081000,2335081000,1541153400,
2022-12-31,yearly,2616517000,-498448000,2118069000,,-174487010,,-67181000,323219000,2441288000,,2441288000,,1703731000,-254516000,0,1449215000,0,,,,1449215000,1449215000,0,0,0,564887000,-737557000,164995010,-902552000,-39480000,-215036000,,1402.24,1402.24,1402.24,,1402.24,,,,,,,,,,,2441288000,2441288000,1611250000,
2021-12-31,yearly,3472049000,-648988030,2823061000,,-155607010,,-13639000,612192000,3435253000,,3435253000,,2625144000,-411430020,0,2213714000,0,,,,2213714000,2213714000,0,0,0,781438000,-810109000,34283000,-844392000,-21763000,-389667000,,2141.96,2141.96,2141.96,,2141.96,,,,,,,,,,,3435253000,3435253000,2267267000,
2020-12-31,yearly,3561286000,-1047979000,2513307000,,-134420990,,-18123000,681398000,3194705000,,3194705000,,2719182000,-456255000,0,2262927000,0,,,,2262927000,2262927000,0,0,0,833942000,-475523000,38813000,-514336000,-27698000,-428557000,,2190.0,2190.0,2190.0,,2190.0,,,,,,,,,,,3194705000,3194705000,2108505300,
2019-12-31,yearly,1794959000,-574018000,1220941000,,-132096000,,0,184052990,1404994000,,1404994000,,1146197000,-143882000,456000,1002315000,0,,,,1002315000,1001859000,0,0,9811000,306337980,-258796990,96939000,-355736000,-4014000,-139868000,,969.3877,969.3877,969.3877,,969.3877,,,,,,,,,,,1404994000,1404994000,927296060,
2018-12-31,yearly,1635237000,-362356000,1272881000,,-144282000,,0,156974000,1429855000,,1429855000,,1218668000,-147363010,0,1071305000,0,,,,1071305000,1071305000,0,0,0,301256000,-211187010,62913000,-274100000,-86611000,-60752000,,1036.5829,1036.5829,1036.5829,,1036.5829,,,,,,,,,,,1429855000,1429855000,943704300,
2017-12-31,yearly,1077059000,-197776990,879282000,,-121600000,,0,46978000,926259970,,926259970,,703664000,-55379000,0,648285000,0,,,,648285000,648285000,0,0,0,168578000,-222596000,69753000,-292349000,-127554000,72175000,,627.27,627.27,627.27,,627.27,,,,,,,,,,,926259970,926259970,611331600,
2016-12-31,yearly,1391074000,-149196000,1241878000,,-106492000,,0,129349000,1371227000,,1371227000,,970338000,-108272000,0,862066000,0,,,,862066000,862066000,0,0,0,235840990,-400889000,58364000,-459253000,-132439000,24167000,,834.13,834.13,834.13,,834.13,,,,,,,,,,,1371227000,1371227000,905009800,
2015-12-31,yearly,1542465000,-118487000,1423978000,,-103354000,,0,113573000,1537551000,,1537551000,,1069370000,-159947010,0,909423000,0,,,,909423000,909423000,0,0,0,216927010,-468181000,61818000,-529999000,26150000,-186096990,,879.95,879.95,879.95,,879.95,,,,,,,,,,,1537551000,1537551000,1014783700,
2014-12-31,yearly,1495804000,-170884990,1324919000,,-72387000,,0,190630000,1515549000,,1515549000,,1101437000,-196592000,0,904845000,0,,,,904845000,904845000,0,0,0,263016990,-414112000,52242000,-466353980,-53570000,-143022000,,875.52,875.52,875.52,,875.52,,,,,,,,,,,1515549000,1515549000,1000262340,
2013-12-31,yearly,1447851000,-218583010,1229268000,,-87117000,,0,91902000,1321170000,,1321170000,,951705000,-58853000,0,892851970,0,,,,892851970,892851970,0,0,0,179019010,-369465000,113701000,-483166020,-73509000,14656000,,863.91,863.91,863.91,,863.91,,,,,,,,,,,1321170000,1321170000,871972200,
2012-12-31,yearly,1223676000,-108823000,1114853000,,-72778000,,0,-27609000,1087244000,,1087244000,,808940030,-219758000,0,589182000,0,,,,589182000,589182000,0,0,45169000,0,-278304000,155627010,-433931000,-132648000,-87110000,,656.28,656.28,656.28,,656.28,,,,,,,,,,,1087244000,1087244000,717581060,
2011-12-31,yearly,997244030,-64090000,933154000,,-21577000,,-18867000,-40444000,892710000,,892710000,,713993000,-218594000,0,495399000,0,,,,495399000,495399000,0,0,0,0,-178716990,63513000,-242230000,-77227000,-141367010,,1880.1,1880.1,1880.1,,1880.1,,,,,,,,,,,892710000,892710000,589188600,
2010-12-31,yearly,798594000,-70574000,728019970,,-15229000,,-31076000,-46305000,681715000,,681715000,,557102000,-128472000,0,428630020,0,,,,428630020,428630020,0,0,0,0,-124613000,34063000,-158676000,-149960990,21489000,,1627.0,1627.0,1627.0,,1627.0,,,,,,,,,,,681715000,681715000,449931900,
