endDate,type,totalRevenue,costOfRevenue,grossProfit,researchDevelopment,sellingGeneralAdministrative,nonRecurring,otherOperatingExpenses,totalOperatingExpenses,operatingIncome,totalOtherIncomeExpenseNet,ebit,interestExpense,incomeBeforeTax,incomeTaxExpense,minorityInterest,netIncomeFromContinuingOps,discontinuedOperations,extraordinaryItems,effectOfAccountingCharges,otherItems,netIncome,netIncomeApplicableToCommonShares,salesExpenses,lossesDueToNonRecoverabilityOfAssets,otherOperatingIncome,equityIncomeResult,financialResult,financialIncome,financialExpenses,currentTaxes,deferredTaxes,incomeBeforeStatutoryParticipationsAndContributions,basicEarningsPerCommonShare,dilutedEarningsPerCommonShare,basicEarningsPerPreferredShare,profitSharingAndStatutoryContributions,dilutedEarningsPerPreferredShare,claimsAndOperationsCosts,administrativeCosts,otherOperatingIncomeAndExpenses,earningsPerShare,basicEarningsPerShare,dilutedEarningsPerShare,insuranceOperations,reinsuranceOperations,complementaryPensionOperations,capitalizationOperations,cleanEbit,cleanEbitda,cleanNopat,cleanNetIncome
2025-12-31,yearly,4173389000,-2917998000,1255391000,,-292535000,,-127151000,-736691000,518700000,,518700000,,523070020,-38639000,-21239000,484431000,0,,,,484431000,505670020,-342340000,0,0,25335000,4370000,237032990,-232663010,-35554000,-3085000,,4121.5,4118.4,,,,,,,,,,,,,,518700000,518700000,342341980,
2024-12-31,yearly,3284401000,-2392957000,891443970,,-240026000,,-87988000,-596316030,295128000,,295128000,,124282000,-23571000,-5702000,100711000,0,,,,100711000,106413000,-285001000,0,0,16699000,-170846000,65181000,-236027010,-28750000,5179000,,864.5,826.4,,,,,,,,,,,,,,295128000,295128000,194784480,
2023-12-31,yearly,2903087000,-2294468000,608619000,,-179460990,,-117747000,-535939000,72680000,,72680000,,-58071000,-44439000,-6662000,-102510000,0,,,,-102510000,-95848000,-237786000,0,0,-945000,-130751000,63145000,-193896000,-42994000,-1445000,,-874.7,-874.7,,,,,,,,,,,,,,72680000,72680000,47968800,
2023-03-31,yearly,651443000,-518805000,132638000,,-37415000,,-26572000,-111424000,21214000,,21214000,,-32522000,-11163000,-1783000,-43685000,0,,,,-43685000,0,-47740000,0,0,303000,-53736000,12410000,-66146000,-9848000,-1315000,,-414.1,-391.8,,,,,,,,,,,,,,21214000,21214000,14001240,
2022-12-31,yearly,2412586000,-2137895900,274689980,,-208450000,,-133381000,-590499000,-315809000,,-315809000,,-511081000,-44632000,-8411000,-555713000,0,,,,-555713000,-547302000,-241287010,0,0,-7381000,-195272000,54509000,-249780990,-44638000,6000,,-5643.1,-5346.2,,,,,,,,,,,,,,-315809000,-315809000,-208433940,
2021-12-31,yearly,2539954000,-2088664100,451289980,,-188112000,,-100999000,-541720000,-90430000,,-90430000,,-150540990,-46048000,-5112000,-196588990,0,,,,-196588990,-191476990,-245808000,0,0,-6801000,-60111000,37642000,-97753000,-44229000,-1819000,,-1989.2,-1854.0,,,,,,,,,,,,,,-90430000,-90430000,-59683800,
2020-12-31,yearly,2282369000,-1572011000,710358000,,-154424000,,-90218000,-445710020,264648000,,264648000,,241576990,-41857000,-597000,199720000,0,,,,199720000,200316990,-200588000,0,0,-480000,-23071000,32567000,-55638000,-37244000,-4613000,,2054.9,1898.8,,,,,,,,,,,,,,264648000,264648000,174667680,
2019-12-31,yearly,1950098000,-1302023000,648075000,,-117117000,,-80941000,-357344000,290731000,,290731000,,299533000,-35120000,869000,264412990,0,,,,264412990,263544000,-162524990,0,0,3239000,8802000,61241000,-52439000,-31265000,-3855000,,2727.8,2509.8,,,,,,,,,,,,,,290731000,290731000,191882460,
2018-12-31,yearly,1681254000,-1095424000,585830000,,-123846000,,-97954000,-366470020,219360000,,219360000,,227866000,-26520000,1054000,201346000,0,,,,201346000,200292000,-145288000,0,0,618000,8506000,42883000,-34377000,-24641000,-1879000,,3902.5,3578.3,,,,,,,,,,,,,,219360000,219360000,144777600,
2017-12-31,yearly,1357904000,-889287000,468617000,,-95155000,,-111987000,-345129980,123487000,,123487000,,122630000,-17994000,-2050000,104636000,0,,,,104636000,106686000,-136872990,0,0,-1115000,-857000,28146000,-29003000,-27053000,9059000,,1975.6,1848.0,,,,,,,,,,,,,,123487000,123487000,81501416,
2016-12-31,yearly,1052710000,-729705000,323005000,,-89739000,,-49042000,-234727010,88278000,,88278000,,68235000,-20966000,-9382000,47269000,0,,,,47269000,56651000,-90490000,0,0,-5456000,-20043000,27257000,-47300000,-16089000,-4877000,,1049.09,981.5,,,,,,,,,,,,,,88278000,88278000,58263480,
2015-12-31,yearly,850962000,-605584000,245378000,,-83971000,,-67402000,-214932990,30445000,,30445000,,36219000,-6522000,-623000,29697000,0,,,,29697000,30320000,-65311000,0,0,1751000,5774000,46825000,-41051000,-9835000,3313000,,47.9,46.06,,,,,,,,,,,,,,30445000,30445000,20093700,
2014-12-31,yearly,570138000,-444248000,125890000,,-87073000,,-77880000,-237072990,-111183000,,-111183000,,-136058000,-6328000,-742000,-142386000,0,,,,-142386000,-141644000,-52978000,0,0,-19142000,-24875000,58673000,-83548000,-8027000,1699000,,-223.75,-223.75,,,,,,,,,,,,,,-111183000,-111183000,-73380776,
2013-12-31,yearly,817461000,-752216000,65245000,,-97303000,,6202000,-137403010,-72158000,,-72158000,,-75970000,-8651000,6305000,-84621000,0,,,,-84621000,-90926000,-77556000,0,0,31254000,-3812000,37535000,-41347000,-7517000,-1134000,,-143.6,-143.6,,,,,,,,,,,,,,-72158000,-72158000,-47624280,
2012-12-31,yearly,1125670000,-977472000,148198000,,-113336000,,-63610000,-267434000,-119236000,,-119236000,,-116015000,-5748000,1095000,-121763000,0,,,,-121763000,-122858000,-90488000,0,0,0,3221000,36903000,-33682000,-5367000,-381000,,-194.1,0.0,,,,,,,,,,,,,,-119236000,-119236000,-78695760,
2011-12-31,yearly,445982020,-725459000,-279477000,,-88703000,,-85868000,-356569000,-636046000,,-636046000,,-620387000,-39338000,333000,-659725000,0,,,,-659725000,-660058000,-181998000,0,0,0,15659000,28805000,-13146000,-12677000,-26661000,,0.0,0.0,,,,,,,,,,,,,,-636046000,-636046000,-419790370,
2010-12-31,yearly,1287219000,-905629000,381590020,,-123429000,,2835000,-225044000,156546000,,156546000,,128929000,-5155000,0,123774000,0,,,,123774000,123774000,-104450000,0,0,0,-27617000,12542000,-40159000,-5949000,794000,,302.7,302.7,,,,,,,,,,,,,,156546000,156546000,103320360,
