endDate,type,totalRevenue,costOfRevenue,grossProfit,researchDevelopment,sellingGeneralAdministrative,nonRecurring,otherOperatingExpenses,totalOperatingExpenses,operatingIncome,totalOtherIncomeExpenseNet,ebit,interestExpense,incomeBeforeTax,incomeTaxExpense,minorityInterest,netIncomeFromContinuingOps,discontinuedOperations,extraordinaryItems,effectOfAccountingCharges,otherItems,netIncome,netIncomeApplicableToCommonShares,salesExpenses,lossesDueToNonRecoverabilityOfAssets,otherOperatingIncome,equityIncomeResult,financialResult,financialIncome,financialExpenses,currentTaxes,deferredTaxes,incomeBeforeStatutoryParticipationsAndContributions,basicEarningsPerCommonShare,dilutedEarningsPerCommonShare,basicEarningsPerPreferredShare,profitSharingAndStatutoryContributions,dilutedEarningsPerPreferredShare,claimsAndOperationsCosts,administrativeCosts,otherOperatingIncomeAndExpenses,earningsPerShare,basicEarningsPerShare,dilutedEarningsPerShare,insuranceOperations,reinsuranceOperations,complementaryPensionOperations,capitalizationOperations,cleanEbit,cleanEbitda,cleanNopat,cleanNetIncome
2025-12-31,yearly,5771867000,-1716326000,4055541000,,-584717000,,-1059471000,-2932813000,1122727900,,1122727900,,1041978000,-200256000,29001000,841722000,79020000,,,,920742000,891741000,-1300048000,0,0,11423000,-80750000,270087000,-350837000,-202779010,2523000,,1519.02,1490.79,,,,,,,,,,,,,,1122727900,1122727900,741000450,
2024-12-31,yearly,5224007000,-1594149000,3629858000,,-593409000,,-1021689000,-2752589000,877269000,,877269000,,827943000,-91415000,17930000,736528000,-1085000,,,,735443000,717513000,-1135920000,0,0,-1571000,-49326000,278305980,-327632000,-191786000,100371000,,1205.89,1186.12,,,,,,,,,,,,,,877269000,877269000,578997570,
2023-12-31,yearly,4497028000,-1361034000,3135994000,,-502233980,,-910777000,-2435299000,700695000,,700695000,,683286000,-146620000,29615000,536665980,227768990,,,,764435000,734819970,-1025483000,0,0,3195000,-17409000,355764000,-373173000,-171067010,24447000,,1216.8,1198.3,,,,,,,,,,,,,,700695000,700695000,462458700,
2022-12-31,yearly,3792932000,-1145269000,2647663000,,-474657980,,-731984000,-2006588000,641075000,,641075000,,661595000,-141204000,25165000,520391000,2910000,,,,523301000,498136000,-799504000,0,0,-442000,20520000,362012000,-341492000,-153567010,12363000,,820.92,809.16,,,,,,,,,,,,,,641075000,641075000,423109500,
2021-12-31,yearly,3258863000,-1032851000,2226012000,,-480132000,,-573175000,-1713500000,512512000,,512512000,,463709000,-89672000,5546000,374037000,0,,,,374037000,368491000,-659667000,0,0,-526000,-48803000,97213000,-146016000,-131311000,41639000,,635.61,627.04,,,,,,,,,,,,,,512512000,512512000,338257920,
2020-12-31,yearly,2596077000,-846126000,1749951000,,-383889000,,-433563000,-1356413000,393537980,,393537980,,382104000,-86068000,0,296036000,-1077000,,,,294959000,294959000,-538667000,0,0,-294000,-11434000,47344000,-58778000,-80919000,-5149000,,519.15,513.04,,,,,,,,,,,,,,393537980,393537980,259735070,
2019-12-31,yearly,2282124000,-743855000,1538269000,,-239791010,,-549029000,-1213065000,325204000,,325204000,,324027000,-70111000,852000,253916000,-43268000,,,,210648000,209796000,-423997000,0,0,-248000,-1177000,69312000,-70489000,-54628000,-15483000,,1160.46,1150.36,,,,,,,,,,,,,,325204000,325204000,214634640,
2018-12-31,yearly,2320269000,-884569000,1435700000,,-243704990,,-640469000,-1309475000,126225000,,126225000,,86723000,-26080000,1095000,60643000,0,,,,60643000,59548000,-424784000,0,0,-517000,-39502000,42580000,-82082000,-42003000,15923000,,364.4,361.4,,,,,,,,,,,,,,126225000,126225000,83308496,
2017-12-31,yearly,2227330000,-863475970,1363854000,,-227484000,,-758456000,-1220255000,143599010,,143599010,,104152000,-10894000,277000,93258000,0,,,,93258000,92981000,-234246000,0,0,-69000,-39447000,50643000,-90090000,-26743000,15849000,,570.8,566.2,,,,,,,,,,,,,,143599010,143599010,94775336,
2016-12-31,yearly,2183786000,-876778000,1307008000,,-204532000,,-686405000,-1094755000,212252990,,212252990,,175520990,-23252000,-389000,152268990,0,,,,152268990,152658000,-203818000,0,0,0,-36732000,74251000,-110983000,-38260000,15008000,,930.0,930.0,,,,,,,,,,,,,,212252990,212252990,140086980,
2015-12-31,yearly,1908737000,-706469000,1202268000,,-187276990,,-634378000,-973960000,228308000,,228308000,,254834000,-59888000,-583000,194946000,0,,,,194946000,195528990,-152230000,0,0,-75000,26526000,121165000,-94639000,-69250000,9362000,,1200.0,1190.0,,,,,,,,,,,,,,228308000,228308000,150683280,
2014-12-31,yearly,1772447000,-599159000,1173287900,,-114376000,,-579512000,-826211970,347076000,,347076000,,360257980,-97460000,-162000,262798000,0,,,,262798000,262960000,-131741000,0,0,-583000,13182000,71008000,-57826000,-96957000,-503000,,1610.0,1590.0,,,,,,,,,,,,,,347076000,347076000,229070160,
2013-12-31,yearly,1611794000,-541296000,1070498000,,-95809000,,-547737000,-751474000,319024000,,319024000,,316367000,-93267000,588000,223100000,0,,,,223100000,222512000,-107432000,0,0,-496000,-2657000,40459000,-43116000,-90277000,-2990000,,1370.0,1340.0,,,,,,,,,,,,,,319024000,319024000,210555840,
2012-12-31,yearly,1413976100,-456820000,957155970,,-82875000,,-489403000,-660336000,296820000,,296820000,,288197000,-81049000,0,207148000,0,,,,207148000,207148000,-88058000,0,0,0,-8623000,45415000,-54038000,-89958000,8909000,,1290.0,1250.0,,,,,,,,,,,,,,296820000,296820000,195901200,
2011-12-31,yearly,1279160100,-412145980,867014000,,-78176000,,-475921980,-640815000,226199010,,226199010,,208452000,-39069000,480000,169383010,0,,,,169383010,168903010,-86717000,0,0,0,-17747000,40527000,-58274000,-41179000,2110000,,1070.0,1020.0,,,,,,,,,,,,,,226199010,226199010,149291340,
2010-12-31,yearly,1129475000,-377449980,752025000,,-71819000,,-397312000,-540355970,211668990,,211668990,,161939010,-24411000,-335000,137528000,0,,,,137528000,137863010,-71225000,0,0,0,-49730000,18442000,-68172000,-31084000,6673000,,4410.0,4190.0,,,,,,,,,,,,,,211668990,211668990,139701540,
