endDate,type,totalRevenue,costOfRevenue,grossProfit,researchDevelopment,sellingGeneralAdministrative,nonRecurring,otherOperatingExpenses,totalOperatingExpenses,operatingIncome,totalOtherIncomeExpenseNet,ebit,interestExpense,incomeBeforeTax,incomeTaxExpense,minorityInterest,netIncomeFromContinuingOps,discontinuedOperations,extraordinaryItems,effectOfAccountingCharges,otherItems,netIncome,netIncomeApplicableToCommonShares,salesExpenses,lossesDueToNonRecoverabilityOfAssets,otherOperatingIncome,equityIncomeResult,financialResult,financialIncome,financialExpenses,currentTaxes,deferredTaxes,incomeBeforeStatutoryParticipationsAndContributions,basicEarningsPerCommonShare,dilutedEarningsPerCommonShare,basicEarningsPerPreferredShare,profitSharingAndStatutoryContributions,dilutedEarningsPerPreferredShare,claimsAndOperationsCosts,administrativeCosts,otherOperatingIncomeAndExpenses,earningsPerShare,basicEarningsPerShare,dilutedEarningsPerShare,insuranceOperations,reinsuranceOperations,complementaryPensionOperations,capitalizationOperations,cleanEbit,cleanEbitda,cleanNopat,cleanNetIncome
2025-12-31,yearly,142369540000,-133010700000,9358841000,,-2249413000,,0,-4379578000,4979263000,,4979263000,,3811909000,-1063689000,88055000,2748220000,-206312000,,,,2541908000,2453853000,-2517894000,0,454233980,-66505000,-1167354000,1580842000,-2748196000,-1054797000,-8892000,,2289.6,2240.7,0,,0,,,,,,,,,,,4979263000,4979263000,3286313500,
2024-12-31,yearly,133498910000,-123811890000,9687020000,,-1872092000,,-414092000,-4743569000,4943451000,,4943451000,,4011517000,-1485617000,163160000,2525900000,0,,,,2525900000,2362740000,-2499547000,0,171836990,-129675000,-931934000,881074000,-1813008000,-1124664100,-360953000,,2143.8,2114.1,0,,0,,,,,,,,,,,4943451000,4943451000,3262677800,
2023-12-31,yearly,126048700000,-116730470000,9318232000,,-2018159000,,-602865000,-4740407000,4577825000,,4577825000,,3578695000,-1060942000,77958000,2517753000,0,,,,2517753000,2439795000,-2253226000,0,121935000,11908000,-999130000,880883970,-1880014000,-1396317000,335375000,,2227.2,2208.1,0,,0,,,,,,,,,,,4577825000,4577825000,3021364500,
2022-12-31,yearly,143634710000,-136276255000,7358451000,,-1534481000,,-514521980,-4009518000,3348933000,,3348933000,,1879725000,-341513980,39230000,1538211000,301857980,,,,1840069000,1800839000,-2141985000,0,169288990,12181000,-1469208100,706689000,-2175897000,-637973000,296459000,,1649.1,1639.1,0,,0,,,,,,,,,,,3348933000,3348933000,2210295800,
2021-12-31,yearly,109732840000,-104827970000,4904876000,,-1466551000,,-349670020,-3135496000,1769380000,,1769380000,,1006648000,-188034000,33415000,818614000,65264000,,,,883878000,850463000,-1931666000,0,630025000,-17634000,-762732030,460153980,-1222886000,-430280000,242246000,,779.9,775.3,0,,0,,,,,,,,,,,1769380000,1769380000,1167790800,
2020-12-31,yearly,81241104000,-75628220000,5612888000,,-1536580000,,0,-3844450000,1768438000,,1768438000,,1499064100,-571367000,34314000,927697000,0,,,,927697000,893383000,-2561797000,0,297544000,-43617000,-269374020,527710020,-797084030,-659306000,87939000,,821.8,817.0,0,,0,,,,,,,,,,,1768438000,1768438000,1167169000,
2019-12-31,yearly,89297980000,-83187106000,6110866000,,-1726253000,,0,-4822459000,1288407000,,1288407000,,781553000,-378609000,29418000,402944000,0,,,,402944000,373526020,-2640387000,-593280000,149606000,-12145000,-506854020,457289000,-964143000,-476073980,97465000,,343.8,342.2,0,,0,,,,,,,,,,,1288407000,1288407000,850348600,
2018-12-31,yearly,90697980000,-84537370000,6160615000,,-1625839000,,0,-4276040000,1884575000,,1884575000,,1771039000,-638719000,-18101000,1132320000,0,,,,1132320000,1150421000,-2670867000,0,35445000,-14779000,-113536000,681235000,-794771000,-476302020,-162416990,,2122.3,2108.3,0,,0,,,,,,,,,,,1884575000,1884575000,1243819500,
2017-12-31,yearly,80007420000,-72735785000,7271641000,,-1576528000,,0,-4384048000,2887593000,,2887593000,,2413297000,-839429000,-438000,1573868000,0,,,,1573868000,1574306000,-2885311000,0,57118000,20673000,-474296000,585101000,-1059397000,-922458000,83029000,,2905.6,2884.7,0,,0,,,,,,,,,,,2887593000,2887593000,1905811300,
2016-12-31,yearly,77352950000,-70342720000,7010232000,,-1445859000,,0,-3897046000,3113186000,,3113186000,,2270610000,-699992000,9033000,1570618000,0,,,,1570618000,1561585000,-2651501000,0,192838000,7476000,-842576000,513243000,-1355819000,-800497000,100505000,,2884.4,2862.6,0,,0,,,,,,,,,,,3113186000,3113186000,2054702700,
2015-12-31,yearly,75655274000,-68933706000,6721572000,,-1321341000,,0,-3770926000,2950646000,,2950646000,,2247308000,-734336000,9506000,1512972000,0,,,,1512972000,1503466000,-2516561000,0,77860000,-10884000,-703338000,426429000,-1129767000,-719523000,-14813000,,2764.9,2743.3,0,,0,,,,,,,,,,,2950646000,2950646000,1947426300,
2014-12-31,yearly,67736297000,-62304633000,5431667000,,-1130303000,,0,-3161559000,2270108000,,2270108000,,1824701000,-573488000,9650000,1251213000,0,,,,1251213000,1241563000,-2158659000,0,143892000,-16489000,-445407000,366009000,-811416000,-551743000,-21745000,,2275.3,2259.2,0,,0,,,,,,,,,,,2270108000,2270108000,1498271200,
2013-12-31,yearly,60940247000,-56165380000,4774864000,,-1012316030,,0,-2635824100,2139040000,,2139040000,,1801435000,-572722000,3570000,1228713000,0,,,,1228713000,1225143000,-1756376100,0,137860990,-4993000,-337605000,240562000,-578167000,-481726020,-90996000,,2293.8,2284.0,0,,0,,,,,,,,,,,2139040000,2139040000,1411766400,
2012-12-31,yearly,53919425000,-49797200000,4122224100,,-913389000,,0,-2413108000,1709116000,,1709116000,,1446620000,-428756000,6855000,1017864000,0,,,,1017864000,1011009000,-1581501000,0,81592000,190000,-262496000,218060990,-480557000,-321510020,-107246000,,1893.3,1885.6,0,,0,,,,,,,,,,,1709116000,1709116000,1128016500,
2011-12-31,yearly,48661303000,-45139600000,3521703000,,-793224000,,0,-2069511900,1452191000,,1452191000,,1155687000,-300900000,6023000,854787000,0,,,,854787000,848764030,-1349880100,0,73400000,192000,-296504000,322372000,-618876030,-215048990,-85851000,,1590.0,1580.0,1590,,1580,,,,,,,,,,,1452191000,1452191000,958446100,
2010-12-31,yearly,42481713000,-39322886000,3158824000,,-759679000,,0,-1913307000,1245517000,,1245517000,,981431000,-295214020,-117000,686217000,78969000,,,,765186000,765303000,-1164422000,0,10790000,4000,-264086000,266964990,-531051000,-160490000,-134724000,,1430.0,1430.0,1430,,1430,,,,,,,,,,,1245517000,1245517000,822041200,
