endDate,type,totalRevenue,costOfRevenue,grossProfit,researchDevelopment,sellingGeneralAdministrative,nonRecurring,otherOperatingExpenses,totalOperatingExpenses,operatingIncome,totalOtherIncomeExpenseNet,ebit,interestExpense,incomeBeforeTax,incomeTaxExpense,minorityInterest,netIncomeFromContinuingOps,discontinuedOperations,extraordinaryItems,effectOfAccountingCharges,otherItems,netIncome,netIncomeApplicableToCommonShares,salesExpenses,lossesDueToNonRecoverabilityOfAssets,otherOperatingIncome,equityIncomeResult,financialResult,financialIncome,financialExpenses,currentTaxes,deferredTaxes,incomeBeforeStatutoryParticipationsAndContributions,basicEarningsPerCommonShare,dilutedEarningsPerCommonShare,basicEarningsPerPreferredShare,profitSharingAndStatutoryContributions,dilutedEarningsPerPreferredShare,claimsAndOperationsCosts,administrativeCosts,otherOperatingIncomeAndExpenses,earningsPerShare,basicEarningsPerShare,dilutedEarningsPerShare,insuranceOperations,reinsuranceOperations,complementaryPensionOperations,capitalizationOperations,cleanEbit,cleanEbitda,cleanNopat,cleanNetIncome
2025-12-31,yearly,26263450000,-24079522000,2183929000,,-742065000,,-2846558000,-3547815000,-1363886000,,-1363886000,,-1480755000,-1429279000,168158000,-2910034000,0,,,,-2910034000,-3078192100,-524545000,0,264308000,301045000,-116869000,0,0,-145004990,-1284274000,,-2500,-2500,-2500,,-2500,,,,,,,,,,,-1363886000,-1363886000,-900164740,
2024-12-31,yearly,25869800000,-24209863000,1659936000,,-651024000,,-552739000,-1160359900,499576000,,499576000,,-95584000,98946000,149308000,3362000,0,,,,3362000,-145946000,-420001000,0,167548990,295855000,-595160000,0,0,-68575000,167520990,,-120,-120,-120,,-120,,,,,,,,,,,499576000,499576000,329720160,
2023-12-31,yearly,27638348000,-25850518000,1787830000,,-634021000,,-389297000,-988394000,799436030,,799436030,,1165825000,474543000,249442000,1640368000,0,,,,1640368000,1390926000,-500195000,0,266120000,268999000,366389000,0,0,-235440990,709984000,,1080,1080,1190,,1190,,,,,,,,,,,799436030,799436030,527627740,
2022-12-31,yearly,32470510000,-26790834000,5679675000,,-588807000,,-2264318000,-3013254000,2666421000,,2666421000,,3278914000,-1186025000,477351000,2092889000,0,,,,2092889000,1615538000,-629494000,0,248440000,220924990,612493000,0,0,-653386000,-532639000,,1260,1260,1380,,1380,,,,,,,,,,,2666421000,2666421000,1759837800,
2021-12-31,yearly,33736964000,-22462636000,11274328000,,-503113980,,-1237844000,216134000,11490462000,,11490462000,,12336278000,-2276323000,989430000,10059954000,0,,,,10059954000,9070524000,-570675000,0,2308979000,218788000,845815000,0,0,-2332338000,56015000,,7070,7070,7780,,7780,,,,,,,,,,,11490462000,11490462000,7583705000,
2020-12-31,yearly,16088052000,-12831522000,3256530000,,-426764000,,-108364000,-328065000,2928465000,,2928465000,,1845973000,-554230000,618953000,1291743000,0,,,,1291743000,672790000,-398385000,0,445689000,159759010,-1082492000,0,0,-684614000,130384000,,520,520,580,,580,,,,,,,,,,,2928465000,2928465000,1932787000,
2019-12-31,yearly,14948719000,-13074129000,1874590000,,-426905000,,-1174164000,-922079000,952511000,,952511000,,442672000,-65981000,163426000,376691000,0,,,,376691000,213264990,-288515000,0,786770000,180735010,-509839000,0,0,-138960000,72979000,,170,170,180,,180,,,,,,,,,,,952511000,952511000,628657300,
2018-12-31,yearly,13736780000,-11521694000,2215086000,,-440022020,,-1690756000,-1072815000,1142271000,,1142271000,,1235316000,-406621000,102037000,828695000,0,,,,828695000,726658000,-337404000,0,1135017000,260350000,93045000,0,0,-98228000,-308393000,,570,570,620,,620,,,,,,,,,,,1142271000,1142271000,753898900,
2017-12-31,yearly,10734118000,-9099024000,1635094000,,-404393000,,-1166710000,-751224000,883870000,,883870000,,420950020,-105870000,82065000,315080000,0,,,,315080000,233015010,-250950000,0,915933000,154896000,-462920000,0,0,-59038000,-46832000,,180,180,200,,200,,,,,,,,,,,883870000,883870000,583354200,
2016-12-31,yearly,8454200000,-7966878000,487321980,,-354217980,,-1072563000,-708914000,-221592000,,-221592000,,-251748000,-325095000,93109000,-576843000,0,,,,-576843000,-669952000,-272731000,0,847737000,142860990,-30156000,0,0,-17951000,-307144000,,-600,-600,-600,,-600,,,,,,,,,,,-221592000,-221592000,-146250720,
2015-12-31,yearly,10185570000,-10013018000,172552000,,-440121000,,-3582497000,-3801758000,-3629206000,,-3629206000,,-4874899000,1189922000,-448872000,-3684977000,0,,,,-3684977000,-3236105000,-258140990,0,383419000,95582000,-1245693000,0,0,-17282000,1207204000,,-3280,-3280,-3280,,-3280,,,,,,,,,,,-3629206000,-3629206000,-2395276000,
2014-12-31,yearly,11741629000,-10704864000,1036765000,,-501549000,,-535005000,-330017000,706748030,,706748030,,183916990,24562000,78927000,208479010,0,,,,208479010,129552000,-290929980,0,813687000,183780000,-522831000,0,0,-19425000,43987000,,130,130,140,,140,,,,,,,,,,,706748030,706748030,466453660,
2013-12-31,yearly,12829467000,-11353663000,1475803000,,-567982000,,-666453000,-774923000,700880000,,700880000,,-194328990,211120000,158468990,16791000,0,,,,16791000,-141678000,-336443000,0,614754000,181200990,-895209000,0,0,-268044000,479164000,,-140,-140,-140,,-140,,,,,,,,,,,700880000,700880000,462580800,
2012-12-31,yearly,12708799000,-12048300000,660499000,,-488447000,,-362566020,-798974000,-138475010,,-138475010,,-641106000,109806000,108274000,-531300000,0,,,,-531300000,-639574000,-372937000,0,363808000,61168000,-502631000,0,0,-168316000,278121980,,-620,-620,-680,,-680,,,,,,,,,,,-138475010,-138475010,-91393496,
2011-12-31,yearly,11901959000,-10607791000,1294168100,,-510319000,,64095000,-601349000,692819000,,692819000,,642803970,-113752000,171056000,529052000,-124919000,,,,404133000,233076990,-458568000,0,236476000,66967000,-50015000,0,0,-340583000,226831010,,230,230,250,,250,,,,,,,,,,,692819000,692819000,457260540,
2010-12-31,yearly,12962395000,-10431539000,2530856000,,-527222020,,100568000,-392508000,2138348000,,2138348000,,2151575000,-567925000,11810000,1583650000,0,,,,1583650000,1571840000,-374254020,0,172515010,235884990,13227000,0,0,0,0,,1520,1520,1670,,1670,,,,,,,,,,,2138348000,2138348000,1411309700,
