endDate,type,totalRevenue,costOfRevenue,grossProfit,researchDevelopment,sellingGeneralAdministrative,nonRecurring,otherOperatingExpenses,totalOperatingExpenses,operatingIncome,totalOtherIncomeExpenseNet,ebit,interestExpense,incomeBeforeTax,incomeTaxExpense,minorityInterest,netIncomeFromContinuingOps,discontinuedOperations,extraordinaryItems,effectOfAccountingCharges,otherItems,netIncome,netIncomeApplicableToCommonShares,salesExpenses,lossesDueToNonRecoverabilityOfAssets,otherOperatingIncome,equityIncomeResult,financialResult,financialIncome,financialExpenses,currentTaxes,deferredTaxes,incomeBeforeStatutoryParticipationsAndContributions,basicEarningsPerCommonShare,dilutedEarningsPerCommonShare,basicEarningsPerPreferredShare,profitSharingAndStatutoryContributions,dilutedEarningsPerPreferredShare,claimsAndOperationsCosts,administrativeCosts,otherOperatingIncomeAndExpenses,earningsPerShare,basicEarningsPerShare,dilutedEarningsPerShare,insuranceOperations,reinsuranceOperations,complementaryPensionOperations,capitalizationOperations,cleanEbit,cleanEbitda,cleanNopat,cleanNetIncome
2025-12-31,yearly,213595000000,-138887000000,74708000000,,-3566000100,,-12856001000,-42739000000,31969000000,,31969000000,,26693000000,-14882000000,-2003000100,11811000000,0,,,,11811000000,13814000000,0,-25147000000,0,-1170000000,-5276000300,2803000000,-8079000000,264000000,-15146000000,,0.0,0.0,3240.0,,3230.0,,,,,,,,,,,31969000000,31969000000,21099540000,
2024-12-31,yearly,206005000000,-131318000000,74687000000,,-3397000000,,-14771000000,-19228000000,55459000000,,55459000000,,34224001000,-3793000000,-1160999900,30431000000,0,,,,30431000000,31592000000,0,510000000,0,-1570000000,-21235000000,2281000000,-23516000000,-10595000000,6802000000,,0.0,0.0,7390.0,,7380.0,,,,,,,,,,,55459000000,55459000000,36602940000,
2023-12-31,yearly,208066000000,-120016000000,88050000000,,-2758000100,,-13269000000,-22778000000,65272000000,,65272000000,,55554000000,-15000001000,614000000,40554000000,0,,,,40554000000,39940000000,0,-1316999900,0,-5434000000,-9718000000,2159000000,-11877000000,-6869000000,-8131000000,,0.0,0.0,9150.0,,9150.0,,,,,,,,,,,65272000000,65272000000,43079520000,
2022-12-31,yearly,226508000000,124195000000,102313000000,,-2657999900,,-14778000000,-11987000000,90326000000,,90326000000,,101704000000,-15185000000,413000000,86519000000,9818000000,,,,96337000000,95924000000,0,3833000000,0,1616000000,11378000000,2685000000,8693000000,-10259000000,-4926000000,,0.0,0.0,20670.0,,20670.0,,,,,,,,,,,90326000000,90326000000,59615160000,
2021-12-31,yearly,293524000000,-117267000000,176257000000,,-2601000000,,-23022000000,-34922000000,141335000000,,141335000000,,159147000000,-25320000000,115000000,133827000000,-12484000000,,,,121343000000,121228000000,0,-2352000000,0,-6947000000,17812000000,1822000000,15990000000,-30079000000,4759000000,,0.0,0.0,24180.0,,24180.0,,,,,,,,,,,141335000000,141335000000,93281100000,
2020-12-31,yearly,208528750000,-98567496000,109961265000,,-2856913000,,-37782010000,-57893646000,52067620000,,52067620000,,27926989000,-3024647000,-1810372000,24902340000,0,,,,24902340000,26712713000,0,-11818792000,0,-5435930000,-24140630000,1921828000,-26062459000,-17828012000,14803365000,,0.0,0.0,5210.0,,5210.0,,,,,,,,,,,52067620000,52067620000,34364630000,
2019-12-31,yearly,148639920000,-83835560000,64804356000,,-1924308000,,-37194002000,-62564580000,2239775000,,2239775000,,-11205011000,2508971000,-2024595000,-8696040000,0,,,,-8696040000,-6671445000,0,-20762370000,0,-2683903000,-13444786000,2091692000,-15536478000,-5985191000,8494162000,,0.0,0.0,-1290.0,,-1290.0,,,,,,,,,,,2239775000,2239775000,1478251500,
2018-12-31,yearly,134483124000,-81200910000,53282222000,,-1916765000,,-3972769000,-10106478000,43175743000,,43175743000,,25118224000,965980030,117242000,26084205000,-310437000,,,,25773769000,25656527000,0,-3523458000,0,-693486000,-18057520000,1549087000,-19606606000,-2806055000,3772035000,,0.0,0.0,4950.0,,4950.0,,,,,,,,,,,43175743000,43175743000,28495990000,
2017-12-31,yearly,108532020000,-67257310000,41274712000,,-1697525000,,-4408415000,-6741033000,34533680000,,34533680000,,24884148000,-4606567000,42791000,20277582000,-2607589000,,,,17669992000,17627202000,0,-1603866000,666955000,301817980,-9649530000,11073606000,-20723137000,-2663967000,-1942599900,,3390.0,3390.0,3390.0,,3390.0,,,,,,,,,,,34533680000,34533680000,22792227000,
2016-12-31,yearly,94633260000,-61143430000,33489834000,,-1754530000,,-3606417000,-8417100000,25072734000,,25072734000,,27021955000,-9566080000,-14959000,17455876000,-4159380000,,,,13296496000,13311455000,0,-4167168000,0,1111015000,1949222000,27657490000,-25708268000,-3306500000,-6259580000,,2580.0,2580.0,2580.0,,2580.0,,,,,,,,,,,25072734000,25072734000,16548005000,
2015-12-31,yearly,85499180000,-68657734000,16841450000,,-2142806000,,-5249843000,-45178590000,-28337140000,,-28337140000,,-64875573000,18878951000,-1784435000,-45996620000,0,,,,-45996620000,-44212187000,0,-36279490000,0,-1506450000,-36538434000,26167310000,-62705746000,-1347423000,20226376000,,-8580.0,-8580.0,-8580.0,,8580.0,,,,,,,,,,,-28337140000,-28337140000,-18702512000,
2014-12-31,yearly,88274570000,-59085906000,29188660000,,-2399982000,,-6929791000,-11616062000,17572598000,,17572598000,,2819435000,-2599847000,-734796030,219588000,0,,,,219588000,954384000,-203459010,-2783737000,-440774020,1141681000,-14753163000,8667498000,-23420662000,-2352120000,-247727010,,185.2,185.2,185.2,,185.2,,,,,,,,,,,17572598000,17572598000,11597915000,
2013-12-31,yearly,101489750000,-52510640000,48979108000,,-2586872000,,-7840110000,-15542394000,33436715000,,33436715000,,14993483000,-15247845000,-373055000,-254362000,-3602000,,,,-257964000,115091000,-217128000,-5389114000,-508000000,998830000,-18443231000,5794798000,-24238030000,-17367505000,2119660000,,20.0,20.0,20.0,,20.0,,,,,,,,,,,33436715000,33436715000,22068232000,
2012-12-31,yearly,93511480000,-51997385000,41514100000,,-3818072000,,-11163807000,-26517907000,14996191000,,14996191000,,6591084000,2641850000,-500761980,9232934000,0,,,,9232934000,9733695000,-563149000,-12213468000,0,1240589000,-8405107000,2619345000,-11024452000,0,0,,1910.0,1910.0,1910.0,,1910.0,,,,,,,,,,,14996191000,14996191000,9897486000,
2011-12-31,yearly,103195410000,-40488870000,62706536000,,-3591498000,,-7815002000,-9619113000,53087425000,,53087425000,,46464877000,-9064654000,-413499000,37400224000,0,,,,37400224000,37813723000,-653261000,0,2492175000,-51527000,-6622546000,4650317000,-11272863000,0,0,,7170.0,9830.0,7170.0,,9980.0,,,,,,,,,,,53087425000,53087425000,35037700000,
2010-12-31,yearly,83225010000,-33756068000,49468940000,,-2622967000,,-5209771000,-9026682000,40442257000,,40442257000,,37678860000,-7035659000,351441000,30643200000,-221708000,,,,30421492000,30070050000,-577965000,0,-567898000,-48081000,-2763399000,3136296000,-5899695000,0,0,,5660.0,6100.0,5660.0,,6100.0,,,,,,,,,,,40442257000,40442257000,26691891000,
