endDate,type,totalRevenue,costOfRevenue,grossProfit,researchDevelopment,sellingGeneralAdministrative,nonRecurring,otherOperatingExpenses,totalOperatingExpenses,operatingIncome,totalOtherIncomeExpenseNet,ebit,interestExpense,incomeBeforeTax,incomeTaxExpense,minorityInterest,netIncomeFromContinuingOps,discontinuedOperations,extraordinaryItems,effectOfAccountingCharges,otherItems,netIncome,netIncomeApplicableToCommonShares,salesExpenses,lossesDueToNonRecoverabilityOfAssets,otherOperatingIncome,equityIncomeResult,financialResult,financialIncome,financialExpenses,currentTaxes,deferredTaxes,incomeBeforeStatutoryParticipationsAndContributions,basicEarningsPerCommonShare,dilutedEarningsPerCommonShare,basicEarningsPerPreferredShare,profitSharingAndStatutoryContributions,dilutedEarningsPerPreferredShare,claimsAndOperationsCosts,administrativeCosts,otherOperatingIncomeAndExpenses,earningsPerShare,basicEarningsPerShare,dilutedEarningsPerShare,insuranceOperations,reinsuranceOperations,complementaryPensionOperations,capitalizationOperations,cleanEbit,cleanEbitda,cleanNopat,cleanNetIncome
2025-12-31,yearly,189075000000,-179857000000,9218000000,,-1536000000,,168000000,-4392000000,4826000000,,4826000000,,2452000000,-473000000,-25000000,1979000100,0,,,,1979000100,2004000000,-3125000000,0,0,101000000,-2374000100,1020000000,-3393999900,-824000000,351000000,,1785.1,1775.8,,,,,,,,,,,,,,4826000000,4826000000,3185160000,
2024-12-31,yearly,172272000000,-164031000000,8241000000,,-999000000,,4124000000,528000000,8769000000,,8769000000,,8538000000,-2171000000,0,6367000000,0,,,,6367000000,6367000000,-2697000000,0,0,100000000,-231000000,1776999900,-2008000000,-2295000000,124000000,,5710.4,5681.6,,,,,,,,,,,,,,8769000000,8769000000,5787540000,
2023-12-31,yearly,162947000000,-154586000000,8361000000,,-804000000,,2795000000,-818000000,7543000000,,7543000000,,6459000000,-1692999900,0,4766000000,0,,,,4766000000,4766000000,-2773000000,0,0,-36000000,-1084000000,938000000,-2022000000,-1812999900,120000000,,4256.1,4244.5,,,,,,,,,,,,,,7543000000,7543000000,4978380000,
2022-12-31,yearly,181446000000,-173957000000,7489000000,,-743000000,,-143000000,-3528000000,3961000000,,3961000000,,1930000000,-393000000,0,1536999900,0,,,,1536999900,1536999900,-2638000100,0,0,-4000000,-2031000100,697000000,-2728000000,-711000000,318000000,,1372.6,1371.3,,,,,,,,,,,,,,3961000000,3961000000,2614260000,
2021-12-31,yearly,130121000000,-123270000000,6851000000,,-634000000,,-1060000000,-4245000000,2606000100,,2606000100,,3174000100,-677000000,0,2497000000,0,,,,2497000000,2497000000,-2663000000,0,0,112000000,568000000,1643000100,-1075000100,-867000000,190000000,,2162.5,2161.1,,,,,,,,,,,,,,2606000100,2606000100,1719959900,
2020-12-31,yearly,81501000000,-77044000000,4457000000,,-457000000,,2849000000,109000000,4566000000,,4566000000,,4830000000,-925000000,0,3905000000,0,,,,3905000000,3905000000,-2292000000,0,0,9000000,264000000,450000000,-186000000,-931000000,6000000,,3351.9,3351.7,,,,,,,,,,,,,,4566000000,4566000000,3013560000,
2019-12-31,yearly,94985000000,-89027000000,5958000000,,-868000000,,-722000000,-4605000000,1352999900,,1352999900,,3303000000,-1092000000,0,2211000000,0,,,,2211000000,2211000000,-3017000000,0,0,2000000,1950000000,2528000000,-578000000,-1014000000,-78000000,,1900.0,1900.0,,,,,,,,,,,,,,1352999900,1352999900,892979970,
2018-12-31,yearly,97770000000,-91914000000,5856000000,,-786000000,,244000000,-3470000100,2385999900,,2385999900,,4809000000,-1616000000,0,3193000000,0,,,,3193000000,3193000000,-2927000000,0,0,-1000000,2423000000,2959000000,-536000000,-126000000,-1490000000,,2740.0,2740.0,,,,,,,,,,,,,,2385999900,2385999900,1574759900,
2017-12-31,yearly,84567000000,-78200000000,6367000000,,-835000000,,-456000000,-4245000000,2122000000,,2122000000,,1564999900,-414000000,0,1151000100,0,,,,1151000100,1151000100,-2952000000,0,0,-2000000,-557000000,376000000,-933000000,-196000000,-218000000,,990.0,990.0,,,,,,,,,,,,,,2122000000,2122000000,1400519900,
2016-12-31,yearly,86637000000,-80172000000,6465000000,,-828000000,,-1806000000,-6480000000,-15000000,,-15000000,,-637000000,322000000,0,-315000000,0,,,,-315000000,-315000000,-3845000000,0,0,-1000000,-622000000,688000000,-1310000000,-307000000,629000000,,-270.0,-270.0,,,,,,,,,,,,,,-15000000,-15000000,-9900000,
