endDate,type,totalRevenue,costOfRevenue,grossProfit,researchDevelopment,sellingGeneralAdministrative,nonRecurring,otherOperatingExpenses,totalOperatingExpenses,operatingIncome,totalOtherIncomeExpenseNet,ebit,interestExpense,incomeBeforeTax,incomeTaxExpense,minorityInterest,netIncomeFromContinuingOps,discontinuedOperations,extraordinaryItems,effectOfAccountingCharges,otherItems,netIncome,netIncomeApplicableToCommonShares,salesExpenses,lossesDueToNonRecoverabilityOfAssets,otherOperatingIncome,equityIncomeResult,financialResult,financialIncome,financialExpenses,currentTaxes,deferredTaxes,incomeBeforeStatutoryParticipationsAndContributions,basicEarningsPerCommonShare,dilutedEarningsPerCommonShare,basicEarningsPerPreferredShare,profitSharingAndStatutoryContributions,dilutedEarningsPerPreferredShare,claimsAndOperationsCosts,administrativeCosts,otherOperatingIncomeAndExpenses,earningsPerShare,basicEarningsPerShare,dilutedEarningsPerShare,insuranceOperations,reinsuranceOperations,complementaryPensionOperations,capitalizationOperations,cleanEbit,cleanEbitda,cleanNopat,cleanNetIncome
2025-12-31,yearly,59595000000,-32925368000,26669631000,,-3771605000,,-731863000,-16810354000,9859278000,,9859278000,,7270943000,-1093400100,9637000,6177543000,0,,,,6177543000,6167906000,-13348112000,0,1059453000,-18227000,-2588335000,1840906000,-4429241000,-922987000,-170412990,,,,,,,,,,,,,,,,,9859278000,9859278000,6507123700,
2024-12-31,yearly,55845050000,-31352158000,24492890000,,-3205014000,,-321936000,-15819378000,8673512000,,8673512000,,6763809000,-1206477000,9384000,5557332000,0,,,,5557332000,5547948000,-12953799000,0,665722000,-4351000,-1909703000,1544273000,-3453976000,-752097000,-454380000,,,,,,,,,,,,,,,,,8673512000,8673512000,5724518000,
2023-12-31,yearly,52100150000,-29415400000,22684752000,,-2957296100,,-661739000,-14766926000,7917825000,,7917825000,,5573916000,-533939000,10588000,5039977000,0,,,,5039977000,5029389000,-12439240000,0,1302059000,-10710000,-2343909000,2042168100,-4386077000,-665499000,131560000,,,,,,,,,,,,,,,,,7917825000,7917825000,5225764400,
2022-12-31,yearly,48041160000,-27431680000,20609483000,,-2737600000,,-653686000,-14011571000,6597911000,,6597911000,,4831591000,-773689000,-27111000,4057902000,0,,,,4057902000,4085013000,-11839126000,0,1242583000,-23742000,-1766320000,2216198000,-3982518000,-1126498000,352809000,,,,,,,,,,,,,,,,,6597911000,6597911000,4354621400,
2021-12-31,yearly,44032614000,-24781370000,19251243000,,-2615905000,,-1066022000,-12165135000,7086109000,,7086109000,,5959529000,269828000,-10007000,6229357000,0,,,,6229357000,6239364000,-11594117000,0,2993647000,117262000,-1126580000,1310533000,-2437113000,-84661000,354489000,,,,,,,,,,,,,,,,,7086109000,7086109000,4676831700,
2020-12-31,yearly,43126473000,-22693083000,20433390000,,-2524993000,,-875025000,-13851726000,6581663000,,6581663000,,6008234000,-1237707000,0,4770527000,0,,,,4770527000,4770527000,-11871555000,0,1419113000,734000,-573429000,1351530000,-1924959000,-61427000,-1176280100,,,,,,,,,,,,,,,,,6581663000,6581663000,4343897600,
2019-12-31,yearly,44268170000,-22158946000,22109225000,,-2498096100,,-625480000,-14894548000,7214676000,,7214676000,,6394535000,-1393521000,0,5001014000,0,,,,5001014000,5001014000,-12701222000,0,929498000,752000,-820141000,1132870000,-1953011000,-101246000,-1292275000,,,,,,,,,,,,,,,,,7214676000,7214676000,4761686000,
2018-12-31,yearly,43462740000,-21025767000,22436973000,,-2598970000,,-1626081000,-12986636000,9450337000,,9450337000,,11277490000,-2349232100,0,8928258000,0,,,,8928258000,8928258000,-12832741000,0,4077003000,-5847000,1827153000,4112640000,-2285487000,-832485000,-1516747000,,,,,,,,,,,,,,,,,9450337000,9450337000,6237222400,
2017-12-31,yearly,43206832000,-20272530000,22934303000,,-2443105000,,-1186668000,-16300485000,6633817000,,6633817000,,5730773000,-1121983000,0,4608790000,0,,,,4608790000,4608790000,-13136474000,0,464182020,1580000,-903043970,1755958000,-2659002000,-580578000,-541405000,,,,,,,,,,,,,,,,,6633817000,6633817000,4378319400,
2016-12-31,yearly,42508460000,-20823013000,21685445000,,-2793386000,,-1037153000,-15316182000,6369263000,,6369263000,,5134722000,-1049480000,0,4085242000,0,,,,4085242000,4085242000,-12455366000,0,968479000,1244000,-1234541000,2781359000,-4015900000,-288063000,-761417000,,,,,,,,,,,,,,,,,6369263000,6369263000,4203713500,
2015-12-31,yearly,40286814000,-20345076000,19941738000,,-2142459000,,-1092444000,-14700105000,5241634000,,5241634000,,4393456000,-973207000,0,3420249000,0,,,,3420249000,3420249000,-12005477000,0,538239000,2036000,-848178000,4728665000,-5576843000,-939500030,-33707000,,,,,,,,,,,,,,,,,5241634000,5241634000,3459478500,
2014-12-31,yearly,34999968000,-17222674000,17777293000,,-1803803000,,-908365000,-12661325000,5115969000,,5115969000,,4753974000,182684990,0,4936659000,0,,,,4936659000,4936659000,-10466725000,0,510628000,6940000,-361995000,1983386000,-2345381000,-567014000,749699000,,,,,,,,,,,,,,,,,5115969000,5115969000,3376539600,
2013-12-31,yearly,34721900000,-17542167000,17179730000,,-2177891000,,-959354000,-12302606000,4877124000,,4877124000,,4662364000,-946419000,0,3715945000,0,,,,3715945000,3715945000,-9686170000,0,575959000,-55150000,-214760000,1748277000,-1963037000,-616895000,-329524000,,0.0,0.0,0.0,,0.0,,,,,,,,,,,4877124000,4877124000,3218901800,
2012-12-31,yearly,33931422000,-16564464000,17366958000,,-2148476000,,-1184175000,-10154669000,7212289000,,7212289000,,6921474000,-2469293000,-1392000,4452181000,0,,,,4452181000,4453573000,-8693697000,0,1871678000,0,-290815000,1281554000,-1572369000,-1628669000,-840624000,,3718.51,3718.51,4090.36,,4090.36,,,,,,,,,,,7212289000,7212289000,4760110600,
2011-12-31,yearly,29128740000,-14380171000,14748569000,,-2383236000,,-787704000,-8951203000,5797366000,,5797366000,,5657674000,-1295475000,6881000,4362199000,0,,,,4362199000,4355318000,-7010125000,0,1229862000,0,-139692000,1103359000,-1243051000,-1295475000,0,,4401.94,4401.94,4842.13,,4842.13,,,,,,,,,,,5797366000,5797366000,3826261500,
2010-12-31,yearly,15756144000,-8792898000,6963246000,,-1087043000,,-662808000,-3416519000,3546727000,,3546727000,,3425989000,-1027153000,0,2398836000,0,,,,2398836000,2398836000,-2550741000,0,881184000,2889000,-120738000,344353980,-465092000,-1027153000,0,,,,,,,,,,,,,,,,,3546727000,3546727000,2340840000,
