endDate,type,totalRevenue,costOfRevenue,grossProfit,researchDevelopment,sellingGeneralAdministrative,nonRecurring,otherOperatingExpenses,totalOperatingExpenses,operatingIncome,totalOtherIncomeExpenseNet,ebit,interestExpense,incomeBeforeTax,incomeTaxExpense,minorityInterest,netIncomeFromContinuingOps,discontinuedOperations,extraordinaryItems,effectOfAccountingCharges,otherItems,netIncome,netIncomeApplicableToCommonShares,salesExpenses,lossesDueToNonRecoverabilityOfAssets,otherOperatingIncome,equityIncomeResult,financialResult,financialIncome,financialExpenses,currentTaxes,deferredTaxes,incomeBeforeStatutoryParticipationsAndContributions,basicEarningsPerCommonShare,dilutedEarningsPerCommonShare,basicEarningsPerPreferredShare,profitSharingAndStatutoryContributions,dilutedEarningsPerPreferredShare,claimsAndOperationsCosts,administrativeCosts,otherOperatingIncomeAndExpenses,earningsPerShare,basicEarningsPerShare,dilutedEarningsPerShare,insuranceOperations,reinsuranceOperations,complementaryPensionOperations,capitalizationOperations,cleanEbit,cleanEbitda,cleanNopat,cleanNetIncome
2025-12-31,yearly,40804110000,-27122477000,13681633000,,-1513882000,,-1026739970,-5682892000,7998741000,,7998741000,,8147677000,-1371719000,399739000,6775958000,0,,,,6775958000,6376219000,-3353431000,0,222776990,-11616000,148936000,2322314000,-2173378000,-1270231000,-101488000,,1519.71,1519.4,,,,,,,,,,,,,,7998741000,7998741000,5279169000,
2024-12-31,yearly,37986943000,-25173096000,12813846000,,-1299421000,,-995183000,-5123317000,7690527700,,7690527700,,7908508000,-1589745000,276169980,6318763000,0,,,,6318763000,6042593000,-2987307000,0,163792000,-5198000,217980000,1942118000,-1724138000,-1611654000,21909000,,1440.26,1439.94,,,,,,,,,,,,,,7690527700,7690527700,5075748400,
2023-12-31,yearly,32503601000,-21702738000,10800864000,,-1044888000,,-1022971000,-4338739000,6462125000,,6462125000,,6590797000,-723182000,135944990,5867615000,0,,,,5867615000,5731670000,-2426459000,0,155466000,113000,128672000,1553649000,-1424977000,-1127937000,404755000,,1366.08,1365.77,,,,,,,,,,,,,,6462125000,6462125000,4265002500,
2022-12-31,yearly,29904722000,-21209235000,8695487000,,-872935000,,-753523000,-3643900000,5051587000,,5051587000,,5115642000,-842770000,64788000,4272872000,0,,,,4272872000,4208084000,-2164802000,0,147360000,0,64055000,1105994000,-1041939000,-885055000,42285000,,1002.88,1002.64,,,,,,,,,,,,,,5051587000,5051587000,3334047500,
2021-12-31,yearly,23563338000,-16602381000,6960957000,,-776007000,,-615557000,-2802614000,4158343000,,4158343000,,4330036000,-672556030,71533000,3657480000,0,,,,3657480000,3585947000,-1833204000,0,422153980,0,171692990,992739000,-821046000,-693854000,21298000,,854.59,854.47,,,,,,,,,,,,,,4158343000,4158343000,2744506400,
2020-12-31,yearly,17469557000,-12032050000,5437507000,,-654469000,,-510136000,-2621183000,2816324000,,2816324000,,2746649000,-350692000,55084000,2395957000,0,,,,2395957000,2340873000,-1506817000,0,46369000,3870000,-69675000,1020426000,-1090101000,-500449980,149758000,,1115.92,1115.45,,,,,,,,,,,,,,2816324000,2816324000,1858773900,
2019-12-31,yearly,13347434000,-9394166000,3953268000,,-548407000,,-344675000,-2105534000,1847734000,,1847734000,,1804451000,-171996000,17874000,1632455000,0,,,,1632455000,1614581000,-1253165000,0,30278000,10435000,-43283000,917382000,-960665000,-217098000,45102000,,769.78,769.31,,,,,,,,,,,,,,1847734000,1847734000,1219504400,
2018-12-31,yearly,11970090000,-8500816000,3469274000,,-566631000,,-282284000,-1962243000,1507031000,,1507031000,,1497542000,-153394000,5829000,1344148000,0,,,,1344148000,1338319000,-1139413000,0,22656000,3429000,-9489000,877674000,-887163000,-188184990,34791000,,638.15,637.76,,,,,,,,,,,,,,1507031000,1507031000,994640450,
2017-12-31,yearly,9523830000,-6765383000,2758447000,,-488681000,,-216206000,-1576035000,1182412000,,1182412000,,1240448000,-99506000,-1207000,1140942000,0,,,,1140942000,1142149000,-894353000,0,23205000,0,58036000,851852030,-793816000,-167680990,68175000,,707.89,707.67,,,,,,,,,,,,,,1182412000,1182412000,780391940,
2016-12-31,yearly,9367008000,-6731229000,2635779000,,-465383000,,-197248990,-1572105000,1063674000,,1063674000,,1279514000,-151682000,10208000,1127832100,0,,,,1127832100,1117624100,-924999000,0,15526000,0,215840000,816087000,-600247000,-245415010,93733000,,692.78,692.38,,,,,,,,,,,,,,1063674000,1063674000,702024830,
2015-12-31,yearly,9760323000,-6994735000,2765588000,,-458953000,,-226488990,-1607343000,1158245000,,1158245000,,1303728000,-137918000,9745000,1165810000,0,,,,1165810000,1156065000,-950252030,0,28351000,0,145483010,1345633000,-1200150000,-234116000,96198000,,716.69,716.15,,,,,,,,,,,,,,1158245000,1158245000,764441700,
2014-12-31,yearly,7840757000,-5356260000,2484497000,,-386112000,,-199464000,-1390145000,1094352000,,1094352000,,1227929000,-265612990,7590000,962316030,0,,,,962316030,954726000,-820471000,0,15902000,0,133577000,785503000,-651926000,-271583000,5970000,,1183.65,1182.73,,,,,,,,,,,,,,1094352000,1094352000,722272300,
2013-12-31,yearly,6828896300,-4592130000,2236766000,,-328863000,,-196223010,-1225013000,1011753000,,1011753000,,1084879000,-239575010,1837000,845304000,0,,,,845304000,843467000,-716358000,0,16431000,0,73126000,599974000,-526848000,-274859000,35284000,,1360.0,1360.0,,,,,,,,,,,,,,1011753000,1011753000,667757000,
2012-12-31,yearly,6173878000,-4293022000,1880856100,,-307201980,,-163856000,-1072445000,808411000,,808411000,,864102000,-199238000,8885000,664864000,0,,,,664864000,655979000,-619980030,0,18593000,0,55691000,460420000,-404729000,-228859010,29621000,,1060.0,1060.0,,,,,,,,,,,,,,808411000,808411000,533551260,
2011-12-31,yearly,5189409000,-3633358000,1556051000,,-259483010,,-141611010,-892926000,663125000,,663125000,,766126000,-159104990,20085000,607021000,0,,,,607021000,586936000,-508904000,0,17072000,0,103001000,499569980,-396569000,-182956000,23851000,,950.0,950.0,,,,,,,,,,,,,,663125000,663125000,437662500,
2010-12-31,yearly,4391973000,-3005021000,1386951900,,-262724000,,-109530000,-784315000,602637000,,602637000,,725752000,-192118000,13852000,533633980,0,,,,533633980,519782020,-434249000,0,20098000,2090000,123115000,348471000,-225356000,-158195010,-33923000,,840.0,840.0,,,,,,,,,,,,,,602637000,602637000,397740420,
