endDate,type,totalRevenue,costOfRevenue,grossProfit,researchDevelopment,sellingGeneralAdministrative,nonRecurring,otherOperatingExpenses,totalOperatingExpenses,operatingIncome,totalOtherIncomeExpenseNet,ebit,interestExpense,incomeBeforeTax,incomeTaxExpense,minorityInterest,netIncomeFromContinuingOps,discontinuedOperations,extraordinaryItems,effectOfAccountingCharges,otherItems,netIncome,netIncomeApplicableToCommonShares,salesExpenses,lossesDueToNonRecoverabilityOfAssets,otherOperatingIncome,equityIncomeResult,financialResult,financialIncome,financialExpenses,currentTaxes,deferredTaxes,incomeBeforeStatutoryParticipationsAndContributions,basicEarningsPerCommonShare,dilutedEarningsPerCommonShare,basicEarningsPerPreferredShare,profitSharingAndStatutoryContributions,dilutedEarningsPerPreferredShare,claimsAndOperationsCosts,administrativeCosts,otherOperatingIncomeAndExpenses,earningsPerShare,basicEarningsPerShare,dilutedEarningsPerShare,insuranceOperations,reinsuranceOperations,complementaryPensionOperations,capitalizationOperations,cleanEbit,cleanEbitda,cleanNopat,cleanNetIncome
2025-12-31,yearly,5521740000,-2181031000,3340709000,,-1381545000,,-68367000,-2453362000,887347000,,887347000,,139606000,40571000,-1314000,180176990,0,,,,180176990,181491010,-1044357000,0,40907000,0,-747741000,391742020,-1139483000,-20290000,60861000,,657.48,651.73,,,,,,,,,,,,,,887347000,887347000,585649000,
2024-12-31,yearly,5351785000,-2086676000,3265109000,,-1342673000,,4775000,-2347609000,917500030,,917500030,,302255000,38953000,-170000,341208000,0,,,,341208000,341377980,-1054972030,0,45261000,0,-615245000,299061000,-914306000,-7812000,46765000,,1171.64,1164.03,,,,,,,,,,,,,,917500030,917500030,605550000,
2023-12-31,yearly,5147562000,-2077284000,3070278000,,-1311414000,,-52442000,-2265711000,804567000,,804567000,,110269000,44382000,2307000,154651010,0,,,,154651010,152344000,-955088000,0,53233000,0,-694298000,308606020,-1002904000,-57616000,101998000,,523.87,523.87,,,,,,,,,,,,,,804567000,804567000,531014200,
2022-12-31,yearly,4564940000,-1982471900,2582468000,,-1041115000,,-33374000,-1965055000,617413000,,617413000,,-87213000,31769000,2800000,-55444000,0,,,,-55444000,-58244000,-951014000,0,60448000,0,-704626000,211504000,-916130000,-14409000,46178000,,-197.82,-197.82,,,,,,,,,,,,,,617413000,617413000,407492580,
2021-12-31,yearly,4391378000,-2002255000,2389123000,,-973187970,,-2599000,-1842531000,546592000,,546592000,,110629000,47542000,0,158171010,0,,,,158171010,158171010,-894994000,0,28250000,0,-435963000,247252990,-683216000,-6841000,54383000,,524.23,524.22,,,,,,,,,,,,,,546592000,546592000,360750720,
2020-12-31,yearly,3853737000,-1744913000,2108824100,,-895043970,,-7426000,-1752445000,356379000,,356379000,,4965000,93216000,0,98181000,0,,,,98181000,98181000,-859794000,0,9819000,0,-351414020,245988990,-597403000,-39808000,133024000,,326.11,325.87,,,,,,,,,,,,,,356379000,356379000,235210140,
2019-12-31,yearly,3565036000,-1520718000,2044318000,,-587065000,,-608000,-1144300000,900018000,,900018000,,657928000,-11788000,0,646140030,0,,,,646140030,646140030,-571639000,0,15012000,0,-242090000,99141000,-341231000,-49803000,38015000,,2150.56,2149.27,,,,,,,,,,,,,,900018000,900018000,594011900,
2018-12-31,yearly,3619377000,-1632812000,1986565000,,-614298000,,-56961000,-1214558000,772007000,,772007000,,653180030,-8307000,0,644873000,0,,,,644873000,644873000,-553046000,0,9747000,0,-118827000,92329000,-211156000,-57284000,48977000,,2113.58,2103.13,,,,,,,,,,,,,,772007000,772007000,509524600,
2017-12-31,yearly,3378979000,-1777113000,1601866000,,-598323970,,-16470000,-1058355000,543511000,,543511000,,432057980,-7468000,0,424590020,0,,,,424590020,424590020,-443561000,0,0,0,-111453000,117859000,-229312000,-41156000,33688000,,1374.64,1370.36,,,,,,,,,,,,,,543511000,543511000,358717250,
2016-12-31,yearly,3184505000,-1809042000,1375463000,,-538377000,,-1710000,-916371970,459091000,,459091000,,372793000,-4691000,0,368102020,0,,,,368102020,368102020,-376285000,0,0,0,-86298000,175138000,-261436000,-20811000,16120000,,1160.37,1159.53,,,,,,,,,,,,,,459091000,459091000,303000060,
2015-12-31,yearly,2939422000,-1660508000,1278914000,,-448184000,,0,-763019000,515895000,,515895000,,484235000,439000,0,484673980,0,,,,484673980,484673980,-335334020,0,20499000,0,-31660000,216127010,-247787010,-31187000,31626000,,1.53,1.53,,,,,,,,,,,,,,515895000,515895000,340490700,
2014-12-31,yearly,2404464100,-1375839000,1028625000,,-383873000,,0,-603982000,424643000,,424643000,,432905980,-7261000,0,425645000,0,,,,425645000,425645000,-238323010,0,18214000,0,8263000,109228000,-100965000,-24002000,16741000,,1.39,1.38,,,,,,,,,,,,,,424643000,424643000,280264380,
2013-12-31,yearly,1731010000,-1036536000,694474000,,-277864000,,0,-445929000,248544990,,248544990,,256736000,-12029000,0,244707010,0,,,,244707010,244707010,-183872000,0,15807000,0,8191000,61770000,-53579000,-13765000,1736000,,0.83,0.83,,,,,,,,,,,,,,248544990,248544990,164039700,
2012-12-31,yearly,1383288100,-877360000,505928000,,-217286000,,0,-357238020,148690000,,148690000,,114927000,-5240000,0,109687000,0,,,,109687000,109687000,-157783010,0,17831000,0,-33763000,22120000,-55883000,-3744000,-1496000,,1.33,1.31,,,,,,,,,,,,,,148690000,148690000,98135400,
2011-12-31,yearly,1148437000,-765535000,382902020,,-196895010,,-3454000,-302084000,80818000,,80818000,,75226000,-5071000,0,70155000,0,,,,70155000,70155000,-113829000,0,12094000,0,-5592000,23876000,-29468000,-1469000,-3602000,,0.85,0.81,,,,,,,,,,,,,,80818000,80818000,53339880,
2010-12-31,yearly,1016156030,-696957000,319199000,,-186976000,,-1027000,-259695010,59504000,,59504000,,73826000,6834000,0,80660000,0,,,,80660000,80660000,-83101000,0,11409000,0,14322000,30535000,-16213000,-6134000,12968000,,1.01,0.98,,,,,,,,,,,,,,59504000,59504000,39272640,
